ZIPƒtƒ@ƒCƒ‹–¼,o—Í”NŒ“úE,’n”Ô‹æˆæ,’n”Ô,’n”Ô‹æˆæi•MŠE–¢’è’n\¬’n”Ôj,’n”Ôi•MŠE–¢’è’n\¬’n”Ôj
19384-0900-1.zip,202202141041,’†‹–€ŒSº˜a’¬,–³’n”Ô-5,,
19384-0900-1.zip,202202141041,’†‹–€ŒSº˜a’¬,–³’n”Ô-9,,
19384-0900-1.zip,202202141041,’†‹–€ŒSº˜a’¬,–³’n”Ô-12,,
19384-0900-1.zip,202202141041,’†‹–€ŒSº˜a’¬,–³’n”Ô-14,,
19384-0900-1.zip,202202141041,’†‹–€ŒSº˜a’¬,–³’n”Ô-19,,
19384-0900-1.zip,202202141041,’†‹–€ŒSº˜a’¬,–³’n”Ô-22,,
19384-0900-1.zip,202202141041,’†‹–€ŒSº˜a’¬,–³’n”Ô-54,,
19384-0900-1.zip,202202141041,’†‹–€ŒSº˜a’¬,–³’n”Ô-60,,
19384-0900-1.zip,202202141041,’†‹–€ŒSº˜a’¬,–³’n”Ô-62,,
19384-0900-1.zip,202202141041,’†‹–€ŒSº˜a’¬,–³’n”Ô-64,,
19384-0900-1.zip,202202141041,’†‹–€ŒSº˜a’¬,–³’n”Ô-67,,
19384-0900-1.zip,202202141041,’†‹–€ŒSº˜a’¬,–³’n”Ô-68,,
19384-0900-1.zip,202202141041,’†‹–€ŒSº˜a’¬,–³’n”Ô-69,,
19384-0900-1.zip,202202141041,’†‹–€ŒSº˜a’¬,–³’n”Ô-71,,
19384-0900-1.zip,202202141041,’†‹–€ŒSº˜a’¬,’·‹·•¨•s–¾-13,,
19384-0900-1.zip,202202141041,’†‹–€ŒSº˜a’¬,’·‹·•¨•s–¾-343,,
19384-0900-1.zip,202202141041,’†‹–€ŒSº˜a’¬,’·‹·•¨•s–¾-347,,
19384-0900-1.zip,202202141041,’†‹–€ŒSº˜a’¬,’·‹·•¨•s–¾-349,,
19384-0900-1.zip,202202141041,’†‹–€ŒSº˜a’¬,’·‹·•¨•s–¾-353,,
19384-0900-1.zip,202202141041,’†‹–€ŒSº˜a’¬,’·‹·•¨•s–¾-359,,
19384-0900-1.zip,202202141041,’†‹–€ŒSº˜a’¬,’·‹·•¨•s–¾-363,,
19384-0900-1.zip,202202141041,’†‹–€ŒSº˜a’¬,’·‹·•¨•s–¾-377,,
19384-0900-1.zip,202202141041,’†‹–€ŒSº˜a’¬,’·‹·•¨•s–¾-378,,
19384-0900-1.zip,202202141041,’†‹–€ŒSº˜a’¬,’·‹·•¨•s–¾-380,,
19384-0900-1.zip,202202141041,’†‹–€ŒSº˜a’¬‰Ÿ‰z,181-1,,
19384-0900-1.zip,202202141041,’†‹–€ŒSº˜a’¬‰Ÿ‰z,181-2,,
19384-0900-1.zip,202202141041,’†‹–€ŒSº˜a’¬‰Ÿ‰z,182,,
19384-0900-1.zip,202202141041,’†‹–€ŒSº˜a’¬‰Ÿ‰z,183-1,,
19384-0900-1.zip,202202141041,’†‹–€ŒSº˜a’¬‰Ÿ‰z,183-2,,
19384-0900-1.zip,202202141041,’†‹–€ŒSº˜a’¬‰Ÿ‰z,183-3,,
19384-0900-1.zip,202202141041,’†‹–€ŒSº˜a’¬‰Ÿ‰z,183-4,,
19384-0900-1.zip,202202141041,’†‹–€ŒSº˜a’¬‰Ÿ‰z,184-1,,
19384-0900-1.zip,202202141041,’†‹–€ŒSº˜a’¬‰Ÿ‰z,184-2,,
19384-0900-1.zip,202202141041,’†‹–€ŒSº˜a’¬‰Ÿ‰z,184-3,,
19384-0900-1.zip,202202141041,’†‹–€ŒSº˜a’¬‰Ÿ‰z,184-4,,
19384-0900-1.zip,202202141041,’†‹–€ŒSº˜a’¬‰Ÿ‰z,184-6,,
19384-0900-1.zip,202202141041,’†‹–€ŒSº˜a’¬‰Ÿ‰z,184-10,,
19384-0900-1.zip,202202141041,’†‹–€ŒSº˜a’¬‰Ÿ‰z,184-12,,
19384-0900-1.zip,202202141041,’†‹–€ŒSº˜a’¬‰Ÿ‰z,185-1,,
19384-0900-1.zip,202202141041,’†‹–€ŒSº˜a’¬‰Ÿ‰z,185-2,,
19384-0900-1.zip,202202141041,’†‹–€ŒSº˜a’¬‰Ÿ‰z,185-3,,
19384-0900-1.zip,202202141041,’†‹–€ŒSº˜a’¬‰Ÿ‰z,185-4,,
19384-0900-1.zip,202202141041,’†‹–€ŒSº˜a’¬‰Ÿ‰z,186-1,,
19384-0900-1.zip,202202141041,’†‹–€ŒSº˜a’¬‰Ÿ‰z,186-2,,
19384-0900-1.zip,202202141041,’†‹–€ŒSº˜a’¬‰Ÿ‰z,187-1,,
19384-0900-1.zip,202202141041,’†‹–€ŒSº˜a’¬‰Ÿ‰z,187-2,,
19384-0900-1.zip,202202141041,’†‹–€ŒSº˜a’¬‰Ÿ‰z,187-3,,
19384-0900-1.zip,202202141041,’†‹–€ŒSº˜a’¬‰Ÿ‰z,187-4,,
19384-0900-1.zip,202202141041,’†‹–€ŒSº˜a’¬‰Ÿ‰z,188-1,,
19384-0900-1.zip,202202141041,’†‹–€ŒSº˜a’¬‰Ÿ‰z,188-2,,
19384-0900-1.zip,202202141041,’†‹–€ŒSº˜a’¬‰Ÿ‰z,189,,
19384-0900-1.zip,202202141041,’†‹–€ŒSº˜a’¬‰Ÿ‰z,190,,
19384-0900-1.zip,202202141041,’†‹–€ŒSº˜a’¬‰Ÿ‰z,212,,
19384-0900-1.zip,202202141041,’†‹–€ŒSº˜a’¬‰Ÿ‰z,215,,
19384-0900-1.zip,202202141041,’†‹–€ŒSº˜a’¬‰Ÿ‰z,216-1,,
19384-0900-1.zip,202202141041,’†‹–€ŒSº˜a’¬‰Ÿ‰z,216-2,,
19384-0900-1.zip,202202141041,’†‹–€ŒSº˜a’¬‰Ÿ‰z,216-3,,
19384-0900-1.zip,202202141041,’†‹–€ŒSº˜a’¬‰Ÿ‰z,217-1,,
19384-0900-1.zip,202202141041,’†‹–€ŒSº˜a’¬‰Ÿ‰z,217-2,,
19384-0900-1.zip,202202141041,’†‹–€ŒSº˜a’¬‰Ÿ‰z,217-3,,
19384-0900-1.zip,202202141041,’†‹–€ŒSº˜a’¬‰Ÿ‰z,218-1,,
19384-0900-1.zip,202202141041,’†‹–€ŒSº˜a’¬‰Ÿ‰z,218-2,,
19384-0900-1.zip,202202141041,’†‹–€ŒSº˜a’¬‰Ÿ‰z,219-1,,
19384-0900-1.zip,202202141041,’†‹–€ŒSº˜a’¬‰Ÿ‰z,219-2,,
19384-0900-1.zip,202202141041,’†‹–€ŒSº˜a’¬‰Ÿ‰z,220,,
19384-0900-1.zip,202202141041,’†‹–€ŒSº˜a’¬‰Ÿ‰z,221,,
19384-0900-1.zip,202202141041,’†‹–€ŒSº˜a’¬‰Ÿ‰z,222,,
19384-0900-1.zip,202202141041,’†‹–€ŒSº˜a’¬‰Ÿ‰z,223,,
19384-0900-1.zip,202202141041,’†‹–€ŒSº˜a’¬‰Ÿ‰z,224,,
19384-0900-1.zip,202202141041,’†‹–€ŒSº˜a’¬‰Ÿ‰z,225,,
19384-0900-1.zip,202202141041,’†‹–€ŒSº˜a’¬‰Ÿ‰z,226-1,,
19384-0900-1.zip,202202141041,’†‹–€ŒSº˜a’¬‰Ÿ‰z,226-2,,
19384-0900-1.zip,202202141041,’†‹–€ŒSº˜a’¬‰Ÿ‰z,227,,
19384-0900-1.zip,202202141041,’†‹–€ŒSº˜a’¬‰Ÿ‰z,228,,
19384-0900-1.zip,202202141041,’†‹–€ŒSº˜a’¬‰Ÿ‰z,230,,
19384-0900-1.zip,202202141041,’†‹–€ŒSº˜a’¬‰Ÿ‰z,231,,
19384-0900-1.zip,202202141041,’†‹–€ŒSº˜a’¬‰Ÿ‰z,234,,
19384-0900-1.zip,202202141041,’†‹–€ŒSº˜a’¬‰Ÿ‰z,235,,
19384-0900-1.zip,202202141041,’†‹–€ŒSº˜a’¬‰Ÿ‰z,236,,
19384-0900-1.zip,202202141041,’†‹–€ŒSº˜a’¬‰Ÿ‰z,237-1,,
19384-0900-1.zip,202202141041,’†‹–€ŒSº˜a’¬‰Ÿ‰z,237-3,,
19384-0900-1.zip,202202141041,’†‹–€ŒSº˜a’¬‰Ÿ‰z,238-1,,
19384-0900-1.zip,202202141041,’†‹–€ŒSº˜a’¬‰Ÿ‰z,238-2,,
19384-0900-1.zip,202202141041,’†‹–€ŒSº˜a’¬‰Ÿ‰z,239-1,,
19384-0900-1.zip,202202141041,’†‹–€ŒSº˜a’¬‰Ÿ‰z,239-2,,
19384-0900-1.zip,202202141041,’†‹–€ŒSº˜a’¬‰Ÿ‰z,240,,
19384-0900-1.zip,202202141041,’†‹–€ŒSº˜a’¬‰Ÿ‰z,–³’n”Ô-3,,
19384-0900-1.zip,202202141041,’†‹–€ŒSº˜a’¬‰Ÿ‰z,–³’n”Ô-6,,
19384-0900-1.zip,202202141041,’†‹–€ŒSº˜a’¬‰Ÿ‰z,–³’n”Ô-7,,
19384-0900-1.zip,202202141041,’†‹–€ŒSº˜a’¬‰Ÿ‰z,–³’n”Ô-39,,
19384-0900-1.zip,202202141041,’†‹–€ŒSº˜a’¬‰Ÿ‰z,–³’n”Ô-40,,
19384-0900-1.zip,202202141041,’†‹–€ŒSº˜a’¬‰Ÿ‰z,’·‹·•¨•s–¾-1,,
19384-0900-1.zip,202202141041,’†‹–€ŒSº˜a’¬‰Ÿ‰z,’·‹·•¨•s–¾-2,,
19384-0900-1.zip,202202141041,’†‹–€ŒSº˜a’¬‰Ÿ‰z,’·‹·•¨•s–¾-3,,
19384-0900-1.zip,202202141041,’†‹–€ŒSº˜a’¬‰Ÿ‰z,’·‹·•¨•s–¾-6,,
19384-0900-1.zip,202202141041,’†‹–€ŒSº˜a’¬‰Ÿ‰z,’·‹·•¨•s–¾-15,,
19384-0900-1.zip,202202141041,’†‹–€ŒSº˜a’¬‰Ÿ‰z,’·‹·•¨•s–¾-16,,
19384-0900-1.zip,202202141041,’†‹–€ŒSº˜a’¬‰Ÿ‰z,’·‹·•¨•s–¾-19,,
19384-0900-1.zip,202202141041,’†‹–€ŒSº˜a’¬‰Ÿ‰z,’·‹·•¨•s–¾-25,,
19384-0900-1.zip,202202141041,’†‹–€ŒSº˜a’¬‰Ÿ‰z,’·‹·•¨•s–¾-30,,
19384-0900-1.zip,202202141041,’†‹–€ŒSº˜a’¬‰Ÿ‰z,’·‹·•¨•s–¾-31,,
19384-0900-1.zip,202202141041,’†‹–€ŒSº˜a’¬‰Ÿ‰z,’·‹·•¨•s–¾-32,,
19384-0900-1.zip,202202141041,’†‹–€ŒSº˜a’¬‰Ÿ‰z,’·‹·•¨•s–¾-33,,
19384-0900-1.zip,202202141041,’†‹–€ŒSº˜a’¬‰Ÿ‰z,’·‹·•¨•s–¾-35,,
19384-0900-1.zip,202202141041,’†‹–€ŒSº˜a’¬‰Ÿ‰z,’·‹·•¨•s–¾-38,,
19384-0900-1.zip,202202141041,’†‹–€ŒSº˜a’¬‰Ÿ‰z,’·‹·•¨•s–¾-40,,
19384-0900-1.zip,202202141041,’†‹–€ŒSº˜a’¬‰Ÿ‰z,’·‹·•¨•s–¾-42,,
19384-0900-1.zip,202202141041,’†‹–€ŒSº˜a’¬‰Ÿ‰z,’·‹·•¨•s–¾-44,,
19384-0900-1.zip,202202141041,’†‹–€ŒSº˜a’¬‰Ÿ‰z,’·‹·•¨•s–¾-162,,
19384-0900-1.zip,202202141041,’†‹–€ŒSº˜a’¬‰Ÿ‰z,’·‹·•¨•s–¾-164,,
19384-0900-1.zip,202202141041,’†‹–€ŒSº˜a’¬‰Ÿ‰z,’·‹·•¨•s–¾-168,,
19384-0900-1.zip,202202141041,’†‹–€ŒSº˜a’¬‰Ÿ‰z,’·‹·•¨•s–¾-171,,
19384-0900-1.zip,202202141041,’†‹–€ŒSº˜a’¬‰Ÿ‰z,’·‹·•¨•s–¾-172,,
19384-0900-1.zip,202202141041,’†‹–€ŒSº˜a’¬‰Ÿ‰z,’·‹·•¨•s–¾-173,,
19384-0900-1.zip,202202141041,’†‹–€ŒSº˜a’¬‰Ÿ‰z,’·‹·•¨•s–¾-174,,
19384-0900-1.zip,202202141041,’†‹–€ŒSº˜a’¬‰Ÿ‰z,’·‹·•¨•s–¾-180,,
19384-0900-1.zip,202202141041,’†‹–€ŒSº˜a’¬‰Ÿ‰z,’·‹·•¨•s–¾-181,,
19384-0900-1.zip,202202141041,’†‹–€ŒSº˜a’¬‰Ÿ‰z,’·‹·•¨•s–¾-189,,
19384-0900-1.zip,202202141041,’†‹–€ŒSº˜a’¬‰Ÿ‰z,’·‹·•¨•s–¾-193,,
19384-0900-1.zip,202202141041,’†‹–€ŒSº˜a’¬‰Ÿ‰z,’·‹·•¨•s–¾-195,,
19384-0900-1.zip,202202141041,’†‹–€ŒSº˜a’¬‰Ÿ‰z,’·‹·•¨•s–¾-197,,
19384-0900-1.zip,202202141041,’†‹–€ŒSº˜a’¬‰Ÿ‰z,’·‹·•¨•s–¾-199,,
19384-0900-1.zip,202202141041,’†‹–€ŒSº˜a’¬‰Ÿ‰z,243,,
19384-0900-1.zip,202202141041,’†‹–€ŒSº˜a’¬‰Ÿ‰z,245,,
19384-0900-1.zip,202202141041,’†‹–€ŒSº˜a’¬‰Ÿ‰z,246,,
19384-0900-1.zip,202202141041,’†‹–€ŒSº˜a’¬‰Ÿ‰z,247,,
19384-0900-1.zip,202202141041,’†‹–€ŒSº˜a’¬‰Ÿ‰z,249-1,,
19384-0900-1.zip,202202141041,’†‹–€ŒSº˜a’¬‰Ÿ‰z,249-2,,
19384-0900-1.zip,202202141041,’†‹–€ŒSº˜a’¬‰Ÿ‰z,249-3,,
19384-0900-1.zip,202202141041,’†‹–€ŒSº˜a’¬‰Ÿ‰z,249-4,,
19384-0900-1.zip,202202141041,’†‹–€ŒSº˜a’¬‰Ÿ‰z,249-6,,
19384-0900-1.zip,202202141041,’†‹–€ŒSº˜a’¬‰Ÿ‰z,256-1,,
19384-0900-1.zip,202202141041,’†‹–€ŒSº˜a’¬‰Ÿ‰z,256-2,,
19384-0900-1.zip,202202141041,’†‹–€ŒSº˜a’¬‰Ÿ‰z,256-3,,
19384-0900-1.zip,202202141041,’†‹–€ŒSº˜a’¬‰Ÿ‰z,256-4,,
19384-0900-1.zip,202202141041,’†‹–€ŒSº˜a’¬‰Ÿ‰z,257,,
19384-0900-1.zip,202202141041,’†‹–€ŒSº˜a’¬‰Ÿ‰z,258,,
19384-0900-1.zip,202202141041,’†‹–€ŒSº˜a’¬‰Ÿ‰z,259,,
19384-0900-1.zip,202202141041,’†‹–€ŒSº˜a’¬‰Ÿ‰z,260-1,,
19384-0900-1.zip,202202141041,’†‹–€ŒSº˜a’¬‰Ÿ‰z,260-2,,
19384-0900-1.zip,202202141041,’†‹–€ŒSº˜a’¬‰Ÿ‰z,264,,
19384-0900-1.zip,202202141041,’†‹–€ŒSº˜a’¬‰Ÿ‰z,265,,
19384-0900-1.zip,202202141041,’†‹–€ŒSº˜a’¬‰Ÿ‰z,266,,
19384-0900-1.zip,202202141041,’†‹–€ŒSº˜a’¬‰Ÿ‰z,267,,
19384-0900-1.zip,202202141041,’†‹–€ŒSº˜a’¬‰Ÿ‰z,268-1,,
19384-0900-1.zip,202202141041,’†‹–€ŒSº˜a’¬‰Ÿ‰z,268-2,,
19384-0900-1.zip,202202141041,’†‹–€ŒSº˜a’¬‰Ÿ‰z,270,,
19384-0900-1.zip,202202141041,’†‹–€ŒSº˜a’¬‰Ÿ‰z,–³’n”Ô-15,,
19384-0900-1.zip,202202141041,’†‹–€ŒSº˜a’¬‰Ÿ‰z,–³’n”Ô-16,,
19384-0900-1.zip,202202141041,’†‹–€ŒSº˜a’¬‰Ÿ‰z,’·‹·•¨•s–¾-7,,
19384-0900-1.zip,202202141041,’†‹–€ŒSº˜a’¬‰Ÿ‰z,’·‹·•¨•s–¾-26,,
19384-0900-1.zip,202202141041,’†‹–€ŒSº˜a’¬‰Ÿ‰z,’·‹·•¨•s–¾-28,,
19384-0900-1.zip,202202141041,’†‹–€ŒSº˜a’¬‰Ÿ‰z,’·‹·•¨•s–¾-152,,
19384-0900-1.zip,202202141041,’†‹–€ŒSº˜a’¬‰Ÿ‰z,’·‹·•¨•s–¾-157,,
19384-0900-1.zip,202202141041,’†‹–€ŒSº˜a’¬‰Ÿ‰z,’·‹·•¨•s–¾-160,,
19384-0900-1.zip,202202141041,’†‹–€ŒSº˜a’¬‰Ÿ‰z,’·‹·•¨•s–¾-161,,
19384-0900-1.zip,202202141041,’†‹–€ŒSº˜a’¬‰Ÿ‰z,’·‹·•¨•s–¾-165,,
19384-0900-1.zip,202202141041,’†‹–€ŒSº˜a’¬‰Ÿ‰z,’·‹·•¨•s–¾-166,,
19384-0900-1.zip,202202141041,’†‹–€ŒSº˜a’¬‰Ÿ‰z,’·‹·•¨•s–¾-170,,
19384-0900-1.zip,202202141041,’†‹–€ŒSº˜a’¬‰Ÿ‰z,’·‹·•¨•s–¾-178,,
19384-0900-1.zip,202202141041,’†‹–€ŒSº˜a’¬‰Ÿ‰z,’·‹·•¨•s–¾-191,,
19384-0900-1.zip,202202141041,’†‹–€ŒSº˜a’¬‰Ÿ‰z,297,,
19384-0900-1.zip,202202141041,’†‹–€ŒSº˜a’¬‰Ÿ‰z,298-1,,
19384-0900-1.zip,202202141041,’†‹–€ŒSº˜a’¬‰Ÿ‰z,298-2,,
19384-0900-1.zip,202202141041,’†‹–€ŒSº˜a’¬‰Ÿ‰z,299,,
19384-0900-1.zip,202202141041,’†‹–€ŒSº˜a’¬‰Ÿ‰z,300,,
19384-0900-1.zip,202202141041,’†‹–€ŒSº˜a’¬‰Ÿ‰z,301-2,,
19384-0900-1.zip,202202141041,’†‹–€ŒSº˜a’¬‰Ÿ‰z,302,,
19384-0900-1.zip,202202141041,’†‹–€ŒSº˜a’¬‰Ÿ‰z,304-2,,
19384-0900-1.zip,202202141041,’†‹–€ŒSº˜a’¬‰Ÿ‰z,305-2,,
19384-0900-1.zip,202202141041,’†‹–€ŒSº˜a’¬‰Ÿ‰z,305-3,,
19384-0900-1.zip,202202141041,’†‹–€ŒSº˜a’¬‰Ÿ‰z,306-2,,
19384-0900-1.zip,202202141041,’†‹–€ŒSº˜a’¬‰Ÿ‰z,307,,
19384-0900-1.zip,202202141041,’†‹–€ŒSº˜a’¬‰Ÿ‰z,308,,
19384-0900-1.zip,202202141041,’†‹–€ŒSº˜a’¬‰Ÿ‰z,309-1,,
19384-0900-1.zip,202202141041,’†‹–€ŒSº˜a’¬‰Ÿ‰z,309-2,,
19384-0900-1.zip,202202141041,’†‹–€ŒSº˜a’¬‰Ÿ‰z,310,,
19384-0900-1.zip,202202141041,’†‹–€ŒSº˜a’¬‰Ÿ‰z,312,,
19384-0900-1.zip,202202141041,’†‹–€ŒSº˜a’¬‰Ÿ‰z,–³’n”Ô-21,,
19384-0900-1.zip,202202141041,’†‹–€ŒSº˜a’¬‰Ÿ‰z,’·‹·•¨•s–¾-4,,
19384-0900-1.zip,202202141041,’†‹–€ŒSº˜a’¬‰Ÿ‰z,’·‹·•¨•s–¾-27,,
19384-0900-1.zip,202202141041,’†‹–€ŒSº˜a’¬‰Ÿ‰z,’·‹·•¨•s–¾-37,,
19384-0900-1.zip,202202141041,’†‹–€ŒSº˜a’¬‰Ÿ‰z,’·‹·•¨•s–¾-154,,
19384-0900-1.zip,202202141041,’†‹–€ŒSº˜a’¬‰Ÿ‰z,’·‹·•¨•s–¾-155,,
19384-0900-1.zip,202202141041,’†‹–€ŒSº˜a’¬‰Ÿ‰z,’·‹·•¨•s–¾-158,,
19384-0900-1.zip,202202141041,’†‹–€ŒSº˜a’¬‰Ÿ‰z,’·‹·•¨•s–¾-177,,
19384-0900-1.zip,202202141041,’†‹–€ŒSº˜a’¬‰Ÿ‰z,’·‹·•¨•s–¾-184,,
19384-0900-1.zip,202202141041,’†‹–€ŒSº˜a’¬‰Ÿ‰z,229-2,,
19384-0900-1.zip,202202141041,’†‹–€ŒSº˜a’¬‰Ÿ‰z,229-1,,
19384-0900-2.zip,202202141041,’†‹–€ŒSº˜a’¬,–³’n”Ô-63,,
19384-0900-2.zip,202202141041,’†‹–€ŒSº˜a’¬‰Í¼,8-1,,
19384-0900-2.zip,202202141041,’†‹–€ŒSº˜a’¬‰Í¼,9-1,,
19384-0900-2.zip,202202141041,’†‹–€ŒSº˜a’¬‰Í¼,10-1,,
19384-0900-2.zip,202202141041,’†‹–€ŒSº˜a’¬‰Í¼,12-1,,
19384-0900-2.zip,202202141041,’†‹–€ŒSº˜a’¬‰Í¼,12-3,,
19384-0900-2.zip,202202141041,’†‹–€ŒSº˜a’¬‰Í¼,13,,
19384-0900-2.zip,202202141041,’†‹–€ŒSº˜a’¬‰Í¼,14-1,,
19384-0900-2.zip,202202141041,’†‹–€ŒSº˜a’¬‰Í¼,15-1,,
19384-0900-2.zip,202202141041,’†‹–€ŒSº˜a’¬‰Í¼,16-1,,
19384-0900-2.zip,202202141041,’†‹–€ŒSº˜a’¬‰Í¼,17,,
19384-0900-2.zip,202202141041,’†‹–€ŒSº˜a’¬‰Í¼,18-1,,
19384-0900-2.zip,202202141041,’†‹–€ŒSº˜a’¬‰Í¼,19-1,,
19384-0900-2.zip,202202141041,’†‹–€ŒSº˜a’¬‰Í¼,“¹-656,,
19384-0900-2.zip,202202141041,’†‹–€ŒSº˜a’¬‰Í¼,’·‹·•¨•s–¾-306,,
19384-0900-2.zip,202202141041,’†‹–€ŒSº˜a’¬‰Í¼,–³’n”Ô-21,,
19384-0900-2.zip,202202141041,’†‹–€ŒSº˜a’¬‰Í¼,’·‹·•¨•s–¾-12,,
19384-0900-2.zip,202202141041,’†‹–€ŒSº˜a’¬‰Í¼,’·‹·•¨•s–¾-17,,
19384-0900-2.zip,202202141041,’†‹–€ŒSº˜a’¬‰Í¼,’·‹·•¨•s–¾-23,,
19384-0900-2.zip,202202141041,’†‹–€ŒSº˜a’¬‰Í¼,’·‹·•¨•s–¾-319,,
19384-0900-2.zip,202202141041,’†‹–€ŒSº˜a’¬‰Í¼,…-24,,
19384-0900-2.zip,202202141041,’†‹–€ŒSº˜a’¬‰Í¼,…-27,,
19384-0900-2.zip,202202141041,’†‹–€ŒSº˜a’¬‰Í¼,…-28,,
19384-0900-2.zip,202202141041,’†‹–€ŒSº˜a’¬‰Í¼,’·‹·•¨•s–¾-1,,
19384-0900-2.zip,202202141041,’†‹–€ŒSº˜a’¬‰Í¼,’·‹·•¨•s–¾-307,,
19384-0900-2.zip,202202141041,’†‹–€ŒSº˜a’¬‰Í¼,804-2,,
19384-0900-2.zip,202202141041,’†‹–€ŒSº˜a’¬‰Í¼,804-5,,
19384-0900-2.zip,202202141041,’†‹–€ŒSº˜a’¬‰Í¼,…-881a,,
19384-0900-2.zip,202202141041,’†‹–€ŒSº˜a’¬‰Í¼,15-6,,
19384-0900-2.zip,202202141041,’†‹–€ŒSº˜a’¬‰Í¼,’·‹·•¨•s–¾-8,,
19384-0900-2.zip,202202141041,’†‹–€ŒSº˜a’¬‰Í¼,“¹-664a,,
19384-0900-2.zip,202202141041,’†‹–€ŒSº˜a’¬‰Í¼,15-4,,
19384-0900-2.zip,202202141041,’†‹–€ŒSº˜a’¬‰Í¼,15-5,,
19384-0900-2.zip,202202141041,’†‹–€ŒSº˜a’¬‰Í¼,…-883-2,,
19384-0900-2.zip,202202141041,’†‹–€ŒSº˜a’¬‰Í¼,’·‹·•¨•s–¾-13-3,,
19384-0900-2.zip,202202141041,’†‹–€ŒSº˜a’¬‰Í¼,’·‹·•¨•s–¾-20-2,,
19384-0900-2.zip,202202141041,’†‹–€ŒSº˜a’¬‰Í¼,’·‹·•¨•s–¾-21-2,,
19384-0900-2.zip,202202141041,’†‹–€ŒSº˜a’¬‰Í¼,“¹-685-2,,
19384-0900-2.zip,202202141041,’†‹–€ŒSº˜a’¬‰Í¼,…-881-2,,
19384-0900-2.zip,202202141041,’†‹–€ŒSº˜a’¬‰Í¼,“¹-20-2,,
19384-0900-2.zip,202202141041,’†‹–€ŒSº˜a’¬‰Í¼,’·‹·•¨•s–¾-6-2,,
19384-0900-2.zip,202202141041,’†‹–€ŒSº˜a’¬‰Í¼,…-22-3,,
19384-0900-2.zip,202202141041,’†‹–€ŒSº˜a’¬‰Í¼,…-22-2,,
19384-0900-2.zip,202202141041,’†‹–€ŒSº˜a’¬‰Í¼,…-22-1,,
19384-0900-2.zip,202202141041,’†‹–€ŒSº˜a’¬‰Í¼,“¹-20-1,,
19384-0900-2.zip,202202141041,’†‹–€ŒSº˜a’¬‰Í¼,’·‹·•¨•s–¾-2-2,,
19384-0900-2.zip,202202141041,’†‹–€ŒSº˜a’¬‰Í¼,…-872-2,,
19384-0900-2.zip,202202141041,’†‹–€ŒSº˜a’¬,“¹-7-2,,
19384-0900-2.zip,202202141041,’†‹–€ŒSº˜a’¬,’·‹·•¨•s–¾-346-2,,
19384-0900-2.zip,202202141041,’†‹–€ŒSº˜a’¬‰Í¼,“¹-651-2,,
19384-0900-2.zip,202202141041,’†‹–€ŒSº˜a’¬‰Í¼,–³’n”Ô-20,,
19384-0900-2.zip,202202141041,’†‹–€ŒSº˜a’¬‰Í¼,…-870,,
19384-0900-2.zip,202202141041,’†‹–€ŒSº˜a’¬‰Í¼,–³’n”Ô-10,,
19384-0900-3.zip,202202141041,’†‹–€ŒSº˜a’¬‰Í¼,1255,,
19384-0900-3.zip,202202141041,’†‹–€ŒSº˜a’¬‰Í¼,1256,,
19384-0900-3.zip,202202141041,’†‹–€ŒSº˜a’¬‰Í¼,–³’n”Ô-43,,
19384-0900-3.zip,202202141041,’†‹–€ŒSº˜a’¬‰Í¼,–³’n”Ô-46,,
19384-0900-3.zip,202202141041,’†‹–€ŒSº˜a’¬‰Í¼,“¹-647,,
19384-0900-3.zip,202202141041,’†‹–€ŒSº˜a’¬‰Í¼,…-853,,
19384-0900-3.zip,202202141041,’†‹–€ŒSº˜a’¬‰Í¼,…-855,,
19384-0900-3.zip,202202141041,’†‹–€ŒSº˜a’¬,’n‹æŠO-778757,,
19384-0900-4.zip,202202141041,’†‹–€ŒSº˜a’¬,–³’n”Ô-1,,
19384-0900-4.zip,202202141041,’†‹–€ŒSº˜a’¬,–³’n”Ô-2,,
19384-0900-4.zip,202202141041,’†‹–€ŒSº˜a’¬,–³’n”Ô-3,,
19384-0900-4.zip,202202141041,’†‹–€ŒSº˜a’¬,–³’n”Ô-6,,
19384-0900-4.zip,202202141041,’†‹–€ŒSº˜a’¬,–³’n”Ô-16,,
19384-0900-4.zip,202202141041,’†‹–€ŒSº˜a’¬,–³’n”Ô-57,,
19384-0900-4.zip,202202141041,’†‹–€ŒSº˜a’¬,–³’n”Ô-99,,
19384-0900-4.zip,202202141041,’†‹–€ŒSº˜a’¬,“¹-3,,
19384-0900-4.zip,202202141041,’†‹–€ŒSº˜a’¬,“¹-4,,
19384-0900-4.zip,202202141041,’†‹–€ŒSº˜a’¬,“¹-5,,
19384-0900-4.zip,202202141041,’†‹–€ŒSº˜a’¬,“¹-11,,
19384-0900-4.zip,202202141041,’†‹–€ŒSº˜a’¬,“¹-29,,
19384-0900-4.zip,202202141041,’†‹–€ŒSº˜a’¬,“¹-30,,
19384-0900-4.zip,202202141041,’†‹–€ŒSº˜a’¬,“¹-32,,
19384-0900-4.zip,202202141041,’†‹–€ŒSº˜a’¬,“¹-34,,
19384-0900-4.zip,202202141041,’†‹–€ŒSº˜a’¬,“¹-40,,
19384-0900-4.zip,202202141041,’†‹–€ŒSº˜a’¬,“¹-41,,
19384-0900-4.zip,202202141041,’†‹–€ŒSº˜a’¬,“¹-723,,
19384-0900-4.zip,202202141041,’†‹–€ŒSº˜a’¬,“¹-728,,
19384-0900-4.zip,202202141041,’†‹–€ŒSº˜a’¬,“¹-729,,
19384-0900-4.zip,202202141041,’†‹–€ŒSº˜a’¬,“¹-732,,
19384-0900-4.zip,202202141041,’†‹–€ŒSº˜a’¬,…-4,,
19384-0900-4.zip,202202141041,’†‹–€ŒSº˜a’¬,…-10,,
19384-0900-4.zip,202202141041,’†‹–€ŒSº˜a’¬,…-34,,
19384-0900-4.zip,202202141041,’†‹–€ŒSº˜a’¬,…-39,,
19384-0900-4.zip,202202141041,’†‹–€ŒSº˜a’¬,…-42,,
19384-0900-4.zip,202202141041,’†‹–€ŒSº˜a’¬,…-47,,
19384-0900-4.zip,202202141041,’†‹–€ŒSº˜a’¬,…-910,,
19384-0900-4.zip,202202141041,’†‹–€ŒSº˜a’¬,’·‹·•¨•s–¾-4,,
19384-0900-4.zip,202202141041,’†‹–€ŒSº˜a’¬,’·‹·•¨•s–¾-11,,
19384-0900-4.zip,202202141041,’†‹–€ŒSº˜a’¬,’·‹·•¨•s–¾-16,,
19384-0900-4.zip,202202141041,’†‹–€ŒSº˜a’¬,’·‹·•¨•s–¾-17,,
19384-0900-4.zip,202202141041,’†‹–€ŒSº˜a’¬,’·‹·•¨•s–¾-28,,
19384-0900-4.zip,202202141041,’†‹–€ŒSº˜a’¬,’·‹·•¨•s–¾-30,,
19384-0900-4.zip,202202141041,’†‹–€ŒSº˜a’¬,’·‹·•¨•s–¾-31,,
19384-0900-4.zip,202202141041,’†‹–€ŒSº˜a’¬,’·‹·•¨•s–¾-32,,
19384-0900-4.zip,202202141041,’†‹–€ŒSº˜a’¬,’·‹·•¨•s–¾-33,,
19384-0900-4.zip,202202141041,’†‹–€ŒSº˜a’¬,’·‹·•¨•s–¾-34,,
19384-0900-4.zip,202202141041,’†‹–€ŒSº˜a’¬,’·‹·•¨•s–¾-35,,
19384-0900-4.zip,202202141041,’†‹–€ŒSº˜a’¬,’·‹·•¨•s–¾-36,,
19384-0900-4.zip,202202141041,’†‹–€ŒSº˜a’¬,’·‹·•¨•s–¾-335,,
19384-0900-4.zip,202202141041,’†‹–€ŒSº˜a’¬,’·‹·•¨•s–¾-336,,
19384-0900-4.zip,202202141041,’†‹–€ŒSº˜a’¬,’·‹·•¨•s–¾-339,,
19384-0900-4.zip,202202141041,’†‹–€ŒSº˜a’¬,’·‹·•¨•s–¾-341,,
19384-0900-4.zip,202202141041,’†‹–€ŒSº˜a’¬,’·‹·•¨•s–¾-344,,
19384-0900-4.zip,202202141041,’†‹–€ŒSº˜a’¬,’·‹·•¨•s–¾-348,,
19384-0900-4.zip,202202141041,’†‹–€ŒSº˜a’¬,’·‹·•¨•s–¾-352,,
19384-0900-4.zip,202202141041,’†‹–€ŒSº˜a’¬,’·‹·•¨•s–¾-355,,
19384-0900-4.zip,202202141041,’†‹–€ŒSº˜a’¬,’·‹·•¨•s–¾-358,,
19384-0900-4.zip,202202141041,’†‹–€ŒSº˜a’¬,’·‹·•¨•s–¾-370,,
19384-0900-4.zip,202202141041,’†‹–€ŒSº˜a’¬,’·‹·•¨•s–¾-381,,
19384-0900-4.zip,202202141041,’†‹–€ŒSº˜a’¬,’·‹·•¨•s–¾-384,,
19384-0900-4.zip,202202141041,’†‹–€ŒSº˜a’¬,’·‹·•¨•s–¾-388,,
19384-0900-4.zip,202202141041,’†‹–€ŒSº˜a’¬‰Í“Œ’†“‡,564,,
19384-0900-4.zip,202202141041,’†‹–€ŒSº˜a’¬‰Í“Œ’†“‡,565-1,,
19384-0900-4.zip,202202141041,’†‹–€ŒSº˜a’¬‰Í“Œ’†“‡,565-2,,
19384-0900-4.zip,202202141041,’†‹–€ŒSº˜a’¬‰Í“Œ’†“‡,565-3,,
19384-0900-4.zip,202202141041,’†‹–€ŒSº˜a’¬‰Í“Œ’†“‡,566-1,,
19384-0900-4.zip,202202141041,’†‹–€ŒSº˜a’¬‰Í“Œ’†“‡,566-2,,
19384-0900-4.zip,202202141041,’†‹–€ŒSº˜a’¬‰Í“Œ’†“‡,566-3,,
19384-0900-4.zip,202202141041,’†‹–€ŒSº˜a’¬‰Í“Œ’†“‡,567,,
19384-0900-4.zip,202202141041,’†‹–€ŒSº˜a’¬‰Í“Œ’†“‡,568,,
19384-0900-4.zip,202202141041,’†‹–€ŒSº˜a’¬‰Í“Œ’†“‡,569,,
19384-0900-4.zip,202202141041,’†‹–€ŒSº˜a’¬‰Í“Œ’†“‡,570-1,,
19384-0900-4.zip,202202141041,’†‹–€ŒSº˜a’¬‰Í“Œ’†“‡,570-2,,
19384-0900-4.zip,202202141041,’†‹–€ŒSº˜a’¬‰Í“Œ’†“‡,571-2,,
19384-0900-4.zip,202202141041,’†‹–€ŒSº˜a’¬‰Í“Œ’†“‡,572,,
19384-0900-4.zip,202202141041,’†‹–€ŒSº˜a’¬‰Í“Œ’†“‡,573,,
19384-0900-4.zip,202202141041,’†‹–€ŒSº˜a’¬‰Í“Œ’†“‡,577-1,,
19384-0900-4.zip,202202141041,’†‹–€ŒSº˜a’¬‰Í“Œ’†“‡,577-2,,
19384-0900-4.zip,202202141041,’†‹–€ŒSº˜a’¬‰Í“Œ’†“‡,578-1,,
19384-0900-4.zip,202202141041,’†‹–€ŒSº˜a’¬‰Í“Œ’†“‡,578-2,,
19384-0900-4.zip,202202141041,’†‹–€ŒSº˜a’¬‰Í“Œ’†“‡,578-6,,
19384-0900-4.zip,202202141041,’†‹–€ŒSº˜a’¬‰Í“Œ’†“‡,578-7,,
19384-0900-4.zip,202202141041,’†‹–€ŒSº˜a’¬‰Í“Œ’†“‡,’·‹·•¨•s–¾-4,,
19384-0900-4.zip,202202141041,’†‹–€ŒSº˜a’¬‰Í“Œ’†“‡,’·‹·•¨•s–¾-6,,
19384-0900-4.zip,202202141041,’†‹–€ŒSº˜a’¬‰Í“Œ’†“‡,’·‹·•¨•s–¾-201,,
19384-0900-4.zip,202202141041,’†‹–€ŒSº˜a’¬‰Í“Œ’†“‡,’·‹·•¨•s–¾-220,,
19384-0900-4.zip,202202141041,’†‹–€ŒSº˜a’¬‰Í“Œ’†“‡,’·‹·•¨•s–¾-230,,
19384-0900-4.zip,202202141041,’†‹–€ŒSº˜a’¬‰Í“Œ’†“‡,’·‹·•¨•s–¾-243,,
19384-0900-4.zip,202202141041,’†‹–€ŒSº˜a’¬‰Í“Œ’†“‡,638,,
19384-0900-4.zip,202202141041,’†‹–€ŒSº˜a’¬‰Í“Œ’†“‡,640-1,,
19384-0900-4.zip,202202141041,’†‹–€ŒSº˜a’¬‰Í“Œ’†“‡,640-2,,
19384-0900-4.zip,202202141041,’†‹–€ŒSº˜a’¬‰Í“Œ’†“‡,641,,
19384-0900-4.zip,202202141041,’†‹–€ŒSº˜a’¬‰Í“Œ’†“‡,642-1,,
19384-0900-4.zip,202202141041,’†‹–€ŒSº˜a’¬‰Í“Œ’†“‡,642-2,,
19384-0900-4.zip,202202141041,’†‹–€ŒSº˜a’¬‰Í“Œ’†“‡,642-3,,
19384-0900-4.zip,202202141041,’†‹–€ŒSº˜a’¬‰Í“Œ’†“‡,643,,
19384-0900-4.zip,202202141041,’†‹–€ŒSº˜a’¬‰Í“Œ’†“‡,644,,
19384-0900-4.zip,202202141041,’†‹–€ŒSº˜a’¬‰Í“Œ’†“‡,645-1,,
19384-0900-4.zip,202202141041,’†‹–€ŒSº˜a’¬‰Í“Œ’†“‡,645-2,,
19384-0900-4.zip,202202141041,’†‹–€ŒSº˜a’¬‰Í“Œ’†“‡,645-3,,
19384-0900-4.zip,202202141041,’†‹–€ŒSº˜a’¬‰Í“Œ’†“‡,646,,
19384-0900-4.zip,202202141041,’†‹–€ŒSº˜a’¬‰Í“Œ’†“‡,647,,
19384-0900-4.zip,202202141041,’†‹–€ŒSº˜a’¬‰Í“Œ’†“‡,654,,
19384-0900-4.zip,202202141041,’†‹–€ŒSº˜a’¬‰Í“Œ’†“‡,655-1,,
19384-0900-4.zip,202202141041,’†‹–€ŒSº˜a’¬‰Í“Œ’†“‡,655-2,,
19384-0900-4.zip,202202141041,’†‹–€ŒSº˜a’¬‰Í“Œ’†“‡,655-3,,
19384-0900-4.zip,202202141041,’†‹–€ŒSº˜a’¬‰Í“Œ’†“‡,655-4,,
19384-0900-4.zip,202202141041,’†‹–€ŒSº˜a’¬‰Í“Œ’†“‡,659-1,,
19384-0900-4.zip,202202141041,’†‹–€ŒSº˜a’¬‰Í“Œ’†“‡,659-2,,
19384-0900-4.zip,202202141041,’†‹–€ŒSº˜a’¬‰Í“Œ’†“‡,659-3,,
19384-0900-4.zip,202202141041,’†‹–€ŒSº˜a’¬‰Í“Œ’†“‡,659-4,,
19384-0900-4.zip,202202141041,’†‹–€ŒSº˜a’¬‰Í“Œ’†“‡,659-5,,
19384-0900-4.zip,202202141041,’†‹–€ŒSº˜a’¬‰Í“Œ’†“‡,660-1,,
19384-0900-4.zip,202202141041,’†‹–€ŒSº˜a’¬‰Í“Œ’†“‡,660-2,,
19384-0900-4.zip,202202141041,’†‹–€ŒSº˜a’¬‰Í“Œ’†“‡,660-3,,
19384-0900-4.zip,202202141041,’†‹–€ŒSº˜a’¬‰Í“Œ’†“‡,660-4,,
19384-0900-4.zip,202202141041,’†‹–€ŒSº˜a’¬‰Í“Œ’†“‡,661,,
19384-0900-4.zip,202202141041,’†‹–€ŒSº˜a’¬‰Í“Œ’†“‡,662-1,,
19384-0900-4.zip,202202141041,’†‹–€ŒSº˜a’¬‰Í“Œ’†“‡,662-2,,
19384-0900-4.zip,202202141041,’†‹–€ŒSº˜a’¬‰Í“Œ’†“‡,662-3,,
19384-0900-4.zip,202202141041,’†‹–€ŒSº˜a’¬‰Í“Œ’†“‡,662-4,,
19384-0900-4.zip,202202141041,’†‹–€ŒSº˜a’¬‰Í“Œ’†“‡,663-1,,
19384-0900-4.zip,202202141041,’†‹–€ŒSº˜a’¬‰Í“Œ’†“‡,663-2,,
19384-0900-4.zip,202202141041,’†‹–€ŒSº˜a’¬‰Í“Œ’†“‡,663-3,,
19384-0900-4.zip,202202141041,’†‹–€ŒSº˜a’¬‰Í“Œ’†“‡,664-2,,
19384-0900-4.zip,202202141041,’†‹–€ŒSº˜a’¬‰Í“Œ’†“‡,664-3,,
19384-0900-4.zip,202202141041,’†‹–€ŒSº˜a’¬‰Í“Œ’†“‡,664-4,,
19384-0900-4.zip,202202141041,’†‹–€ŒSº˜a’¬‰Í“Œ’†“‡,664-5,,
19384-0900-4.zip,202202141041,’†‹–€ŒSº˜a’¬‰Í“Œ’†“‡,665-1,,
19384-0900-4.zip,202202141041,’†‹–€ŒSº˜a’¬‰Í“Œ’†“‡,665-2,,
19384-0900-4.zip,202202141041,’†‹–€ŒSº˜a’¬‰Í“Œ’†“‡,665-3,,
19384-0900-4.zip,202202141041,’†‹–€ŒSº˜a’¬‰Í“Œ’†“‡,665-4,,
19384-0900-4.zip,202202141041,’†‹–€ŒSº˜a’¬‰Í“Œ’†“‡,665-5,,
19384-0900-4.zip,202202141041,’†‹–€ŒSº˜a’¬‰Í“Œ’†“‡,665-7,,
19384-0900-4.zip,202202141041,’†‹–€ŒSº˜a’¬‰Í“Œ’†“‡,665-8,,
19384-0900-4.zip,202202141041,’†‹–€ŒSº˜a’¬‰Í“Œ’†“‡,665-9,,
19384-0900-4.zip,202202141041,’†‹–€ŒSº˜a’¬‰Í“Œ’†“‡,666-1,,
19384-0900-4.zip,202202141041,’†‹–€ŒSº˜a’¬‰Í“Œ’†“‡,666-2,,
19384-0900-4.zip,202202141041,’†‹–€ŒSº˜a’¬‰Í“Œ’†“‡,667,,
19384-0900-4.zip,202202141041,’†‹–€ŒSº˜a’¬‰Í“Œ’†“‡,668,,
19384-0900-4.zip,202202141041,’†‹–€ŒSº˜a’¬‰Í“Œ’†“‡,669-2,,
19384-0900-4.zip,202202141041,’†‹–€ŒSº˜a’¬‰Í“Œ’†“‡,670,,
19384-0900-4.zip,202202141041,’†‹–€ŒSº˜a’¬‰Í“Œ’†“‡,671,,
19384-0900-4.zip,202202141041,’†‹–€ŒSº˜a’¬‰Í“Œ’†“‡,672,,
19384-0900-4.zip,202202141041,’†‹–€ŒSº˜a’¬‰Í“Œ’†“‡,673-1,,
19384-0900-4.zip,202202141041,’†‹–€ŒSº˜a’¬‰Í“Œ’†“‡,673-2,,
19384-0900-4.zip,202202141041,’†‹–€ŒSº˜a’¬‰Í“Œ’†“‡,673-3,,
19384-0900-4.zip,202202141041,’†‹–€ŒSº˜a’¬‰Í“Œ’†“‡,’·‹·•¨•s–¾-7,,
19384-0900-4.zip,202202141041,’†‹–€ŒSº˜a’¬‰Í“Œ’†“‡,’·‹·•¨•s–¾-20,,
19384-0900-4.zip,202202141041,’†‹–€ŒSº˜a’¬‰Í“Œ’†“‡,’·‹·•¨•s–¾-24,,
19384-0900-4.zip,202202141041,’†‹–€ŒSº˜a’¬‰Í“Œ’†“‡,’·‹·•¨•s–¾-26,,
19384-0900-4.zip,202202141041,’†‹–€ŒSº˜a’¬‰Í“Œ’†“‡,’·‹·•¨•s–¾-27,,
19384-0900-4.zip,202202141041,’†‹–€ŒSº˜a’¬‰Í“Œ’†“‡,’·‹·•¨•s–¾-29,,
19384-0900-4.zip,202202141041,’†‹–€ŒSº˜a’¬‰Í“Œ’†“‡,’·‹·•¨•s–¾-202,,
19384-0900-4.zip,202202141041,’†‹–€ŒSº˜a’¬‰Í“Œ’†“‡,’·‹·•¨•s–¾-211,,
19384-0900-4.zip,202202141041,’†‹–€ŒSº˜a’¬‰Í“Œ’†“‡,’·‹·•¨•s–¾-218,,
19384-0900-4.zip,202202141041,’†‹–€ŒSº˜a’¬‰Í“Œ’†“‡,’·‹·•¨•s–¾-231,,
19384-0900-4.zip,202202141041,’†‹–€ŒSº˜a’¬‰Í“Œ’†“‡,’·‹·•¨•s–¾-234,,
19384-0900-4.zip,202202141041,’†‹–€ŒSº˜a’¬‰Í“Œ’†“‡,703,,
19384-0900-4.zip,202202141041,’†‹–€ŒSº˜a’¬‰Í“Œ’†“‡,704,,
19384-0900-4.zip,202202141041,’†‹–€ŒSº˜a’¬‰Í“Œ’†“‡,705-1,,
19384-0900-4.zip,202202141041,’†‹–€ŒSº˜a’¬‰Í“Œ’†“‡,705-2,,
19384-0900-4.zip,202202141041,’†‹–€ŒSº˜a’¬‰Í“Œ’†“‡,705-3,,
19384-0900-4.zip,202202141041,’†‹–€ŒSº˜a’¬‰Í“Œ’†“‡,705-4,,
19384-0900-4.zip,202202141041,’†‹–€ŒSº˜a’¬‰Í“Œ’†“‡,706-1,,
19384-0900-4.zip,202202141041,’†‹–€ŒSº˜a’¬‰Í“Œ’†“‡,706-2,,
19384-0900-4.zip,202202141041,’†‹–€ŒSº˜a’¬‰Í“Œ’†“‡,707-1,,
19384-0900-4.zip,202202141041,’†‹–€ŒSº˜a’¬‰Í“Œ’†“‡,707-2,,
19384-0900-4.zip,202202141041,’†‹–€ŒSº˜a’¬‰Í“Œ’†“‡,707-3,,
19384-0900-4.zip,202202141041,’†‹–€ŒSº˜a’¬‰Í“Œ’†“‡,707-4,,
19384-0900-4.zip,202202141041,’†‹–€ŒSº˜a’¬‰Í“Œ’†“‡,707-5,,
19384-0900-4.zip,202202141041,’†‹–€ŒSº˜a’¬‰Í“Œ’†“‡,708-1,,
19384-0900-4.zip,202202141041,’†‹–€ŒSº˜a’¬‰Í“Œ’†“‡,708-2,,
19384-0900-4.zip,202202141041,’†‹–€ŒSº˜a’¬‰Í“Œ’†“‡,709-1,,
19384-0900-4.zip,202202141041,’†‹–€ŒSº˜a’¬‰Í“Œ’†“‡,709-2,,
19384-0900-4.zip,202202141041,’†‹–€ŒSº˜a’¬‰Í“Œ’†“‡,709-3,,
19384-0900-4.zip,202202141041,’†‹–€ŒSº˜a’¬‰Í“Œ’†“‡,710,,
19384-0900-4.zip,202202141041,’†‹–€ŒSº˜a’¬‰Í“Œ’†“‡,711-1,,
19384-0900-4.zip,202202141041,’†‹–€ŒSº˜a’¬‰Í“Œ’†“‡,711-2,,
19384-0900-4.zip,202202141041,’†‹–€ŒSº˜a’¬‰Í“Œ’†“‡,712-1,,
19384-0900-4.zip,202202141041,’†‹–€ŒSº˜a’¬‰Í“Œ’†“‡,712-2,,
19384-0900-4.zip,202202141041,’†‹–€ŒSº˜a’¬‰Í“Œ’†“‡,712-3,,
19384-0900-4.zip,202202141041,’†‹–€ŒSº˜a’¬‰Í“Œ’†“‡,712-4,,
19384-0900-4.zip,202202141041,’†‹–€ŒSº˜a’¬‰Í“Œ’†“‡,712-5,,
19384-0900-4.zip,202202141041,’†‹–€ŒSº˜a’¬‰Í“Œ’†“‡,712-6,,
19384-0900-4.zip,202202141041,’†‹–€ŒSº˜a’¬‰Í“Œ’†“‡,713-1,,
19384-0900-4.zip,202202141041,’†‹–€ŒSº˜a’¬‰Í“Œ’†“‡,713-2,,
19384-0900-4.zip,202202141041,’†‹–€ŒSº˜a’¬‰Í“Œ’†“‡,714-1,,
19384-0900-4.zip,202202141041,’†‹–€ŒSº˜a’¬‰Í“Œ’†“‡,714-2,,
19384-0900-4.zip,202202141041,’†‹–€ŒSº˜a’¬‰Í“Œ’†“‡,714-3,,
19384-0900-4.zip,202202141041,’†‹–€ŒSº˜a’¬‰Í“Œ’†“‡,714-4,,
19384-0900-4.zip,202202141041,’†‹–€ŒSº˜a’¬‰Í“Œ’†“‡,714-5,,
19384-0900-4.zip,202202141041,’†‹–€ŒSº˜a’¬‰Í“Œ’†“‡,714-6,,
19384-0900-4.zip,202202141041,’†‹–€ŒSº˜a’¬‰Í“Œ’†“‡,715-1,,
19384-0900-4.zip,202202141041,’†‹–€ŒSº˜a’¬‰Í“Œ’†“‡,715-2,,
19384-0900-4.zip,202202141041,’†‹–€ŒSº˜a’¬‰Í“Œ’†“‡,715-3,,
19384-0900-4.zip,202202141041,’†‹–€ŒSº˜a’¬‰Í“Œ’†“‡,715-4,,
19384-0900-4.zip,202202141041,’†‹–€ŒSº˜a’¬‰Í“Œ’†“‡,715-5,,
19384-0900-4.zip,202202141041,’†‹–€ŒSº˜a’¬‰Í“Œ’†“‡,715-6,,
19384-0900-4.zip,202202141041,’†‹–€ŒSº˜a’¬‰Í“Œ’†“‡,715-7,,
19384-0900-4.zip,202202141041,’†‹–€ŒSº˜a’¬‰Í“Œ’†“‡,715-8,,
19384-0900-4.zip,202202141041,’†‹–€ŒSº˜a’¬‰Í“Œ’†“‡,715-9,,
19384-0900-4.zip,202202141041,’†‹–€ŒSº˜a’¬‰Í“Œ’†“‡,716-1,,
19384-0900-4.zip,202202141041,’†‹–€ŒSº˜a’¬‰Í“Œ’†“‡,716-2,,
19384-0900-4.zip,202202141041,’†‹–€ŒSº˜a’¬‰Í“Œ’†“‡,716-3,,
19384-0900-4.zip,202202141041,’†‹–€ŒSº˜a’¬‰Í“Œ’†“‡,716-4,,
19384-0900-4.zip,202202141041,’†‹–€ŒSº˜a’¬‰Í“Œ’†“‡,717-1,,
19384-0900-4.zip,202202141041,’†‹–€ŒSº˜a’¬‰Í“Œ’†“‡,717-2,,
19384-0900-4.zip,202202141041,’†‹–€ŒSº˜a’¬‰Í“Œ’†“‡,717-3,,
19384-0900-4.zip,202202141041,’†‹–€ŒSº˜a’¬‰Í“Œ’†“‡,717-4,,
19384-0900-4.zip,202202141041,’†‹–€ŒSº˜a’¬‰Í“Œ’†“‡,717-5,,
19384-0900-4.zip,202202141041,’†‹–€ŒSº˜a’¬‰Í“Œ’†“‡,717-6,,
19384-0900-4.zip,202202141041,’†‹–€ŒSº˜a’¬‰Í“Œ’†“‡,717-7,,
19384-0900-4.zip,202202141041,’†‹–€ŒSº˜a’¬‰Í“Œ’†“‡,717-8,,
19384-0900-4.zip,202202141041,’†‹–€ŒSº˜a’¬‰Í“Œ’†“‡,717-9,,
19384-0900-4.zip,202202141041,’†‹–€ŒSº˜a’¬‰Í“Œ’†“‡,717-10,,
19384-0900-4.zip,202202141041,’†‹–€ŒSº˜a’¬‰Í“Œ’†“‡,717-11,,
19384-0900-4.zip,202202141041,’†‹–€ŒSº˜a’¬‰Í“Œ’†“‡,718-1,,
19384-0900-4.zip,202202141041,’†‹–€ŒSº˜a’¬‰Í“Œ’†“‡,718-2,,
19384-0900-4.zip,202202141041,’†‹–€ŒSº˜a’¬‰Í“Œ’†“‡,718-3,,
19384-0900-4.zip,202202141041,’†‹–€ŒSº˜a’¬‰Í“Œ’†“‡,718-4,,
19384-0900-4.zip,202202141041,’†‹–€ŒSº˜a’¬‰Í“Œ’†“‡,718-5,,
19384-0900-4.zip,202202141041,’†‹–€ŒSº˜a’¬‰Í“Œ’†“‡,718-6,,
19384-0900-4.zip,202202141041,’†‹–€ŒSº˜a’¬‰Í“Œ’†“‡,718-7,,
19384-0900-4.zip,202202141041,’†‹–€ŒSº˜a’¬‰Í“Œ’†“‡,719-3,,
19384-0900-4.zip,202202141041,’†‹–€ŒSº˜a’¬‰Í“Œ’†“‡,719-5,,
19384-0900-4.zip,202202141041,’†‹–€ŒSº˜a’¬‰Í“Œ’†“‡,719-11,,
19384-0900-4.zip,202202141041,’†‹–€ŒSº˜a’¬‰Í“Œ’†“‡,719-12,,
19384-0900-4.zip,202202141041,’†‹–€ŒSº˜a’¬‰Í“Œ’†“‡,719-13,,
19384-0900-4.zip,202202141041,’†‹–€ŒSº˜a’¬‰Í“Œ’†“‡,720-3,,
19384-0900-4.zip,202202141041,’†‹–€ŒSº˜a’¬‰Í“Œ’†“‡,720-4,,
19384-0900-4.zip,202202141041,’†‹–€ŒSº˜a’¬‰Í“Œ’†“‡,720-6,,
19384-0900-4.zip,202202141041,’†‹–€ŒSº˜a’¬‰Í“Œ’†“‡,721-2,,
19384-0900-4.zip,202202141041,’†‹–€ŒSº˜a’¬‰Í“Œ’†“‡,723-1,,
19384-0900-4.zip,202202141041,’†‹–€ŒSº˜a’¬‰Í“Œ’†“‡,725,,
19384-0900-4.zip,202202141041,’†‹–€ŒSº˜a’¬‰Í“Œ’†“‡,726-1,,
19384-0900-4.zip,202202141041,’†‹–€ŒSº˜a’¬‰Í“Œ’†“‡,726-2,,
19384-0900-4.zip,202202141041,’†‹–€ŒSº˜a’¬‰Í“Œ’†“‡,726-3,,
19384-0900-4.zip,202202141041,’†‹–€ŒSº˜a’¬‰Í“Œ’†“‡,726-4,,
19384-0900-4.zip,202202141041,’†‹–€ŒSº˜a’¬‰Í“Œ’†“‡,727-1,,
19384-0900-4.zip,202202141041,’†‹–€ŒSº˜a’¬‰Í“Œ’†“‡,727-2,,
19384-0900-4.zip,202202141041,’†‹–€ŒSº˜a’¬‰Í“Œ’†“‡,727-3,,
19384-0900-4.zip,202202141041,’†‹–€ŒSº˜a’¬‰Í“Œ’†“‡,727-4,,
19384-0900-4.zip,202202141041,’†‹–€ŒSº˜a’¬‰Í“Œ’†“‡,727-5,,
19384-0900-4.zip,202202141041,’†‹–€ŒSº˜a’¬‰Í“Œ’†“‡,727-6,,
19384-0900-4.zip,202202141041,’†‹–€ŒSº˜a’¬‰Í“Œ’†“‡,728-1,,
19384-0900-4.zip,202202141041,’†‹–€ŒSº˜a’¬‰Í“Œ’†“‡,728-2,,
19384-0900-4.zip,202202141041,’†‹–€ŒSº˜a’¬‰Í“Œ’†“‡,728-3,,
19384-0900-4.zip,202202141041,’†‹–€ŒSº˜a’¬‰Í“Œ’†“‡,728-4,,
19384-0900-4.zip,202202141041,’†‹–€ŒSº˜a’¬‰Í“Œ’†“‡,728-5,,
19384-0900-4.zip,202202141041,’†‹–€ŒSº˜a’¬‰Í“Œ’†“‡,728-6,,
19384-0900-4.zip,202202141041,’†‹–€ŒSº˜a’¬‰Í“Œ’†“‡,728-7,,
19384-0900-4.zip,202202141041,’†‹–€ŒSº˜a’¬‰Í“Œ’†“‡,728-8,,
19384-0900-4.zip,202202141041,’†‹–€ŒSº˜a’¬‰Í“Œ’†“‡,728-9,,
19384-0900-4.zip,202202141041,’†‹–€ŒSº˜a’¬‰Í“Œ’†“‡,728-10,,
19384-0900-4.zip,202202141041,’†‹–€ŒSº˜a’¬‰Í“Œ’†“‡,728-11,,
19384-0900-4.zip,202202141041,’†‹–€ŒSº˜a’¬‰Í“Œ’†“‡,728-12,,
19384-0900-4.zip,202202141041,’†‹–€ŒSº˜a’¬‰Í“Œ’†“‡,728-13,,
19384-0900-4.zip,202202141041,’†‹–€ŒSº˜a’¬‰Í“Œ’†“‡,729-1,,
19384-0900-4.zip,202202141041,’†‹–€ŒSº˜a’¬‰Í“Œ’†“‡,729-2,,
19384-0900-4.zip,202202141041,’†‹–€ŒSº˜a’¬‰Í“Œ’†“‡,729-3,,
19384-0900-4.zip,202202141041,’†‹–€ŒSº˜a’¬‰Í“Œ’†“‡,729-4,,
19384-0900-4.zip,202202141041,’†‹–€ŒSº˜a’¬‰Í“Œ’†“‡,729-6,,
19384-0900-4.zip,202202141041,’†‹–€ŒSº˜a’¬‰Í“Œ’†“‡,729-7,,
19384-0900-4.zip,202202141041,’†‹–€ŒSº˜a’¬‰Í“Œ’†“‡,730-1,,
19384-0900-4.zip,202202141041,’†‹–€ŒSº˜a’¬‰Í“Œ’†“‡,730-2,,
19384-0900-4.zip,202202141041,’†‹–€ŒSº˜a’¬‰Í“Œ’†“‡,730-3,,
19384-0900-4.zip,202202141041,’†‹–€ŒSº˜a’¬‰Í“Œ’†“‡,730-4,,
19384-0900-4.zip,202202141041,’†‹–€ŒSº˜a’¬‰Í“Œ’†“‡,730-5,,
19384-0900-4.zip,202202141041,’†‹–€ŒSº˜a’¬‰Í“Œ’†“‡,730-6,,
19384-0900-4.zip,202202141041,’†‹–€ŒSº˜a’¬‰Í“Œ’†“‡,730-7,,
19384-0900-4.zip,202202141041,’†‹–€ŒSº˜a’¬‰Í“Œ’†“‡,730-8,,
19384-0900-4.zip,202202141041,’†‹–€ŒSº˜a’¬‰Í“Œ’†“‡,730-9,,
19384-0900-4.zip,202202141041,’†‹–€ŒSº˜a’¬‰Í“Œ’†“‡,730-10,,
19384-0900-4.zip,202202141041,’†‹–€ŒSº˜a’¬‰Í“Œ’†“‡,731,,
19384-0900-4.zip,202202141041,’†‹–€ŒSº˜a’¬‰Í“Œ’†“‡,732-1,,
19384-0900-4.zip,202202141041,’†‹–€ŒSº˜a’¬‰Í“Œ’†“‡,732-2,,
19384-0900-4.zip,202202141041,’†‹–€ŒSº˜a’¬‰Í“Œ’†“‡,732-3,,
19384-0900-4.zip,202202141041,’†‹–€ŒSº˜a’¬‰Í“Œ’†“‡,732-4,,
19384-0900-4.zip,202202141041,’†‹–€ŒSº˜a’¬‰Í“Œ’†“‡,732-5,,
19384-0900-4.zip,202202141041,’†‹–€ŒSº˜a’¬‰Í“Œ’†“‡,732-6,,
19384-0900-4.zip,202202141041,’†‹–€ŒSº˜a’¬‰Í“Œ’†“‡,732-7,,
19384-0900-4.zip,202202141041,’†‹–€ŒSº˜a’¬‰Í“Œ’†“‡,732-8,,
19384-0900-4.zip,202202141041,’†‹–€ŒSº˜a’¬‰Í“Œ’†“‡,732-9,,
19384-0900-4.zip,202202141041,’†‹–€ŒSº˜a’¬‰Í“Œ’†“‡,733-2,,
19384-0900-4.zip,202202141041,’†‹–€ŒSº˜a’¬‰Í“Œ’†“‡,734-1,,
19384-0900-4.zip,202202141041,’†‹–€ŒSº˜a’¬‰Í“Œ’†“‡,734-2,,
19384-0900-4.zip,202202141041,’†‹–€ŒSº˜a’¬‰Í“Œ’†“‡,734-3,,
19384-0900-4.zip,202202141041,’†‹–€ŒSº˜a’¬‰Í“Œ’†“‡,734-4,,
19384-0900-4.zip,202202141041,’†‹–€ŒSº˜a’¬‰Í“Œ’†“‡,734-5,,
19384-0900-4.zip,202202141041,’†‹–€ŒSº˜a’¬‰Í“Œ’†“‡,734-6,,
19384-0900-4.zip,202202141041,’†‹–€ŒSº˜a’¬‰Í“Œ’†“‡,734-7,,
19384-0900-4.zip,202202141041,’†‹–€ŒSº˜a’¬‰Í“Œ’†“‡,734-8,,
19384-0900-4.zip,202202141041,’†‹–€ŒSº˜a’¬‰Í“Œ’†“‡,734-9,,
19384-0900-4.zip,202202141041,’†‹–€ŒSº˜a’¬‰Í“Œ’†“‡,735-1,,
19384-0900-4.zip,202202141041,’†‹–€ŒSº˜a’¬‰Í“Œ’†“‡,735-2,,
19384-0900-4.zip,202202141041,’†‹–€ŒSº˜a’¬‰Í“Œ’†“‡,736-2,,
19384-0900-4.zip,202202141041,’†‹–€ŒSº˜a’¬‰Í“Œ’†“‡,740-1,,
19384-0900-4.zip,202202141041,’†‹–€ŒSº˜a’¬‰Í“Œ’†“‡,740-2,,
19384-0900-4.zip,202202141041,’†‹–€ŒSº˜a’¬‰Í“Œ’†“‡,740-3,,
19384-0900-4.zip,202202141041,’†‹–€ŒSº˜a’¬‰Í“Œ’†“‡,740-4,,
19384-0900-4.zip,202202141041,’†‹–€ŒSº˜a’¬‰Í“Œ’†“‡,743-2,,
19384-0900-4.zip,202202141041,’†‹–€ŒSº˜a’¬‰Í“Œ’†“‡,743-4,,
19384-0900-4.zip,202202141041,’†‹–€ŒSº˜a’¬‰Í“Œ’†“‡,744-1,,
19384-0900-4.zip,202202141041,’†‹–€ŒSº˜a’¬‰Í“Œ’†“‡,744-2,,
19384-0900-4.zip,202202141041,’†‹–€ŒSº˜a’¬‰Í“Œ’†“‡,744-3,,
19384-0900-4.zip,202202141041,’†‹–€ŒSº˜a’¬‰Í“Œ’†“‡,745-1,,
19384-0900-4.zip,202202141041,’†‹–€ŒSº˜a’¬‰Í“Œ’†“‡,745-2,,
19384-0900-4.zip,202202141041,’†‹–€ŒSº˜a’¬‰Í“Œ’†“‡,746-2,,
19384-0900-4.zip,202202141041,’†‹–€ŒSº˜a’¬‰Í“Œ’†“‡,747-2,,
19384-0900-4.zip,202202141041,’†‹–€ŒSº˜a’¬‰Í“Œ’†“‡,748-9,,
19384-0900-4.zip,202202141041,’†‹–€ŒSº˜a’¬‰Í“Œ’†“‡,748-10,,
19384-0900-4.zip,202202141041,’†‹–€ŒSº˜a’¬‰Í“Œ’†“‡,749-1,,
19384-0900-4.zip,202202141041,’†‹–€ŒSº˜a’¬‰Í“Œ’†“‡,749-6,,
19384-0900-4.zip,202202141041,’†‹–€ŒSº˜a’¬‰Í“Œ’†“‡,749-7,,
19384-0900-4.zip,202202141041,’†‹–€ŒSº˜a’¬‰Í“Œ’†“‡,749-8,,
19384-0900-4.zip,202202141041,’†‹–€ŒSº˜a’¬‰Í“Œ’†“‡,749-9,,
19384-0900-4.zip,202202141041,’†‹–€ŒSº˜a’¬‰Í“Œ’†“‡,749-10,,
19384-0900-4.zip,202202141041,’†‹–€ŒSº˜a’¬‰Í“Œ’†“‡,750-2,,
19384-0900-4.zip,202202141041,’†‹–€ŒSº˜a’¬‰Í“Œ’†“‡,750-4,,
19384-0900-4.zip,202202141041,’†‹–€ŒSº˜a’¬‰Í“Œ’†“‡,750-5,,
19384-0900-4.zip,202202141041,’†‹–€ŒSº˜a’¬‰Í“Œ’†“‡,750-6,,
19384-0900-4.zip,202202141041,’†‹–€ŒSº˜a’¬‰Í“Œ’†“‡,750-7,,
19384-0900-4.zip,202202141041,’†‹–€ŒSº˜a’¬‰Í“Œ’†“‡,“¹-15,,
19384-0900-4.zip,202202141041,’†‹–€ŒSº˜a’¬‰Í“Œ’†“‡,“¹-22,,
19384-0900-4.zip,202202141041,’†‹–€ŒSº˜a’¬‰Í“Œ’†“‡,“¹-531,,
19384-0900-4.zip,202202141041,’†‹–€ŒSº˜a’¬‰Í“Œ’†“‡,“¹-535,,
19384-0900-4.zip,202202141041,’†‹–€ŒSº˜a’¬‰Í“Œ’†“‡,“¹-539,,
19384-0900-4.zip,202202141041,’†‹–€ŒSº˜a’¬‰Í“Œ’†“‡,“¹-540,,
19384-0900-4.zip,202202141041,’†‹–€ŒSº˜a’¬‰Í“Œ’†“‡,“¹-542,,
19384-0900-4.zip,202202141041,’†‹–€ŒSº˜a’¬‰Í“Œ’†“‡,…-13,,
19384-0900-4.zip,202202141041,’†‹–€ŒSº˜a’¬‰Í“Œ’†“‡,…-14,,
19384-0900-4.zip,202202141041,’†‹–€ŒSº˜a’¬‰Í“Œ’†“‡,…-16,,
19384-0900-4.zip,202202141041,’†‹–€ŒSº˜a’¬‰Í“Œ’†“‡,…-17,,
19384-0900-4.zip,202202141041,’†‹–€ŒSº˜a’¬‰Í“Œ’†“‡,…-18,,
19384-0900-4.zip,202202141041,’†‹–€ŒSº˜a’¬‰Í“Œ’†“‡,…-19,,
19384-0900-4.zip,202202141041,’†‹–€ŒSº˜a’¬‰Í“Œ’†“‡,…-20,,
19384-0900-4.zip,202202141041,’†‹–€ŒSº˜a’¬‰Í“Œ’†“‡,…-21,,
19384-0900-4.zip,202202141041,’†‹–€ŒSº˜a’¬‰Í“Œ’†“‡,…-22,,
19384-0900-4.zip,202202141041,’†‹–€ŒSº˜a’¬‰Í“Œ’†“‡,…-23,,
19384-0900-4.zip,202202141041,’†‹–€ŒSº˜a’¬‰Í“Œ’†“‡,…-29,,
19384-0900-4.zip,202202141041,’†‹–€ŒSº˜a’¬‰Í“Œ’†“‡,…-30,,
19384-0900-4.zip,202202141041,’†‹–€ŒSº˜a’¬‰Í“Œ’†“‡,…-32,,
19384-0900-4.zip,202202141041,’†‹–€ŒSº˜a’¬‰Í“Œ’†“‡,…-33,,
19384-0900-4.zip,202202141041,’†‹–€ŒSº˜a’¬‰Í“Œ’†“‡,…-683,,
19384-0900-4.zip,202202141041,’†‹–€ŒSº˜a’¬‰Í“Œ’†“‡,…-690,,
19384-0900-4.zip,202202141041,’†‹–€ŒSº˜a’¬‰Í“Œ’†“‡,870-2,,
19384-0900-4.zip,202202141041,’†‹–€ŒSº˜a’¬‰Í“Œ’†“‡,872,,
19384-0900-4.zip,202202141041,’†‹–€ŒSº˜a’¬‰Í“Œ’†“‡,873-1,,
19384-0900-4.zip,202202141041,’†‹–€ŒSº˜a’¬‰Í“Œ’†“‡,873-2,,
19384-0900-4.zip,202202141041,’†‹–€ŒSº˜a’¬‰Í“Œ’†“‡,873-3,,
19384-0900-4.zip,202202141041,’†‹–€ŒSº˜a’¬‰Í“Œ’†“‡,873-4,,
19384-0900-4.zip,202202141041,’†‹–€ŒSº˜a’¬‰Í“Œ’†“‡,874,,
19384-0900-4.zip,202202141041,’†‹–€ŒSº˜a’¬‰Í“Œ’†“‡,876,,
19384-0900-4.zip,202202141041,’†‹–€ŒSº˜a’¬‰Í“Œ’†“‡,877-1,,
19384-0900-4.zip,202202141041,’†‹–€ŒSº˜a’¬‰Í“Œ’†“‡,877-2,,
19384-0900-4.zip,202202141041,’†‹–€ŒSº˜a’¬‰Í“Œ’†“‡,878,,
19384-0900-4.zip,202202141041,’†‹–€ŒSº˜a’¬‰Í“Œ’†“‡,879,,
19384-0900-4.zip,202202141041,’†‹–€ŒSº˜a’¬‰Í“Œ’†“‡,880,,
19384-0900-4.zip,202202141041,’†‹–€ŒSº˜a’¬‰Í“Œ’†“‡,881,,
19384-0900-4.zip,202202141041,’†‹–€ŒSº˜a’¬‰Í“Œ’†“‡,882-1,,
19384-0900-4.zip,202202141041,’†‹–€ŒSº˜a’¬‰Í“Œ’†“‡,883,,
19384-0900-4.zip,202202141041,’†‹–€ŒSº˜a’¬‰Í“Œ’†“‡,884,,
19384-0900-4.zip,202202141041,’†‹–€ŒSº˜a’¬‰Í“Œ’†“‡,885,,
19384-0900-4.zip,202202141041,’†‹–€ŒSº˜a’¬‰Í“Œ’†“‡,887-1,,
19384-0900-4.zip,202202141041,’†‹–€ŒSº˜a’¬‰Í“Œ’†“‡,887-2,,
19384-0900-4.zip,202202141041,’†‹–€ŒSº˜a’¬‰Í“Œ’†“‡,887-3,,
19384-0900-4.zip,202202141041,’†‹–€ŒSº˜a’¬‰Í“Œ’†“‡,889,,
19384-0900-4.zip,202202141041,’†‹–€ŒSº˜a’¬‰Í“Œ’†“‡,890,,
19384-0900-4.zip,202202141041,’†‹–€ŒSº˜a’¬‰Í“Œ’†“‡,892-1,,
19384-0900-4.zip,202202141041,’†‹–€ŒSº˜a’¬‰Í“Œ’†“‡,892-2,,
19384-0900-4.zip,202202141041,’†‹–€ŒSº˜a’¬‰Í“Œ’†“‡,–³’n”Ô-4,,
19384-0900-4.zip,202202141041,’†‹–€ŒSº˜a’¬‰Í“Œ’†“‡,“¹-521,,
19384-0900-4.zip,202202141041,’†‹–€ŒSº˜a’¬‰Í“Œ’†“‡,…-656,,
19384-0900-4.zip,202202141041,’†‹–€ŒSº˜a’¬‰Í“Œ’†“‡,…-667,,
19384-0900-4.zip,202202141041,’†‹–€ŒSº˜a’¬‰Í“Œ’†“‡,950-1,,
19384-0900-4.zip,202202141041,’†‹–€ŒSº˜a’¬‰Í“Œ’†“‡,950-3,,
19384-0900-4.zip,202202141041,’†‹–€ŒSº˜a’¬‰Í“Œ’†“‡,952-1,,
19384-0900-4.zip,202202141041,’†‹–€ŒSº˜a’¬‰Í“Œ’†“‡,952-2,,
19384-0900-4.zip,202202141041,’†‹–€ŒSº˜a’¬‰Í“Œ’†“‡,953-1,,
19384-0900-4.zip,202202141041,’†‹–€ŒSº˜a’¬‰Í“Œ’†“‡,953-2,,
19384-0900-4.zip,202202141041,’†‹–€ŒSº˜a’¬‰Í“Œ’†“‡,954-1,,
19384-0900-4.zip,202202141041,’†‹–€ŒSº˜a’¬‰Í“Œ’†“‡,954-2,,
19384-0900-4.zip,202202141041,’†‹–€ŒSº˜a’¬‰Í“Œ’†“‡,955-1,,
19384-0900-4.zip,202202141041,’†‹–€ŒSº˜a’¬‰Í“Œ’†“‡,955-2,,
19384-0900-4.zip,202202141041,’†‹–€ŒSº˜a’¬‰Í“Œ’†“‡,956-1,,
19384-0900-4.zip,202202141041,’†‹–€ŒSº˜a’¬‰Í“Œ’†“‡,956-2,,
19384-0900-4.zip,202202141041,’†‹–€ŒSº˜a’¬‰Í“Œ’†“‡,956-3,,
19384-0900-4.zip,202202141041,’†‹–€ŒSº˜a’¬‰Í“Œ’†“‡,957-1,,
19384-0900-4.zip,202202141041,’†‹–€ŒSº˜a’¬‰Í“Œ’†“‡,957-2,,
19384-0900-4.zip,202202141041,’†‹–€ŒSº˜a’¬‰Í“Œ’†“‡,958-1,,
19384-0900-4.zip,202202141041,’†‹–€ŒSº˜a’¬‰Í“Œ’†“‡,958-2,,
19384-0900-4.zip,202202141041,’†‹–€ŒSº˜a’¬‰Í“Œ’†“‡,958-3,,
19384-0900-4.zip,202202141041,’†‹–€ŒSº˜a’¬‰Í“Œ’†“‡,959,,
19384-0900-4.zip,202202141041,’†‹–€ŒSº˜a’¬‰Í“Œ’†“‡,960-1,,
19384-0900-4.zip,202202141041,’†‹–€ŒSº˜a’¬‰Í“Œ’†“‡,960-2,,
19384-0900-4.zip,202202141041,’†‹–€ŒSº˜a’¬‰Í“Œ’†“‡,961-1,,
19384-0900-4.zip,202202141041,’†‹–€ŒSº˜a’¬‰Í“Œ’†“‡,961-2,,
19384-0900-4.zip,202202141041,’†‹–€ŒSº˜a’¬‰Í“Œ’†“‡,961-3,,
19384-0900-4.zip,202202141041,’†‹–€ŒSº˜a’¬‰Í“Œ’†“‡,961-4,,
19384-0900-4.zip,202202141041,’†‹–€ŒSº˜a’¬‰Í“Œ’†“‡,962-1,,
19384-0900-4.zip,202202141041,’†‹–€ŒSº˜a’¬‰Í“Œ’†“‡,962-2,,
19384-0900-4.zip,202202141041,’†‹–€ŒSº˜a’¬‰Í“Œ’†“‡,962-3,,
19384-0900-4.zip,202202141041,’†‹–€ŒSº˜a’¬‰Í“Œ’†“‡,962-4,,
19384-0900-4.zip,202202141041,’†‹–€ŒSº˜a’¬‰Í“Œ’†“‡,962-5,,
19384-0900-4.zip,202202141041,’†‹–€ŒSº˜a’¬‰Í“Œ’†“‡,963-1,,
19384-0900-4.zip,202202141041,’†‹–€ŒSº˜a’¬‰Í“Œ’†“‡,963-2,,
19384-0900-4.zip,202202141041,’†‹–€ŒSº˜a’¬‰Í“Œ’†“‡,964-1,,
19384-0900-4.zip,202202141041,’†‹–€ŒSº˜a’¬‰Í“Œ’†“‡,964-2,,
19384-0900-4.zip,202202141041,’†‹–€ŒSº˜a’¬‰Í“Œ’†“‡,965-1,,
19384-0900-4.zip,202202141041,’†‹–€ŒSº˜a’¬‰Í“Œ’†“‡,965-2,,
19384-0900-4.zip,202202141041,’†‹–€ŒSº˜a’¬‰Í“Œ’†“‡,965-3,,
19384-0900-4.zip,202202141041,’†‹–€ŒSº˜a’¬‰Í“Œ’†“‡,965-4,,
19384-0900-4.zip,202202141041,’†‹–€ŒSº˜a’¬‰Í“Œ’†“‡,965-5,,
19384-0900-4.zip,202202141041,’†‹–€ŒSº˜a’¬‰Í“Œ’†“‡,965-6,,
19384-0900-4.zip,202202141041,’†‹–€ŒSº˜a’¬‰Í“Œ’†“‡,966-1,,
19384-0900-4.zip,202202141041,’†‹–€ŒSº˜a’¬‰Í“Œ’†“‡,966-2,,
19384-0900-4.zip,202202141041,’†‹–€ŒSº˜a’¬‰Í“Œ’†“‡,966-3,,
19384-0900-4.zip,202202141041,’†‹–€ŒSº˜a’¬‰Í“Œ’†“‡,967,,
19384-0900-4.zip,202202141041,’†‹–€ŒSº˜a’¬‰Í“Œ’†“‡,968-4,,
19384-0900-4.zip,202202141041,’†‹–€ŒSº˜a’¬‰Í“Œ’†“‡,968-5,,
19384-0900-4.zip,202202141041,’†‹–€ŒSº˜a’¬‰Í“Œ’†“‡,968-7,,
19384-0900-4.zip,202202141041,’†‹–€ŒSº˜a’¬‰Í“Œ’†“‡,969,,
19384-0900-4.zip,202202141041,’†‹–€ŒSº˜a’¬‰Í“Œ’†“‡,970-2,,
19384-0900-4.zip,202202141041,’†‹–€ŒSº˜a’¬‰Í“Œ’†“‡,971-1,,
19384-0900-4.zip,202202141041,’†‹–€ŒSº˜a’¬‰Í“Œ’†“‡,971-2,,
19384-0900-4.zip,202202141041,’†‹–€ŒSº˜a’¬‰Í“Œ’†“‡,“¹-18,,
19384-0900-4.zip,202202141041,’†‹–€ŒSº˜a’¬‰Í“Œ’†“‡,…-25,,
19384-0900-4.zip,202202141041,’†‹–€ŒSº˜a’¬‰Í“Œ’†“‡,…-26,,
19384-0900-4.zip,202202141041,’†‹–€ŒSº˜a’¬‰Í“Œ’†“‡,…-28,,
19384-0900-4.zip,202202141041,’†‹–€ŒSº˜a’¬‰Í“Œ’†“‡,1040,,
19384-0900-4.zip,202202141041,’†‹–€ŒSº˜a’¬‰Í“Œ’†“‡,1042-1,,
19384-0900-4.zip,202202141041,’†‹–€ŒSº˜a’¬‰Í“Œ’†“‡,1042-2,,
19384-0900-4.zip,202202141041,’†‹–€ŒSº˜a’¬‰Í“Œ’†“‡,1043,,
19384-0900-4.zip,202202141041,’†‹–€ŒSº˜a’¬‰Í“Œ’†“‡,1045,,
19384-0900-4.zip,202202141041,’†‹–€ŒSº˜a’¬‰Í“Œ’†“‡,1046,,
19384-0900-4.zip,202202141041,’†‹–€ŒSº˜a’¬‰Í“Œ’†“‡,1047-1,,
19384-0900-4.zip,202202141041,’†‹–€ŒSº˜a’¬‰Í“Œ’†“‡,1047-2,,
19384-0900-4.zip,202202141041,’†‹–€ŒSº˜a’¬‰Í“Œ’†“‡,1048,,
19384-0900-4.zip,202202141041,’†‹–€ŒSº˜a’¬‰Í“Œ’†“‡,1049-1,,
19384-0900-4.zip,202202141041,’†‹–€ŒSº˜a’¬‰Í“Œ’†“‡,1049-2,,
19384-0900-4.zip,202202141041,’†‹–€ŒSº˜a’¬‰Í“Œ’†“‡,1050-1,,
19384-0900-4.zip,202202141041,’†‹–€ŒSº˜a’¬‰Í“Œ’†“‡,1050-2,,
19384-0900-4.zip,202202141041,’†‹–€ŒSº˜a’¬‰Í“Œ’†“‡,–³’n”Ô-7,,
19384-0900-4.zip,202202141041,’†‹–€ŒSº˜a’¬‰Í“Œ’†“‡,“¹-24,,
19384-0900-4.zip,202202141041,’†‹–€ŒSº˜a’¬‰Í“Œ’†“‡,…-35,,
19384-0900-4.zip,202202141041,’†‹–€ŒSº˜a’¬‰Í“Œ’†“‡,…-37,,
19384-0900-4.zip,202202141041,’†‹–€ŒSº˜a’¬‰Í“Œ’†“‡,…-38,,
19384-0900-4.zip,202202141041,’†‹–€ŒSº˜a’¬‰Í“Œ’†“‡,’·‹·•¨•s–¾-203,,
19384-0900-4.zip,202202141041,’†‹–€ŒSº˜a’¬‰Í“Œ’†“‡,’·‹·•¨•s–¾-213,,
19384-0900-4.zip,202202141041,’†‹–€ŒSº˜a’¬‰Í“Œ’†“‡,’·‹·•¨•s–¾-217,,
19384-0900-4.zip,202202141041,’†‹–€ŒSº˜a’¬‰Í“Œ’†“‡,1138-1,,
19384-0900-4.zip,202202141041,’†‹–€ŒSº˜a’¬‰Í“Œ’†“‡,1138-2,,
19384-0900-4.zip,202202141041,’†‹–€ŒSº˜a’¬‰Í“Œ’†“‡,1138-3,,
19384-0900-4.zip,202202141041,’†‹–€ŒSº˜a’¬‰Í“Œ’†“‡,1138-4,,
19384-0900-4.zip,202202141041,’†‹–€ŒSº˜a’¬‰Í“Œ’†“‡,1138-5,,
19384-0900-4.zip,202202141041,’†‹–€ŒSº˜a’¬‰Í“Œ’†“‡,1138-6,,
19384-0900-4.zip,202202141041,’†‹–€ŒSº˜a’¬‰Í“Œ’†“‡,1138-7,,
19384-0900-4.zip,202202141041,’†‹–€ŒSº˜a’¬‰Í“Œ’†“‡,1139-1,,
19384-0900-4.zip,202202141041,’†‹–€ŒSº˜a’¬‰Í“Œ’†“‡,1139-2,,
19384-0900-4.zip,202202141041,’†‹–€ŒSº˜a’¬‰Í“Œ’†“‡,1139-3,,
19384-0900-4.zip,202202141041,’†‹–€ŒSº˜a’¬‰Í“Œ’†“‡,1139-4,,
19384-0900-4.zip,202202141041,’†‹–€ŒSº˜a’¬‰Í“Œ’†“‡,1140,,
19384-0900-4.zip,202202141041,’†‹–€ŒSº˜a’¬‰Í“Œ’†“‡,1142-1,,
19384-0900-4.zip,202202141041,’†‹–€ŒSº˜a’¬‰Í“Œ’†“‡,1142-2,,
19384-0900-4.zip,202202141041,’†‹–€ŒSº˜a’¬‰Í“Œ’†“‡,1142-5,,
19384-0900-4.zip,202202141041,’†‹–€ŒSº˜a’¬‰Í“Œ’†“‡,1145-1,,
19384-0900-4.zip,202202141041,’†‹–€ŒSº˜a’¬‰Í“Œ’†“‡,1145-2,,
19384-0900-4.zip,202202141041,’†‹–€ŒSº˜a’¬‰Í“Œ’†“‡,1145-3,,
19384-0900-4.zip,202202141041,’†‹–€ŒSº˜a’¬‰Í“Œ’†“‡,1145-4,,
19384-0900-4.zip,202202141041,’†‹–€ŒSº˜a’¬‰Í“Œ’†“‡,1145-5,,
19384-0900-4.zip,202202141041,’†‹–€ŒSº˜a’¬‰Í“Œ’†“‡,1145-6,,
19384-0900-4.zip,202202141041,’†‹–€ŒSº˜a’¬‰Í“Œ’†“‡,1145-7,,
19384-0900-4.zip,202202141041,’†‹–€ŒSº˜a’¬‰Í“Œ’†“‡,1145-8,,
19384-0900-4.zip,202202141041,’†‹–€ŒSº˜a’¬‰Í“Œ’†“‡,1145-9,,
19384-0900-4.zip,202202141041,’†‹–€ŒSº˜a’¬‰Í“Œ’†“‡,1145-10,,
19384-0900-4.zip,202202141041,’†‹–€ŒSº˜a’¬‰Í“Œ’†“‡,1146-1,,
19384-0900-4.zip,202202141041,’†‹–€ŒSº˜a’¬‰Í“Œ’†“‡,1146-2,,
19384-0900-4.zip,202202141041,’†‹–€ŒSº˜a’¬‰Í“Œ’†“‡,1147-1,,
19384-0900-4.zip,202202141041,’†‹–€ŒSº˜a’¬‰Í“Œ’†“‡,1147-2,,
19384-0900-4.zip,202202141041,’†‹–€ŒSº˜a’¬‰Í“Œ’†“‡,1148-1,,
19384-0900-4.zip,202202141041,’†‹–€ŒSº˜a’¬‰Í“Œ’†“‡,1148-2,,
19384-0900-4.zip,202202141041,’†‹–€ŒSº˜a’¬‰Í“Œ’†“‡,1149-1,,
19384-0900-4.zip,202202141041,’†‹–€ŒSº˜a’¬‰Í“Œ’†“‡,1149-2,,
19384-0900-4.zip,202202141041,’†‹–€ŒSº˜a’¬‰Í“Œ’†“‡,1150,,
19384-0900-4.zip,202202141041,’†‹–€ŒSº˜a’¬‰Í“Œ’†“‡,1151-1,,
19384-0900-4.zip,202202141041,’†‹–€ŒSº˜a’¬‰Í“Œ’†“‡,1151-2,,
19384-0900-4.zip,202202141041,’†‹–€ŒSº˜a’¬‰Í“Œ’†“‡,1151-3,,
19384-0900-4.zip,202202141041,’†‹–€ŒSº˜a’¬‰Í“Œ’†“‡,1151-6,,
19384-0900-4.zip,202202141041,’†‹–€ŒSº˜a’¬‰Í“Œ’†“‡,1151-7,,
19384-0900-4.zip,202202141041,’†‹–€ŒSº˜a’¬‰Í“Œ’†“‡,1151-8,,
19384-0900-4.zip,202202141041,’†‹–€ŒSº˜a’¬‰Í“Œ’†“‡,1152-1,,
19384-0900-4.zip,202202141041,’†‹–€ŒSº˜a’¬‰Í“Œ’†“‡,1152-2,,
19384-0900-4.zip,202202141041,’†‹–€ŒSº˜a’¬‰Í“Œ’†“‡,1152-3,,
19384-0900-4.zip,202202141041,’†‹–€ŒSº˜a’¬‰Í“Œ’†“‡,1153-1,,
19384-0900-4.zip,202202141041,’†‹–€ŒSº˜a’¬‰Í“Œ’†“‡,1153-2,,
19384-0900-4.zip,202202141041,’†‹–€ŒSº˜a’¬‰Í“Œ’†“‡,1153-3,,
19384-0900-4.zip,202202141041,’†‹–€ŒSº˜a’¬‰Í“Œ’†“‡,“¹-458,,
19384-0900-4.zip,202202141041,’†‹–€ŒSº˜a’¬‰Í“Œ’†“‡,…-1,,
19384-0900-4.zip,202202141041,’†‹–€ŒSº˜a’¬‰Í“Œ’†“‡,…-611,,
19384-0900-4.zip,202202141041,’†‹–€ŒSº˜a’¬‰Í“Œ’†“‡,…-644,,
19384-0900-4.zip,202202141041,’†‹–€ŒSº˜a’¬‰Í“Œ’†“‡,1356-1,,
19384-0900-4.zip,202202141041,’†‹–€ŒSº˜a’¬‰Í“Œ’†“‡,1356-2,,
19384-0900-4.zip,202202141041,’†‹–€ŒSº˜a’¬‰Í“Œ’†“‡,1356-3,,
19384-0900-4.zip,202202141041,’†‹–€ŒSº˜a’¬‰Í“Œ’†“‡,1356-4,,
19384-0900-4.zip,202202141041,’†‹–€ŒSº˜a’¬‰Í“Œ’†“‡,1357,,
19384-0900-4.zip,202202141041,’†‹–€ŒSº˜a’¬‰Í“Œ’†“‡,1358,,
19384-0900-4.zip,202202141041,’†‹–€ŒSº˜a’¬‰Í“Œ’†“‡,1359,,
19384-0900-4.zip,202202141041,’†‹–€ŒSº˜a’¬‰Í“Œ’†“‡,1360,,
19384-0900-4.zip,202202141041,’†‹–€ŒSº˜a’¬‰Í“Œ’†“‡,1362-1,,
19384-0900-4.zip,202202141041,’†‹–€ŒSº˜a’¬‰Í“Œ’†“‡,1362-3,,
19384-0900-4.zip,202202141041,’†‹–€ŒSº˜a’¬‰Í“Œ’†“‡,1362-4,,
19384-0900-4.zip,202202141041,’†‹–€ŒSº˜a’¬‰Í“Œ’†“‡,1365,,
19384-0900-4.zip,202202141041,’†‹–€ŒSº˜a’¬‰Í“Œ’†“‡,1366-1,,
19384-0900-4.zip,202202141041,’†‹–€ŒSº˜a’¬‰Í“Œ’†“‡,1366-2,,
19384-0900-4.zip,202202141041,’†‹–€ŒSº˜a’¬‰Í“Œ’†“‡,–³’n”Ô-8,,
19384-0900-4.zip,202202141041,’†‹–€ŒSº˜a’¬‰Í“Œ’†“‡,“¹-26,,
19384-0900-4.zip,202202141041,’†‹–€ŒSº˜a’¬‰Í“Œ’†“‡,“¹-27,,
19384-0900-4.zip,202202141041,’†‹–€ŒSº˜a’¬‰Í“Œ’†“‡,…-40,,
19384-0900-4.zip,202202141041,’†‹–€ŒSº˜a’¬‰Í“Œ’†“‡,’·‹·•¨•s–¾-11,,
19384-0900-4.zip,202202141041,’†‹–€ŒSº˜a’¬‰Í“Œ’†“‡,’·‹·•¨•s–¾-12,,
19384-0900-4.zip,202202141041,’†‹–€ŒSº˜a’¬‰Í“Œ’†“‡,’·‹·•¨•s–¾-13,,
19384-0900-4.zip,202202141041,’†‹–€ŒSº˜a’¬‰Í“Œ’†“‡,’·‹·•¨•s–¾-14,,
19384-0900-4.zip,202202141041,’†‹–€ŒSº˜a’¬‰Í“Œ’†“‡,’·‹·•¨•s–¾-205,,
19384-0900-4.zip,202202141041,’†‹–€ŒSº˜a’¬‰Í“Œ’†“‡,’·‹·•¨•s–¾-214,,
19384-0900-4.zip,202202141041,’†‹–€ŒSº˜a’¬‰Í“Œ’†“‡,’·‹·•¨•s–¾-216,,
19384-0900-4.zip,202202141041,’†‹–€ŒSº˜a’¬‰Í“Œ’†“‡,’·‹·•¨•s–¾-224,,
19384-0900-4.zip,202202141041,’†‹–€ŒSº˜a’¬‰Í“Œ’†“‡,’·‹·•¨•s–¾-236,,
19384-0900-4.zip,202202141041,’†‹–€ŒSº˜a’¬‰Í“Œ’†“‡,’·‹·•¨•s–¾-244,,
19384-0900-4.zip,202202141041,’†‹–€ŒSº˜a’¬‰Í“Œ’†“‡,’·‹·•¨•s–¾-245,,
19384-0900-4.zip,202202141041,’†‹–€ŒSº˜a’¬‰Í“Œ’†“‡,’·‹·•¨•s–¾-249,,
19384-0900-4.zip,202202141041,’†‹–€ŒSº˜a’¬‰Í“Œ’†“‡,’·‹·•¨•s–¾-250,,
19384-0900-4.zip,202202141041,’†‹–€ŒSº˜a’¬‰Í“Œ’†“‡,1511,,
19384-0900-4.zip,202202141041,’†‹–€ŒSº˜a’¬‰Í“Œ’†“‡,1512-1,,
19384-0900-4.zip,202202141041,’†‹–€ŒSº˜a’¬‰Í“Œ’†“‡,1512-2,,
19384-0900-4.zip,202202141041,’†‹–€ŒSº˜a’¬‰Í“Œ’†“‡,1512-3,,
19384-0900-4.zip,202202141041,’†‹–€ŒSº˜a’¬‰Í“Œ’†“‡,1515-1,,
19384-0900-4.zip,202202141041,’†‹–€ŒSº˜a’¬‰Í“Œ’†“‡,1515-2,,
19384-0900-4.zip,202202141041,’†‹–€ŒSº˜a’¬‰Í“Œ’†“‡,1515-3,,
19384-0900-4.zip,202202141041,’†‹–€ŒSº˜a’¬‰Í“Œ’†“‡,1520-1,,
19384-0900-4.zip,202202141041,’†‹–€ŒSº˜a’¬‰Í“Œ’†“‡,1521-1,,
19384-0900-4.zip,202202141041,’†‹–€ŒSº˜a’¬‰Í“Œ’†“‡,1521-2,,
19384-0900-4.zip,202202141041,’†‹–€ŒSº˜a’¬‰Í“Œ’†“‡,1525,,
19384-0900-4.zip,202202141041,’†‹–€ŒSº˜a’¬‰Í“Œ’†“‡,1526-1,,
19384-0900-4.zip,202202141041,’†‹–€ŒSº˜a’¬‰Í“Œ’†“‡,1526-2,,
19384-0900-4.zip,202202141041,’†‹–€ŒSº˜a’¬‰Í“Œ’†“‡,1530,,
19384-0900-4.zip,202202141041,’†‹–€ŒSº˜a’¬‰Í“Œ’†“‡,1531,,
19384-0900-4.zip,202202141041,’†‹–€ŒSº˜a’¬‰Í“Œ’†“‡,1532,,
19384-0900-4.zip,202202141041,’†‹–€ŒSº˜a’¬‰Í“Œ’†“‡,1533,,
19384-0900-4.zip,202202141041,’†‹–€ŒSº˜a’¬‰Í“Œ’†“‡,“¹-31,,
19384-0900-4.zip,202202141041,’†‹–€ŒSº˜a’¬‰Í“Œ’†“‡,“¹-33,,
19384-0900-4.zip,202202141041,’†‹–€ŒSº˜a’¬‰Í“Œ’†“‡,’·‹·•¨•s–¾-1,,
19384-0900-4.zip,202202141041,’†‹–€ŒSº˜a’¬‰Í“Œ’†“‡,’·‹·•¨•s–¾-19,,
19384-0900-4.zip,202202141041,’†‹–€ŒSº˜a’¬‰Í“Œ’†“‡,1574-1,,
19384-0900-4.zip,202202141041,’†‹–€ŒSº˜a’¬‰Í“Œ’†“‡,1574-2,,
19384-0900-4.zip,202202141041,’†‹–€ŒSº˜a’¬‰Í“Œ’†“‡,1574-3,,
19384-0900-4.zip,202202141041,’†‹–€ŒSº˜a’¬‰Í“Œ’†“‡,1574-4,,
19384-0900-4.zip,202202141041,’†‹–€ŒSº˜a’¬‰Í“Œ’†“‡,1574-5,,
19384-0900-4.zip,202202141041,’†‹–€ŒSº˜a’¬‰Í“Œ’†“‡,1575-1,,
19384-0900-4.zip,202202141041,’†‹–€ŒSº˜a’¬‰Í“Œ’†“‡,1575-2,,
19384-0900-4.zip,202202141041,’†‹–€ŒSº˜a’¬‰Í“Œ’†“‡,1575-3,,
19384-0900-4.zip,202202141041,’†‹–€ŒSº˜a’¬‰Í“Œ’†“‡,1575-4,,
19384-0900-4.zip,202202141041,’†‹–€ŒSº˜a’¬‰Í“Œ’†“‡,1575-5,,
19384-0900-4.zip,202202141041,’†‹–€ŒSº˜a’¬‰Í“Œ’†“‡,1575-6,,
19384-0900-4.zip,202202141041,’†‹–€ŒSº˜a’¬‰Í“Œ’†“‡,1575-7,,
19384-0900-4.zip,202202141041,’†‹–€ŒSº˜a’¬‰Í“Œ’†“‡,1575-8,,
19384-0900-4.zip,202202141041,’†‹–€ŒSº˜a’¬‰Í“Œ’†“‡,1575-9,,
19384-0900-4.zip,202202141041,’†‹–€ŒSº˜a’¬‰Í“Œ’†“‡,1575-10,,
19384-0900-4.zip,202202141041,’†‹–€ŒSº˜a’¬‰Í“Œ’†“‡,1575-11,,
19384-0900-4.zip,202202141041,’†‹–€ŒSº˜a’¬‰Í“Œ’†“‡,1575-12,,
19384-0900-4.zip,202202141041,’†‹–€ŒSº˜a’¬‰Í“Œ’†“‡,1575-13,,
19384-0900-4.zip,202202141041,’†‹–€ŒSº˜a’¬‰Í“Œ’†“‡,1576-1,,
19384-0900-4.zip,202202141041,’†‹–€ŒSº˜a’¬‰Í“Œ’†“‡,1576-2,,
19384-0900-4.zip,202202141041,’†‹–€ŒSº˜a’¬‰Í“Œ’†“‡,1576-3,,
19384-0900-4.zip,202202141041,’†‹–€ŒSº˜a’¬‰Í“Œ’†“‡,1576-4,,
19384-0900-4.zip,202202141041,’†‹–€ŒSº˜a’¬‰Í“Œ’†“‡,1576-5,,
19384-0900-4.zip,202202141041,’†‹–€ŒSº˜a’¬‰Í“Œ’†“‡,1576-6,,
19384-0900-4.zip,202202141041,’†‹–€ŒSº˜a’¬‰Í“Œ’†“‡,1576-7,,
19384-0900-4.zip,202202141041,’†‹–€ŒSº˜a’¬‰Í“Œ’†“‡,1576-8,,
19384-0900-4.zip,202202141041,’†‹–€ŒSº˜a’¬‰Í“Œ’†“‡,1576-9,,
19384-0900-4.zip,202202141041,’†‹–€ŒSº˜a’¬‰Í“Œ’†“‡,1577-1,,
19384-0900-4.zip,202202141041,’†‹–€ŒSº˜a’¬‰Í“Œ’†“‡,1577-2,,
19384-0900-4.zip,202202141041,’†‹–€ŒSº˜a’¬‰Í“Œ’†“‡,1577-3,,
19384-0900-4.zip,202202141041,’†‹–€ŒSº˜a’¬‰Í“Œ’†“‡,1577-4,,
19384-0900-4.zip,202202141041,’†‹–€ŒSº˜a’¬‰Í“Œ’†“‡,1577-5,,
19384-0900-4.zip,202202141041,’†‹–€ŒSº˜a’¬‰Í“Œ’†“‡,1580-1,,
19384-0900-4.zip,202202141041,’†‹–€ŒSº˜a’¬‰Í“Œ’†“‡,1580-2,,
19384-0900-4.zip,202202141041,’†‹–€ŒSº˜a’¬‰Í“Œ’†“‡,1580-3,,
19384-0900-4.zip,202202141041,’†‹–€ŒSº˜a’¬‰Í“Œ’†“‡,1580-4,,
19384-0900-4.zip,202202141041,’†‹–€ŒSº˜a’¬‰Í“Œ’†“‡,1581,,
19384-0900-4.zip,202202141041,’†‹–€ŒSº˜a’¬‰Í“Œ’†“‡,1582-1,,
19384-0900-4.zip,202202141041,’†‹–€ŒSº˜a’¬‰Í“Œ’†“‡,1582-2,,
19384-0900-4.zip,202202141041,’†‹–€ŒSº˜a’¬‰Í“Œ’†“‡,1583-4,,
19384-0900-4.zip,202202141041,’†‹–€ŒSº˜a’¬‰Í“Œ’†“‡,1586-1,,
19384-0900-4.zip,202202141041,’†‹–€ŒSº˜a’¬‰Í“Œ’†“‡,1586-2,,
19384-0900-4.zip,202202141041,’†‹–€ŒSº˜a’¬‰Í“Œ’†“‡,1587-2,,
19384-0900-4.zip,202202141041,’†‹–€ŒSº˜a’¬‰Í“Œ’†“‡,1588,,
19384-0900-4.zip,202202141041,’†‹–€ŒSº˜a’¬‰Í“Œ’†“‡,1589-2,,
19384-0900-4.zip,202202141041,’†‹–€ŒSº˜a’¬‰Í“Œ’†“‡,1593-2,,
19384-0900-4.zip,202202141041,’†‹–€ŒSº˜a’¬‰Í“Œ’†“‡,1596-1,,
19384-0900-4.zip,202202141041,’†‹–€ŒSº˜a’¬‰Í“Œ’†“‡,1596-2,,
19384-0900-4.zip,202202141041,’†‹–€ŒSº˜a’¬‰Í“Œ’†“‡,1596-3,,
19384-0900-4.zip,202202141041,’†‹–€ŒSº˜a’¬‰Í“Œ’†“‡,1596-4,,
19384-0900-4.zip,202202141041,’†‹–€ŒSº˜a’¬‰Í“Œ’†“‡,1596-5,,
19384-0900-4.zip,202202141041,’†‹–€ŒSº˜a’¬‰Í“Œ’†“‡,1596-6,,
19384-0900-4.zip,202202141041,’†‹–€ŒSº˜a’¬‰Í“Œ’†“‡,1596-8,,
19384-0900-4.zip,202202141041,’†‹–€ŒSº˜a’¬‰Í“Œ’†“‡,1599-2,,
19384-0900-4.zip,202202141041,’†‹–€ŒSº˜a’¬‰Í“Œ’†“‡,1599-3,,
19384-0900-4.zip,202202141041,’†‹–€ŒSº˜a’¬‰Í“Œ’†“‡,1599-4,,
19384-0900-4.zip,202202141041,’†‹–€ŒSº˜a’¬‰Í“Œ’†“‡,1599-5,,
19384-0900-4.zip,202202141041,’†‹–€ŒSº˜a’¬‰Í“Œ’†“‡,1599-6,,
19384-0900-4.zip,202202141041,’†‹–€ŒSº˜a’¬‰Í“Œ’†“‡,1600-1,,
19384-0900-4.zip,202202141041,’†‹–€ŒSº˜a’¬‰Í“Œ’†“‡,1600-2,,
19384-0900-4.zip,202202141041,’†‹–€ŒSº˜a’¬‰Í“Œ’†“‡,1600-3,,
19384-0900-4.zip,202202141041,’†‹–€ŒSº˜a’¬‰Í“Œ’†“‡,1600-4,,
19384-0900-4.zip,202202141041,’†‹–€ŒSº˜a’¬‰Í“Œ’†“‡,1600-5,,
19384-0900-4.zip,202202141041,’†‹–€ŒSº˜a’¬‰Í“Œ’†“‡,1600-6,,
19384-0900-4.zip,202202141041,’†‹–€ŒSº˜a’¬‰Í“Œ’†“‡,1664-1,,
19384-0900-4.zip,202202141041,’†‹–€ŒSº˜a’¬‰Í“Œ’†“‡,1664-2,,
19384-0900-4.zip,202202141041,’†‹–€ŒSº˜a’¬‰Í“Œ’†“‡,1664-3,,
19384-0900-4.zip,202202141041,’†‹–€ŒSº˜a’¬‰Í“Œ’†“‡,1664-4,,
19384-0900-4.zip,202202141041,’†‹–€ŒSº˜a’¬‰Í“Œ’†“‡,1664-5,,
19384-0900-4.zip,202202141041,’†‹–€ŒSº˜a’¬‰Í“Œ’†“‡,1664-6,,
19384-0900-4.zip,202202141041,’†‹–€ŒSº˜a’¬‰Í“Œ’†“‡,1664-7,,
19384-0900-4.zip,202202141041,’†‹–€ŒSº˜a’¬‰Í“Œ’†“‡,1664-8,,
19384-0900-4.zip,202202141041,’†‹–€ŒSº˜a’¬‰Í“Œ’†“‡,1664-9,,
19384-0900-4.zip,202202141041,’†‹–€ŒSº˜a’¬‰Í“Œ’†“‡,–³’n”Ô-10,,
19384-0900-4.zip,202202141041,’†‹–€ŒSº˜a’¬‰Í“Œ’†“‡,–³’n”Ô-11,,
19384-0900-4.zip,202202141041,’†‹–€ŒSº˜a’¬‰Í“Œ’†“‡,–³’n”Ô-12,,
19384-0900-4.zip,202202141041,’†‹–€ŒSº˜a’¬‰Í“Œ’†“‡,–³’n”Ô-13,,
19384-0900-4.zip,202202141041,’†‹–€ŒSº˜a’¬‰Í“Œ’†“‡,–³’n”Ô-14,,
19384-0900-4.zip,202202141041,’†‹–€ŒSº˜a’¬‰Í“Œ’†“‡,–³’n”Ô-15,,
19384-0900-4.zip,202202141041,’†‹–€ŒSº˜a’¬‰Í“Œ’†“‡,“¹-35,,
19384-0900-4.zip,202202141041,’†‹–€ŒSº˜a’¬‰Í“Œ’†“‡,“¹-36,,
19384-0900-4.zip,202202141041,’†‹–€ŒSº˜a’¬‰Í“Œ’†“‡,“¹-37,,
19384-0900-4.zip,202202141041,’†‹–€ŒSº˜a’¬‰Í“Œ’†“‡,“¹-38,,
19384-0900-4.zip,202202141041,’†‹–€ŒSº˜a’¬‰Í“Œ’†“‡,…-48,,
19384-0900-4.zip,202202141041,’†‹–€ŒSº˜a’¬‰Í“Œ’†“‡,…-49,,
19384-0900-4.zip,202202141041,’†‹–€ŒSº˜a’¬‰Í“Œ’†“‡,…-50,,
19384-0900-4.zip,202202141041,’†‹–€ŒSº˜a’¬‰Í“Œ’†“‡,…-51,,
19384-0900-4.zip,202202141041,’†‹–€ŒSº˜a’¬‰Í“Œ’†“‡,…-52,,
19384-0900-4.zip,202202141041,’†‹–€ŒSº˜a’¬‰Í“Œ’†“‡,…-53,,
19384-0900-4.zip,202202141041,’†‹–€ŒSº˜a’¬‰Í“Œ’†“‡,…-54,,
19384-0900-4.zip,202202141041,’†‹–€ŒSº˜a’¬‰Í“Œ’†“‡,…-55,,
19384-0900-4.zip,202202141041,’†‹–€ŒSº˜a’¬‰Í“Œ’†“‡,…-56,,
19384-0900-4.zip,202202141041,’†‹–€ŒSº˜a’¬‰Í“Œ’†“‡,…-57,,
19384-0900-4.zip,202202141041,’†‹–€ŒSº˜a’¬‰Í“Œ’†“‡,…-58,,
19384-0900-4.zip,202202141041,’†‹–€ŒSº˜a’¬‰Í“Œ’†“‡,…-60,,
19384-0900-4.zip,202202141041,’†‹–€ŒSº˜a’¬‰Í“Œ’†“‡,’·‹·•¨•s–¾-2,,
19384-0900-4.zip,202202141041,’†‹–€ŒSº˜a’¬‰Í“Œ’†“‡,’·‹·•¨•s–¾-18,,
19384-0900-4.zip,202202141041,’†‹–€ŒSº˜a’¬‰Í“Œ’†“‡,’·‹·•¨•s–¾-21,,
19384-0900-4.zip,202202141041,’†‹–€ŒSº˜a’¬‰Í“Œ’†“‡,’·‹·•¨•s–¾-25,,
19384-0900-4.zip,202202141041,’†‹–€ŒSº˜a’¬‰Í“Œ’†“‡,’·‹·•¨•s–¾-204,,
19384-0900-4.zip,202202141041,’†‹–€ŒSº˜a’¬‰Í“Œ’†“‡,’·‹·•¨•s–¾-222,,
19384-0900-4.zip,202202141041,’†‹–€ŒSº˜a’¬‰Í“Œ’†“‡,’·‹·•¨•s–¾-229,,
19384-0900-4.zip,202202141041,’†‹–€ŒSº˜a’¬‰Í“Œ’†“‡,’·‹·•¨•s–¾-238,,
19384-0900-4.zip,202202141041,’†‹–€ŒSº˜a’¬‰Í“Œ’†“‡,’·‹·•¨•s–¾-239,,
19384-0900-4.zip,202202141041,’†‹–€ŒSº˜a’¬‰Í“Œ’†“‡,1673-1,,
19384-0900-4.zip,202202141041,’†‹–€ŒSº˜a’¬‰Í“Œ’†“‡,1673-2,,
19384-0900-4.zip,202202141041,’†‹–€ŒSº˜a’¬‰Í“Œ’†“‡,1673-3,,
19384-0900-4.zip,202202141041,’†‹–€ŒSº˜a’¬‰Í“Œ’†“‡,1673-4,,
19384-0900-4.zip,202202141041,’†‹–€ŒSº˜a’¬‰Í“Œ’†“‡,1674-1,,
19384-0900-4.zip,202202141041,’†‹–€ŒSº˜a’¬‰Í“Œ’†“‡,1674-2,,
19384-0900-4.zip,202202141041,’†‹–€ŒSº˜a’¬‰Í“Œ’†“‡,1710,,
19384-0900-4.zip,202202141041,’†‹–€ŒSº˜a’¬‰Í“Œ’†“‡,1712,,
19384-0900-4.zip,202202141041,’†‹–€ŒSº˜a’¬‰Í“Œ’†“‡,1713,,
19384-0900-4.zip,202202141041,’†‹–€ŒSº˜a’¬‰Í“Œ’†“‡,1846-2,,
19384-0900-4.zip,202202141041,’†‹–€ŒSº˜a’¬‰Í“Œ’†“‡,1847-1,,
19384-0900-4.zip,202202141041,’†‹–€ŒSº˜a’¬‰Í“Œ’†“‡,1847-2,,
19384-0900-4.zip,202202141041,’†‹–€ŒSº˜a’¬‰Í“Œ’†“‡,1848,,
19384-0900-4.zip,202202141041,’†‹–€ŒSº˜a’¬‰Í“Œ’†“‡,1849-1,,
19384-0900-4.zip,202202141041,’†‹–€ŒSº˜a’¬‰Í“Œ’†“‡,1849-2,,
19384-0900-4.zip,202202141041,’†‹–€ŒSº˜a’¬‰Í“Œ’†“‡,1849-3,,
19384-0900-4.zip,202202141041,’†‹–€ŒSº˜a’¬‰Í“Œ’†“‡,1850-1,,
19384-0900-4.zip,202202141041,’†‹–€ŒSº˜a’¬‰Í“Œ’†“‡,1850-2,,
19384-0900-4.zip,202202141041,’†‹–€ŒSº˜a’¬‰Í“Œ’†“‡,1851-1,,
19384-0900-4.zip,202202141041,’†‹–€ŒSº˜a’¬‰Í“Œ’†“‡,1851-2,,
19384-0900-4.zip,202202141041,’†‹–€ŒSº˜a’¬‰Í“Œ’†“‡,1852,,
19384-0900-4.zip,202202141041,’†‹–€ŒSº˜a’¬‰Í“Œ’†“‡,1853,,
19384-0900-4.zip,202202141041,’†‹–€ŒSº˜a’¬‰Í“Œ’†“‡,’·‹·•¨•s–¾-8,,
19384-0900-4.zip,202202141041,’†‹–€ŒSº˜a’¬‰Í“Œ’†“‡,’·‹·•¨•s–¾-200,,
19384-0900-4.zip,202202141041,’†‹–€ŒSº˜a’¬‰Í“Œ’†“‡,’·‹·•¨•s–¾-221,,
19384-0900-4.zip,202202141041,’†‹–€ŒSº˜a’¬‰Í“Œ’†“‡,’·‹·•¨•s–¾-226,,
19384-0900-4.zip,202202141041,’†‹–€ŒSº˜a’¬‰Í“Œ’†“‡,’·‹·•¨•s–¾-228,,
19384-0900-4.zip,202202141041,’†‹–€ŒSº˜a’¬‰Í“Œ’†“‡,’·‹·•¨•s–¾-241,,
19384-0900-4.zip,202202141041,’†‹–€ŒSº˜a’¬‰Í“Œ’†“‡,’·‹·•¨•s–¾-248,,
19384-0900-4.zip,202202141041,’†‹–€ŒSº˜a’¬‰Í“Œ’†“‡,1959,,
19384-0900-4.zip,202202141041,’†‹–€ŒSº˜a’¬‰Í“Œ’†“‡,1960-1,,
19384-0900-4.zip,202202141041,’†‹–€ŒSº˜a’¬‰Í“Œ’†“‡,1960-2,,
19384-0900-4.zip,202202141041,’†‹–€ŒSº˜a’¬‰Í“Œ’†“‡,1961,,
19384-0900-4.zip,202202141041,’†‹–€ŒSº˜a’¬‰Í“Œ’†“‡,1962-1,,
19384-0900-4.zip,202202141041,’†‹–€ŒSº˜a’¬‰Í“Œ’†“‡,1962-2,,
19384-0900-4.zip,202202141041,’†‹–€ŒSº˜a’¬‰Í“Œ’†“‡,1962-3,,
19384-0900-4.zip,202202141041,’†‹–€ŒSº˜a’¬‰Í“Œ’†“‡,1962-4,,
19384-0900-4.zip,202202141041,’†‹–€ŒSº˜a’¬‰Í“Œ’†“‡,1966-2,,
19384-0900-4.zip,202202141041,’†‹–€ŒSº˜a’¬‰Í“Œ’†“‡,1968-1,,
19384-0900-4.zip,202202141041,’†‹–€ŒSº˜a’¬‰Í“Œ’†“‡,1968-2,,
19384-0900-4.zip,202202141041,’†‹–€ŒSº˜a’¬‰Í“Œ’†“‡,1968-3,,
19384-0900-4.zip,202202141041,’†‹–€ŒSº˜a’¬‰Í“Œ’†“‡,1968-4,,
19384-0900-4.zip,202202141041,’†‹–€ŒSº˜a’¬‰Í“Œ’†“‡,1968-5,,
19384-0900-4.zip,202202141041,’†‹–€ŒSº˜a’¬‰Í“Œ’†“‡,1972-1,,
19384-0900-4.zip,202202141041,’†‹–€ŒSº˜a’¬‰Í“Œ’†“‡,1972-2,,
19384-0900-4.zip,202202141041,’†‹–€ŒSº˜a’¬‰Í“Œ’†“‡,1973,,
19384-0900-4.zip,202202141041,’†‹–€ŒSº˜a’¬‰Í“Œ’†“‡,1974,,
19384-0900-4.zip,202202141041,’†‹–€ŒSº˜a’¬‰Í“Œ’†“‡,1975-1,,
19384-0900-4.zip,202202141041,’†‹–€ŒSº˜a’¬‰Í“Œ’†“‡,1975-2,,
19384-0900-4.zip,202202141041,’†‹–€ŒSº˜a’¬‰Í“Œ’†“‡,1976-1,,
19384-0900-4.zip,202202141041,’†‹–€ŒSº˜a’¬‰Í“Œ’†“‡,1976-2,,
19384-0900-4.zip,202202141041,’†‹–€ŒSº˜a’¬‰Í“Œ’†“‡,1976-3,,
19384-0900-4.zip,202202141041,’†‹–€ŒSº˜a’¬‰Í“Œ’†“‡,1977,,
19384-0900-4.zip,202202141041,’†‹–€ŒSº˜a’¬‰Í“Œ’†“‡,1978-1,,
19384-0900-4.zip,202202141041,’†‹–€ŒSº˜a’¬‰Í“Œ’†“‡,1978-2,,
19384-0900-4.zip,202202141041,’†‹–€ŒSº˜a’¬‰Í“Œ’†“‡,1978-3,,
19384-0900-4.zip,202202141041,’†‹–€ŒSº˜a’¬‰Í“Œ’†“‡,1984-1,,
19384-0900-4.zip,202202141041,’†‹–€ŒSº˜a’¬‰Í“Œ’†“‡,1984-2,,
19384-0900-4.zip,202202141041,’†‹–€ŒSº˜a’¬‰Í“Œ’†“‡,1985,,
19384-0900-4.zip,202202141041,’†‹–€ŒSº˜a’¬‰Í“Œ’†“‡,1988,,
19384-0900-4.zip,202202141041,’†‹–€ŒSº˜a’¬‰Í“Œ’†“‡,1989,,
19384-0900-4.zip,202202141041,’†‹–€ŒSº˜a’¬‰Í“Œ’†“‡,1990,,
19384-0900-4.zip,202202141041,’†‹–€ŒSº˜a’¬‰Í“Œ’†“‡,1991,,
19384-0900-4.zip,202202141041,’†‹–€ŒSº˜a’¬‰Í“Œ’†“‡,1992-1,,
19384-0900-4.zip,202202141041,’†‹–€ŒSº˜a’¬‰Í“Œ’†“‡,1992-2,,
19384-0900-4.zip,202202141041,’†‹–€ŒSº˜a’¬‰Í“Œ’†“‡,–³’n”Ô-1,,
19384-0900-4.zip,202202141041,’†‹–€ŒSº˜a’¬‰Í“Œ’†“‡,’·‹·•¨•s–¾-5,,
19384-0900-4.zip,202202141041,’†‹–€ŒSº˜a’¬‰Í“Œ’†“‡,’·‹·•¨•s–¾-9,,
19384-0900-4.zip,202202141041,’†‹–€ŒSº˜a’¬‰Í“Œ’†“‡,’·‹·•¨•s–¾-10,,
19384-0900-4.zip,202202141041,’†‹–€ŒSº˜a’¬‰Í“Œ’†“‡,’·‹·•¨•s–¾-206,,
19384-0900-4.zip,202202141041,’†‹–€ŒSº˜a’¬‰Í“Œ’†“‡,’·‹·•¨•s–¾-209,,
19384-0900-4.zip,202202141041,’†‹–€ŒSº˜a’¬‰Í“Œ’†“‡,’·‹·•¨•s–¾-215,,
19384-0900-4.zip,202202141041,’†‹–€ŒSº˜a’¬‰Í“Œ’†“‡,’·‹·•¨•s–¾-227,,
19384-0900-4.zip,202202141041,’†‹–€ŒSº˜a’¬‰Í“Œ’†“‡,’·‹·•¨•s–¾-240,,
19384-0900-4.zip,202202141041,’†‹–€ŒSº˜a’¬‰Í“Œ’†“‡,’·‹·•¨•s–¾-246,,
19384-0900-4.zip,202202141041,’†‹–€ŒSº˜a’¬‰Í“Œ’†“‡,’·‹·•¨•s–¾-251,,
19384-0900-4.zip,202202141041,’†‹–€ŒSº˜a’¬‰Í“Œ’†“‡,’·‹·•¨•s–¾-252,,
19384-0900-4.zip,202202141041,’†‹–€ŒSº˜a’¬‰Í“Œ’†“‡,748-12,,
19384-0900-4.zip,202202141041,’†‹–€ŒSº˜a’¬‰Í“Œ’†“‡,747-4,,
19384-0900-4.zip,202202141041,’†‹–€ŒSº˜a’¬‰Í“Œ’†“‡,748-11,,
19384-0900-4.zip,202202141041,’†‹–€ŒSº˜a’¬‰Í“Œ’†“‡,748-6,,
19384-0900-4.zip,202202141041,’†‹–€ŒSº˜a’¬‰Í“Œ’†“‡,748-13,,
19384-0900-4.zip,202202141041,’†‹–€ŒSº˜a’¬‰Í“Œ’†“‡,748-15,,
19384-0900-4.zip,202202141041,’†‹–€ŒSº˜a’¬‰Í“Œ’†“‡,748-14,,
19384-0900-4.zip,202202141041,’†‹–€ŒSº˜a’¬‰Í“Œ’†“‡,742-2,,
19384-0900-4.zip,202202141041,’†‹–€ŒSº˜a’¬‰Í“Œ’†“‡,“¹-538,,
19384-0900-4.zip,202202141041,’†‹–€ŒSº˜a’¬‰Í“Œ’†“‡,743-5,,
19384-0900-4.zip,202202141041,’†‹–€ŒSº˜a’¬‰Í“Œ’†“‡,743-3,,
19384-0900-4.zip,202202141041,’†‹–€ŒSº˜a’¬‰Í“Œ’†“‡,747-3,,
19384-0900-4.zip,202202141041,’†‹–€ŒSº˜a’¬‰Í“Œ’†“‡,721-4,,
19384-0900-4.zip,202202141041,’†‹–€ŒSº˜a’¬‰Í“Œ’†“‡,721-1,,
19384-0900-4.zip,202202141041,’†‹–€ŒSº˜a’¬‰Í“Œ’†“‡,721-3,,
19384-0900-4.zip,202202141041,’†‹–€ŒSº˜a’¬‰Í“Œ’†“‡,720-1,,
19384-0900-4.zip,202202141041,’†‹–€ŒSº˜a’¬‰Í“Œ’†“‡,743-6,,
19384-0900-4.zip,202202141041,’†‹–€ŒSº˜a’¬‰Í“Œ’†“‡,743-1,,
19384-0900-4.zip,202202141041,’†‹–€ŒSº˜a’¬‰Í“Œ’†“‡,742-1,,
19384-0900-4.zip,202202141041,’†‹–€ŒSº˜a’¬‰Í“Œ’†“‡,1518-1,,
19384-0900-4.zip,202202141041,’†‹–€ŒSº˜a’¬‰Í“Œ’†“‡,1518-2,,
19384-0900-4.zip,202202141041,’†‹–€ŒSº˜a’¬‰Í“Œ’†“‡,1520-8,,
19384-0900-4.zip,202202141041,’†‹–€ŒSº˜a’¬‰Í“Œ’†“‡,1520-5,,
19384-0900-4.zip,202202141041,’†‹–€ŒSº˜a’¬‰Í“Œ’†“‡,1520-7,,
19384-0900-4.zip,202202141041,’†‹–€ŒSº˜a’¬‰Í“Œ’†“‡,1520-4,,
19384-0900-4.zip,202202141041,’†‹–€ŒSº˜a’¬‰Í“Œ’†“‡,1520-6,,
19384-0900-4.zip,202202141041,’†‹–€ŒSº˜a’¬‰Í“Œ’†“‡,1520-3,,
19384-0900-4.zip,202202141041,’†‹–€ŒSº˜a’¬‰Í“Œ’†“‡,1520-2,,
19384-0900-4.zip,202202141041,’†‹–€ŒSº˜a’¬‰Í“Œ’†“‡,1578-1,,
19384-0900-4.zip,202202141041,’†‹–€ŒSº˜a’¬‰Í“Œ’†“‡,1578-3,,
19384-0900-4.zip,202202141041,’†‹–€ŒSº˜a’¬‰Í“Œ’†“‡,1578-2,,
19384-0900-4.zip,202202141041,’†‹–€ŒSº˜a’¬‰Í“Œ’†“‡,871-2,,
19384-0900-4.zip,202202141041,’†‹–€ŒSº˜a’¬‰Í“Œ’†“‡,…-675,,
19384-0900-4.zip,202202141041,’†‹–€ŒSº˜a’¬,“¹-726,,
19384-0900-4.zip,202202141041,’†‹–€ŒSº˜a’¬‰Í“Œ’†“‡,871,,
19384-0900-4.zip,202202141041,’†‹–€ŒSº˜a’¬‰Í“Œ’†“‡,1527-1,,
19384-0900-4.zip,202202141041,’†‹–€ŒSº˜a’¬‰Í“Œ’†“‡,1527-3,,
19384-0900-4.zip,202202141041,’†‹–€ŒSº˜a’¬‰Í“Œ’†“‡,…-46,,
19384-0900-4.zip,202202141041,’†‹–€ŒSº˜a’¬‰Í“Œ’†“‡,1527-2,,
19384-0900-4.zip,202202141041,’†‹–€ŒSº˜a’¬‰Í“Œ’†“‡,1528-2,,
19384-0900-4.zip,202202141041,’†‹–€ŒSº˜a’¬‰Í“Œ’†“‡,1528-1,,
19384-0900-4.zip,202202141041,’†‹–€ŒSº˜a’¬‰Í“Œ’†“‡,…-44,,
19384-0900-4.zip,202202141041,’†‹–€ŒSº˜a’¬‰Í“Œ’†“‡,1519-1,,
19384-0900-4.zip,202202141041,’†‹–€ŒSº˜a’¬‰Í“Œ’†“‡,1519-3,,
19384-0900-4.zip,202202141041,’†‹–€ŒSº˜a’¬‰Í“Œ’†“‡,1519-2,,
19384-0900-4.zip,202202141041,’†‹–€ŒSº˜a’¬‰Í“Œ’†“‡,1592-2,,
19384-0900-4.zip,202202141041,’†‹–€ŒSº˜a’¬‰Í“Œ’†“‡,1597-7,,
19384-0900-4.zip,202202141041,’†‹–€ŒSº˜a’¬‰Í“Œ’†“‡,1597-5,,
19384-0900-4.zip,202202141041,’†‹–€ŒSº˜a’¬‰Í“Œ’†“‡,1597-2,,
19384-0900-4.zip,202202141041,’†‹–€ŒSº˜a’¬‰Í“Œ’†“‡,1529-2,,
19384-0900-4.zip,202202141041,’†‹–€ŒSº˜a’¬‰Í“Œ’†“‡,1529-1,,
19384-0900-4.zip,202202141041,’†‹–€ŒSº˜a’¬‰Í“Œ’†“‡,…-45,,
19384-0900-4.zip,202202141041,’†‹–€ŒSº˜a’¬‰Í“Œ’†“‡,1585-3,,
19384-0900-4.zip,202202141041,’†‹–€ŒSº˜a’¬‰Í“Œ’†“‡,1583-12,,
19384-0900-4.zip,202202141041,’†‹–€ŒSº˜a’¬‰Í“Œ’†“‡,1583-5,,
19384-0900-4.zip,202202141041,’†‹–€ŒSº˜a’¬‰Í“Œ’†“‡,1579-1,,
19384-0900-4.zip,202202141041,’†‹–€ŒSº˜a’¬‰Í“Œ’†“‡,1579-4,,
19384-0900-4.zip,202202141041,’†‹–€ŒSº˜a’¬‰Í“Œ’†“‡,1579-3,,
19384-0900-4.zip,202202141041,’†‹–€ŒSº˜a’¬‰Í“Œ’†“‡,1579-5,,
19384-0900-4.zip,202202141041,’†‹–€ŒSº˜a’¬‰Í“Œ’†“‡,1579-6,,
19384-0900-4.zip,202202141041,’†‹–€ŒSº˜a’¬‰Í“Œ’†“‡,1579-2,,
19384-0900-4.zip,202202141041,’†‹–€ŒSº˜a’¬‰Í“Œ’†“‡,1583-15,,
19384-0900-4.zip,202202141041,’†‹–€ŒSº˜a’¬‰Í“Œ’†“‡,1583-6,,
19384-0900-4.zip,202202141041,’†‹–€ŒSº˜a’¬‰Í“Œ’†“‡,1583-1,,
19384-0900-4.zip,202202141041,’†‹–€ŒSº˜a’¬‰Í“Œ’†“‡,1583-14,,
19384-0900-4.zip,202202141041,’†‹–€ŒSº˜a’¬‰Í“Œ’†“‡,1583-3,,
19384-0900-4.zip,202202141041,’†‹–€ŒSº˜a’¬‰Í“Œ’†“‡,1845-3,,
19384-0900-4.zip,202202141041,’†‹–€ŒSº˜a’¬‰Í“Œ’†“‡,1845-4,,
19384-0900-4.zip,202202141041,’†‹–€ŒSº˜a’¬‰Í“Œ’†“‡,1845-1,,
19384-0900-4.zip,202202141041,’†‹–€ŒSº˜a’¬‰Í“Œ’†“‡,1845-2,,
19384-0900-4.zip,202202141041,’†‹–€ŒSº˜a’¬‰Í“Œ’†“‡,’·‹·•¨•s–¾-235,,
19384-0900-4.zip,202202141041,’†‹–€ŒSº˜a’¬‰Í“Œ’†“‡,1513-2,,
19384-0900-4.zip,202202141041,’†‹–€ŒSº˜a’¬‰Í“Œ’†“‡,1513-1,,
19384-0900-4.zip,202202141041,’†‹–€ŒSº˜a’¬‰Í“Œ’†“‡,…-43,,
19384-0900-4.zip,202202141041,’†‹–€ŒSº˜a’¬‰Í“Œ’†“‡,720-5,,
19384-0900-4.zip,202202141041,’†‹–€ŒSº˜a’¬‰Í“Œ’†“‡,720-7,,
19384-0900-4.zip,202202141041,’†‹–€ŒSº˜a’¬‰Í“Œ’†“‡,…-695,,
19384-0900-4.zip,202202141041,’†‹–€ŒSº˜a’¬‰Í“Œ’†“‡,720-2,,
19384-0900-4.zip,202202141041,’†‹–€ŒSº˜a’¬‰Í“Œ’†“‡,1585-5,,
19384-0900-4.zip,202202141041,’†‹–€ŒSº˜a’¬‰Í“Œ’†“‡,719-8,,
19384-0900-4.zip,202202141041,’†‹–€ŒSº˜a’¬‰Í“Œ’†“‡,719-7,,
19384-0900-4.zip,202202141041,’†‹–€ŒSº˜a’¬‰Í“Œ’†“‡,719-4,,
19384-0900-4.zip,202202141041,’†‹–€ŒSº˜a’¬‰Í“Œ’†“‡,719-1,,
19384-0900-4.zip,202202141041,’†‹–€ŒSº˜a’¬‰Í“Œ’†“‡,719-2,,
19384-0900-4.zip,202202141041,’†‹–€ŒSº˜a’¬‰Í“Œ’†“‡,719-6,,
19384-0900-4.zip,202202141041,’†‹–€ŒSº˜a’¬‰Í“Œ’†“‡,719-9,,
19384-0900-4.zip,202202141041,’†‹–€ŒSº˜a’¬‰Í“Œ’†“‡,722-2,,
19384-0900-4.zip,202202141041,’†‹–€ŒSº˜a’¬‰Í“Œ’†“‡,722-1,,
19384-0900-4.zip,202202141041,’†‹–€ŒSº˜a’¬‰Í“Œ’†“‡,722-6,,
19384-0900-4.zip,202202141041,’†‹–€ŒSº˜a’¬‰Í“Œ’†“‡,722-8,,
19384-0900-4.zip,202202141041,’†‹–€ŒSº˜a’¬‰Í“Œ’†“‡,722-7,,
19384-0900-4.zip,202202141041,’†‹–€ŒSº˜a’¬‰Í“Œ’†“‡,722-4,,
19384-0900-4.zip,202202141041,’†‹–€ŒSº˜a’¬‰Í“Œ’†“‡,“¹-525,,
19384-0900-4.zip,202202141041,’†‹–€ŒSº˜a’¬‰Í“Œ’†“‡,719-10,,
19384-0900-4.zip,202202141041,’†‹–€ŒSº˜a’¬‰Í“Œ’†“‡,722-3,,
19384-0900-4.zip,202202141041,’†‹–€ŒSº˜a’¬‰Í“Œ’†“‡,729-8,,
19384-0900-4.zip,202202141041,’†‹–€ŒSº˜a’¬‰Í“Œ’†“‡,729-5,,
19384-0900-4.zip,202202141041,’†‹–€ŒSº˜a’¬‰Í“Œ’†“‡,1711-1,,
19384-0900-4.zip,202202141041,’†‹–€ŒSº˜a’¬‰Í“Œ’†“‡,1711-3,,
19384-0900-4.zip,202202141041,’†‹–€ŒSº˜a’¬‰Í“Œ’†“‡,1711-2,,
19384-0900-4.zip,202202141041,’†‹–€ŒSº˜a’¬‰Í“Œ’†“‡,…-61,,
19384-0900-4.zip,202202141041,’†‹–€ŒSº˜a’¬‰Í“Œ’†“‡,1585-4,,
19384-0900-4.zip,202202141041,’†‹–€ŒSº˜a’¬‰Í“Œ’†“‡,1585-6,,
19384-0900-4.zip,202202141041,’†‹–€ŒSº˜a’¬‰Í“Œ’†“‡,1585-1,,
19384-0900-4.zip,202202141041,’†‹–€ŒSº˜a’¬‰Í“Œ’†“‡,1585-2,,
19384-0900-4.zip,202202141041,’†‹–€ŒSº˜a’¬‰Í“Œ’†“‡,746-4,,
19384-0900-4.zip,202202141041,’†‹–€ŒSº˜a’¬‰Í“Œ’†“‡,746-1,,
19384-0900-4.zip,202202141041,’†‹–€ŒSº˜a’¬‰Í“Œ’†“‡,746-3,,
19384-0900-4.zip,202202141041,’†‹–€ŒSº˜a’¬‰Í“Œ’†“‡,750-1,,
19384-0900-4.zip,202202141041,’†‹–€ŒSº˜a’¬‰Í“Œ’†“‡,750-3,,
19384-0900-4.zip,202202141041,’†‹–€ŒSº˜a’¬‰Í“Œ’†“‡,733-1,,
19384-0900-4.zip,202202141041,’†‹–€ŒSº˜a’¬‰Í“Œ’†“‡,733-3,,
19384-0900-4.zip,202202141041,’†‹–€ŒSº˜a’¬‰Í“Œ’†“‡,736-4,,
19384-0900-4.zip,202202141041,’†‹–€ŒSº˜a’¬‰Í“Œ’†“‡,736-1,,
19384-0900-4.zip,202202141041,’†‹–€ŒSº˜a’¬‰Í“Œ’†“‡,736-3,,
19384-0900-4.zip,202202141041,’†‹–€ŒSº˜a’¬‰Í“Œ’†“‡,…-59,,
19384-0900-4.zip,202202141041,’†‹–€ŒSº˜a’¬‰Í“Œ’†“‡,1595-1,,
19384-0900-4.zip,202202141041,’†‹–€ŒSº˜a’¬‰Í“Œ’†“‡,1595-2,,
19384-0900-4.zip,202202141041,’†‹–€ŒSº˜a’¬‰Í“Œ’†“‡,951-1,,
19384-0900-4.zip,202202141041,’†‹–€ŒSº˜a’¬‰Í“Œ’†“‡,951-2,,
19384-0900-4.zip,202202141041,’†‹–€ŒSº˜a’¬‰Í“Œ’†“‡,951-3,,
19384-0900-4.zip,202202141041,’†‹–€ŒSº˜a’¬‰Í“Œ’†“‡,951-4,,
19384-0900-4.zip,202202141041,’†‹–€ŒSº˜a’¬‰Í“Œ’†“‡,950-2,,
19384-0900-4.zip,202202141041,’†‹–€ŒSº˜a’¬‰Í“Œ’†“‡,…-27,,
19384-0900-4.zip,202202141041,’†‹–€ŒSº˜a’¬‰Í“Œ’†“‡,“¹-536,,
19384-0900-4.zip,202202141041,’†‹–€ŒSº˜a’¬‰Í“Œ’†“‡,748-2,,
19384-0900-4.zip,202202141041,’†‹–€ŒSº˜a’¬‰Í“Œ’†“‡,748-17,,
19384-0900-4.zip,202202141041,’†‹–€ŒSº˜a’¬‰Í“Œ’†“‡,748-1,,
19384-0900-4.zip,202202141041,’†‹–€ŒSº˜a’¬‰Í“Œ’†“‡,748-16,,
19384-0900-4.zip,202202141041,’†‹–€ŒSº˜a’¬‰Í“Œ’†“‡,574-2,,
19384-0900-4.zip,202202141041,’†‹–€ŒSº˜a’¬‰Í“Œ’†“‡,574-3,,
19384-0900-4.zip,202202141041,’†‹–€ŒSº˜a’¬‰Í“Œ’†“‡,574-1,,
19384-0900-4.zip,202202141041,’†‹–€ŒSº˜a’¬‰Í“Œ’†“‡,’·‹·•¨•s–¾-212,,
19384-0900-4.zip,202202141041,’†‹–€ŒSº˜a’¬‰Í“Œ’†“‡,571-1,,
19384-0900-4.zip,202202141041,’†‹–€ŒSº˜a’¬‰Í“Œ’†“‡,1583-16,,
19384-0900-4.zip,202202141041,’†‹–€ŒSº˜a’¬‰Í“Œ’†“‡,1583-7,,
19384-0900-4.zip,202202141041,’†‹–€ŒSº˜a’¬‰Í“Œ’†“‡,639-3,,
19384-0900-4.zip,202202141041,’†‹–€ŒSº˜a’¬‰Í“Œ’†“‡,639-6,,
19384-0900-4.zip,202202141041,’†‹–€ŒSº˜a’¬‰Í“Œ’†“‡,639-4,,
19384-0900-4.zip,202202141041,’†‹–€ŒSº˜a’¬‰Í“Œ’†“‡,639-7,,
19384-0900-4.zip,202202141041,’†‹–€ŒSº˜a’¬‰Í“Œ’†“‡,639-1,,
19384-0900-4.zip,202202141041,’†‹–€ŒSº˜a’¬‰Í“Œ’†“‡,639-2,,
19384-0900-4.zip,202202141041,’†‹–€ŒSº˜a’¬‰Í“Œ’†“‡,639-5,,
19384-0900-4.zip,202202141041,’†‹–€ŒSº˜a’¬‰Í“Œ’†“‡,’·‹·•¨•s–¾-223,,
19384-0900-4.zip,202202141041,’†‹–€ŒSº˜a’¬‰Í“Œ’†“‡,1583-17,,
19384-0900-4.zip,202202141041,’†‹–€ŒSº˜a’¬‰Í“Œ’†“‡,1583-8,,
19384-0900-4.zip,202202141041,’†‹–€ŒSº˜a’¬‰Í“Œ’†“‡,1583-2,,
19384-0900-4.zip,202202141041,’†‹–€ŒSº˜a’¬‰Í“Œ’†“‡,1583-13,,
19384-0900-4.zip,202202141041,’†‹–€ŒSº˜a’¬‰Í“Œ’†“‡,968-1,,
19384-0900-4.zip,202202141041,’†‹–€ŒSº˜a’¬‰Í“Œ’†“‡,968-8,,
19384-0900-4.zip,202202141041,’†‹–€ŒSº˜a’¬‰Í“Œ’†“‡,968-3,,
19384-0900-4.zip,202202141041,’†‹–€ŒSº˜a’¬‰Í“Œ’†“‡,968-6,,
19384-0900-4.zip,202202141041,’†‹–€ŒSº˜a’¬‰Í“Œ’†“‡,970-1,,
19384-0900-4.zip,202202141041,’†‹–€ŒSº˜a’¬‰Í“Œ’†“‡,968-2,,
19384-0900-4.zip,202202141041,’†‹–€ŒSº˜a’¬‰Í“Œ’†“‡,891-1,,
19384-0900-4.zip,202202141041,’†‹–€ŒSº˜a’¬‰Í“Œ’†“‡,1589-1,,
19384-0900-4.zip,202202141041,’†‹–€ŒSº˜a’¬‰Í“Œ’†“‡,1589-3,,
19384-0900-4.zip,202202141041,’†‹–€ŒSº˜a’¬‰Í“Œ’†“‡,1587-1,,
19384-0900-4.zip,202202141041,’†‹–€ŒSº˜a’¬‰Í“Œ’†“‡,1594-1,,
19384-0900-4.zip,202202141041,’†‹–€ŒSº˜a’¬‰Í“Œ’†“‡,1593-3,,
19384-0900-4.zip,202202141041,’†‹–€ŒSº˜a’¬‰Í“Œ’†“‡,1593-1,,
19384-0900-4.zip,202202141041,’†‹–€ŒSº˜a’¬‰Í“Œ’†“‡,“¹-39,,
19384-0900-4.zip,202202141041,’†‹–€ŒSº˜a’¬‰Í“Œ’†“‡,1594-2,,
19384-0900-4.zip,202202141041,’†‹–€ŒSº˜a’¬‰Í“Œ’†“‡,1590-3,,
19384-0900-4.zip,202202141041,’†‹–€ŒSº˜a’¬‰Í“Œ’†“‡,1590-2,,
19384-0900-4.zip,202202141041,’†‹–€ŒSº˜a’¬‰Í“Œ’†“‡,1141-1,,
19384-0900-4.zip,202202141041,’†‹–€ŒSº˜a’¬‰Í“Œ’†“‡,1141-2,,
19384-0900-4.zip,202202141041,’†‹–€ŒSº˜a’¬‰Í“Œ’†“‡,…-630,,
19384-0900-4.zip,202202141041,’†‹–€ŒSº˜a’¬‰Í“Œ’†“‡,747-5,,
19384-0900-4.zip,202202141041,’†‹–€ŒSº˜a’¬‰Í“Œ’†“‡,747-1,,
19384-0900-4.zip,202202141041,’†‹–€ŒSº˜a’¬‰Í“Œ’†“‡,…-31,,
19384-0900-4.zip,202202141041,’†‹–€ŒSº˜a’¬‰Í“Œ’†“‡,1592-5,,
19384-0900-4.zip,202202141041,’†‹–€ŒSº˜a’¬‰Í“Œ’†“‡,1592-7,,
19384-0900-4.zip,202202141041,’†‹–€ŒSº˜a’¬‰Í“Œ’†“‡,888-2,,
19384-0900-4.zip,202202141041,’†‹–€ŒSº˜a’¬‰Í“Œ’†“‡,888-1,,
19384-0900-4.zip,202202141041,’†‹–€ŒSº˜a’¬‰Í“Œ’†“‡,888-4,,
19384-0900-4.zip,202202141041,’†‹–€ŒSº˜a’¬‰Í“Œ’†“‡,888-3,,
19384-0900-4.zip,202202141041,’†‹–€ŒSº˜a’¬‰Í“Œ’†“‡,882-2,,
19384-0900-4.zip,202202141041,’†‹–€ŒSº˜a’¬‰Í“Œ’†“‡,738-1,,
19384-0900-4.zip,202202141041,’†‹–€ŒSº˜a’¬‰Í“Œ’†“‡,738-3,,
19384-0900-4.zip,202202141041,’†‹–€ŒSº˜a’¬‰Í“Œ’†“‡,738-2,,
19384-0900-4.zip,202202141041,’†‹–€ŒSº˜a’¬‰Í“Œ’†“‡,808,,
19384-0900-4.zip,202202141041,’†‹–€ŒSº˜a’¬‰Í“Œ’†“‡,1963-1,,
19384-0900-4.zip,202202141041,’†‹–€ŒSº˜a’¬‰Í“Œ’†“‡,1963-2,,
19384-0900-4.zip,202202141041,’†‹–€ŒSº˜a’¬‰Í“Œ’†“‡,1958-1,,
19384-0900-4.zip,202202141041,’†‹–€ŒSº˜a’¬‰Í“Œ’†“‡,1958-2,,
19384-0900-4.zip,202202141041,’†‹–€ŒSº˜a’¬‰Í“Œ’†“‡,’·‹·•¨•s–¾-233,,
19384-0900-4.zip,202202141041,’†‹–€ŒSº˜a’¬‰Í“Œ’†“‡,1846-4,,
19384-0900-4.zip,202202141041,’†‹–€ŒSº˜a’¬‰Í“Œ’†“‡,1846-1,,
19384-0900-4.zip,202202141041,’†‹–€ŒSº˜a’¬‰Í“Œ’†“‡,1846-3,,
19384-0900-4.zip,202202141041,’†‹–€ŒSº˜a’¬‰Í“Œ’†“‡,’·‹·•¨•s–¾-210,,
19384-0900-4.zip,202202141041,’†‹–€ŒSº˜a’¬‰Í“Œ’†“‡,1964-2,,
19384-0900-4.zip,202202141041,’†‹–€ŒSº˜a’¬‰Í“Œ’†“‡,1964-1,,
19384-0900-4.zip,202202141041,’†‹–€ŒSº˜a’¬‰Í“Œ’†“‡,723-2,,
19384-0900-4.zip,202202141041,’†‹–€ŒSº˜a’¬‰Í“Œ’†“‡,724,,
19384-0900-4.zip,202202141041,’†‹–€ŒSº˜a’¬‰Í“Œ’†“‡,723-4,,
19384-0900-4.zip,202202141041,’†‹–€ŒSº˜a’¬‰Í“Œ’†“‡,723-3,,
19384-0900-4.zip,202202141041,’†‹–€ŒSº˜a’¬‰Í“Œ’†“‡,1041-2,,
19384-0900-4.zip,202202141041,’†‹–€ŒSº˜a’¬‰Í“Œ’†“‡,1041-1,,
19384-0900-4.zip,202202141041,’†‹–€ŒSº˜a’¬‰Í“Œ’†“‡,…-36,,
19384-0900-4.zip,202202141041,’†‹–€ŒSº˜a’¬‰Í“Œ’†“‡,1044,,
19384-0900-4.zip,202202141041,’†‹–€ŒSº˜a’¬‰Í“Œ’†“‡,1965-1,,
19384-0900-4.zip,202202141041,’†‹–€ŒSº˜a’¬‰Í“Œ’†“‡,1965-2,,
19384-0900-4.zip,202202141041,’†‹–€ŒSº˜a’¬‰Í“Œ’†“‡,1966-1,,
19384-0900-4.zip,202202141041,’†‹–€ŒSº˜a’¬‰Í“Œ’†“‡,1967-1,,
19384-0900-4.zip,202202141041,’†‹–€ŒSº˜a’¬‰Í“Œ’†“‡,1967-3,,
19384-0900-4.zip,202202141041,’†‹–€ŒSº˜a’¬‰Í“Œ’†“‡,1967-2,,
19384-0900-4.zip,202202141041,’†‹–€ŒSº˜a’¬‰Í“Œ’†“‡,1592-8,,
19384-0900-4.zip,202202141041,’†‹–€ŒSº˜a’¬‰Í“Œ’†“‡,1592-1,,
19384-0900-4.zip,202202141041,’†‹–€ŒSº˜a’¬‰Í“Œ’†“‡,1592-6,,
19384-0900-4.zip,202202141041,’†‹–€ŒSº˜a’¬‰Í“Œ’†“‡,1592-4,,
19384-0900-4.zip,202202141041,’†‹–€ŒSº˜a’¬‰Í“Œ’†“‡,1592-3,,
19384-0900-4.zip,202202141041,’†‹–€ŒSº˜a’¬‰Í“Œ’†“‡,1590-1,,
19384-0900-4.zip,202202141041,’†‹–€ŒSº˜a’¬‰Í“Œ’†“‡,1590-5,,
19384-0900-4.zip,202202141041,’†‹–€ŒSº˜a’¬‰Í“Œ’†“‡,1590-4,,
19384-0900-4.zip,202202141041,’†‹–€ŒSº˜a’¬‰Í“Œ’†“‡,1591-1,,
19384-0900-4.zip,202202141041,’†‹–€ŒSº˜a’¬‰Í“Œ’†“‡,1591-3,,
19384-0900-4.zip,202202141041,’†‹–€ŒSº˜a’¬‰Í“Œ’†“‡,1591-2,,
19384-0900-4.zip,202202141041,’†‹–€ŒSº˜a’¬‰Í“Œ’†“‡,870-7,,
19384-0900-4.zip,202202141041,’†‹–€ŒSº˜a’¬‰Í“Œ’†“‡,870-4,,
19384-0900-4.zip,202202141041,’†‹–€ŒSº˜a’¬‰Í“Œ’†“‡,870-6,,
19384-0900-4.zip,202202141041,’†‹–€ŒSº˜a’¬‰Í“Œ’†“‡,870-3,,
19384-0900-4.zip,202202141041,’†‹–€ŒSº˜a’¬‰Í“Œ’†“‡,870-8,,
19384-0900-4.zip,202202141041,’†‹–€ŒSº˜a’¬‰Í“Œ’†“‡,870-1,,
19384-0900-4.zip,202202141041,’†‹–€ŒSº˜a’¬‰Í“Œ’†“‡,870-5,,
19384-0900-4.zip,202202141041,’†‹–€ŒSº˜a’¬‰Í“Œ’†“‡,“¹-517,,
19384-0900-4.zip,202202141041,’†‹–€ŒSº˜a’¬‰Í“Œ’†“‡,…-9,,
19384-0900-4.zip,202202141041,’†‹–€ŒSº˜a’¬‰Í“Œ’†“‡,875,,
19384-0900-4.zip,202202141041,’†‹–€ŒSº˜a’¬‰Í“Œ’†“‡,“¹-2,,
19384-0900-4.zip,202202141041,’†‹–€ŒSº˜a’¬‰Í“Œ’†“‡,1147-3,,
19384-0900-4.zip,202202141041,’†‹–€ŒSº˜a’¬‰Í“Œ’†“‡,1363-6,,
19384-0900-4.zip,202202141041,’†‹–€ŒSº˜a’¬‰Í“Œ’†“‡,1363-7,,
19384-0900-4.zip,202202141041,’†‹–€ŒSº˜a’¬‰Í“Œ’†“‡,1363-9,,
19384-0900-4.zip,202202141041,’†‹–€ŒSº˜a’¬‰Í“Œ’†“‡,1363-8,,
19384-0900-4.zip,202202141041,’†‹–€ŒSº˜a’¬‰Í“Œ’†“‡,1363-1,,
19384-0900-4.zip,202202141041,’†‹–€ŒSº˜a’¬‰Í“Œ’†“‡,1363-3,,
19384-0900-4.zip,202202141041,’†‹–€ŒSº˜a’¬‰Í“Œ’†“‡,1363-5,,
19384-0900-4.zip,202202141041,’†‹–€ŒSº˜a’¬‰Í“Œ’†“‡,1364-10,,
19384-0900-4.zip,202202141041,’†‹–€ŒSº˜a’¬‰Í“Œ’†“‡,1364-8,,
19384-0900-4.zip,202202141041,’†‹–€ŒSº˜a’¬‰Í“Œ’†“‡,1364-7,,
19384-0900-4.zip,202202141041,’†‹–€ŒSº˜a’¬‰Í“Œ’†“‡,1364-1,,
19384-0900-4.zip,202202141041,’†‹–€ŒSº˜a’¬‰Í“Œ’†“‡,1363-4,,
19384-0900-4.zip,202202141041,’†‹–€ŒSº˜a’¬‰Í“Œ’†“‡,1364-14,,
19384-0900-4.zip,202202141041,’†‹–€ŒSº˜a’¬‰Í“Œ’†“‡,1364-13,,
19384-0900-4.zip,202202141041,’†‹–€ŒSº˜a’¬‰Í“Œ’†“‡,1364-12,,
19384-0900-4.zip,202202141041,’†‹–€ŒSº˜a’¬‰Í“Œ’†“‡,1364-11,,
19384-0900-4.zip,202202141041,’†‹–€ŒSº˜a’¬‰Í“Œ’†“‡,1364-9,,
19384-0900-4.zip,202202141041,’†‹–€ŒSº˜a’¬‰Í“Œ’†“‡,1364-4,,
19384-0900-4.zip,202202141041,’†‹–€ŒSº˜a’¬‰Í“Œ’†“‡,1364-5,,
19384-0900-4.zip,202202141041,’†‹–€ŒSº˜a’¬‰Í“Œ’†“‡,1364-6,,
19384-0900-4.zip,202202141041,’†‹–€ŒSº˜a’¬‰Í“Œ’†“‡,…-41,,
19384-0900-4.zip,202202141041,’†‹–€ŒSº˜a’¬‰Í“Œ’†“‡,1362-5,,
19384-0900-4.zip,202202141041,’†‹–€ŒSº˜a’¬‰Í“Œ’†“‡,1362-2,,
19384-0900-4.zip,202202141041,’†‹–€ŒSº˜a’¬‰Í“Œ’†“‡,1361,,
19384-0900-4.zip,202202141041,’†‹–€ŒSº˜a’¬‰Í“Œ’†“‡,1598-6,,
19384-0900-4.zip,202202141041,’†‹–€ŒSº˜a’¬‰Í“Œ’†“‡,1598-11,,
19384-0900-4.zip,202202141041,’†‹–€ŒSº˜a’¬‰Í“Œ’†“‡,1598-12,,
19384-0900-4.zip,202202141041,’†‹–€ŒSº˜a’¬‰Í“Œ’†“‡,1598-5,,
19384-0900-4.zip,202202141041,’†‹–€ŒSº˜a’¬‰Í“Œ’†“‡,1598-9,,
19384-0900-4.zip,202202141041,’†‹–€ŒSº˜a’¬‰Í“Œ’†“‡,1598-7,,
19384-0900-4.zip,202202141041,’†‹–€ŒSº˜a’¬‰Í“Œ’†“‡,1598-8,,
19384-0900-4.zip,202202141041,’†‹–€ŒSº˜a’¬‰Í“Œ’†“‡,1598-10,,
19384-0900-4.zip,202202141041,’†‹–€ŒSº˜a’¬‰Í“Œ’†“‡,’·‹·•¨•s–¾-219,,
19384-0900-4.zip,202202141041,’†‹–€ŒSº˜a’¬‰Í“Œ’†“‡,1599-1,,
19384-0900-4.zip,202202141041,’†‹–€ŒSº˜a’¬‰Í“Œ’†“‡,1597-8,,
19384-0900-4.zip,202202141041,’†‹–€ŒSº˜a’¬‰Í“Œ’†“‡,1597-1,,
19384-0900-4.zip,202202141041,’†‹–€ŒSº˜a’¬‰Í“Œ’†“‡,1597-10,,
19384-0900-4.zip,202202141041,’†‹–€ŒSº˜a’¬‰Í“Œ’†“‡,1597-9,,
19384-0900-4.zip,202202141041,’†‹–€ŒSº˜a’¬‰Í“Œ’†“‡,1598-1,,
19384-0900-4.zip,202202141041,’†‹–€ŒSº˜a’¬‰Í“Œ’†“‡,1597-4,,
19384-0900-4.zip,202202141041,’†‹–€ŒSº˜a’¬‰Í“Œ’†“‡,1597-6,,
19384-0900-4.zip,202202141041,’†‹–€ŒSº˜a’¬‰Í“Œ’†“‡,1597-3,,
19384-0900-4.zip,202202141041,’†‹–€ŒSº˜a’¬‰Í“Œ’†“‡,“¹-28,,
19384-0900-4.zip,202202141041,’†‹–€ŒSº˜a’¬‰Í“Œ’†“‡,1362-6,,
19384-0900-4.zip,202202141041,’†‹–€ŒSº˜a’¬‰Í“Œ’†“‡,1364-3,,
19384-0900-4.zip,202202141041,’†‹–€ŒSº˜a’¬‰Í“Œ’†“‡,1363-2,,
19384-0900-4.zip,202202141041,’†‹–€ŒSº˜a’¬,–³’n”Ô-61,,
19384-0900-4.zip,202202141041,’†‹–€ŒSº˜a’¬‰Í“Œ’†“‡,’·‹·•¨•s–¾-232,,
19384-0900-5.zip,202202141041,’†‹–€ŒSº˜a’¬,–³’n”Ô-7,,
19384-0900-5.zip,202202141041,’†‹–€ŒSº˜a’¬,–³’n”Ô-13,,
19384-0900-5.zip,202202141041,’†‹–€ŒSº˜a’¬,–³’n”Ô-51,,
19384-0900-5.zip,202202141041,’†‹–€ŒSº˜a’¬,–³’n”Ô-53,,
19384-0900-5.zip,202202141041,’†‹–€ŒSº˜a’¬,–³’n”Ô-56,,
19384-0900-5.zip,202202141041,’†‹–€ŒSº˜a’¬,–³’n”Ô-66,,
19384-0900-5.zip,202202141041,’†‹–€ŒSº˜a’¬,–³’n”Ô-72,,
19384-0900-5.zip,202202141041,’†‹–€ŒSº˜a’¬,–³’n”Ô-74,,
19384-0900-5.zip,202202141041,’†‹–€ŒSº˜a’¬,’·‹·•¨•s–¾-18,,
19384-0900-5.zip,202202141041,’†‹–€ŒSº˜a’¬,’·‹·•¨•s–¾-19,,
19384-0900-5.zip,202202141041,’†‹–€ŒSº˜a’¬,’·‹·•¨•s–¾-20,,
19384-0900-5.zip,202202141041,’†‹–€ŒSº˜a’¬,’·‹·•¨•s–¾-21,,
19384-0900-5.zip,202202141041,’†‹–€ŒSº˜a’¬,’·‹·•¨•s–¾-23,,
19384-0900-5.zip,202202141041,’†‹–€ŒSº˜a’¬,’·‹·•¨•s–¾-25,,
19384-0900-5.zip,202202141041,’†‹–€ŒSº˜a’¬,’·‹·•¨•s–¾-26,,
19384-0900-5.zip,202202141041,’†‹–€ŒSº˜a’¬,’·‹·•¨•s–¾-37,,
19384-0900-5.zip,202202141041,’†‹–€ŒSº˜a’¬,’·‹·•¨•s–¾-38,,
19384-0900-5.zip,202202141041,’†‹–€ŒSº˜a’¬,’·‹·•¨•s–¾-41,,
19384-0900-5.zip,202202141041,’†‹–€ŒSº˜a’¬,’·‹·•¨•s–¾-42,,
19384-0900-5.zip,202202141041,’†‹–€ŒSº˜a’¬,’·‹·•¨•s–¾-43,,
19384-0900-5.zip,202202141041,’†‹–€ŒSº˜a’¬,’·‹·•¨•s–¾-44,,
19384-0900-5.zip,202202141041,’†‹–€ŒSº˜a’¬,’·‹·•¨•s–¾-356,,
19384-0900-5.zip,202202141041,’†‹–€ŒSº˜a’¬,’·‹·•¨•s–¾-382,,
19384-0900-5.zip,202202141041,’†‹–€ŒSº˜a’¬,’·‹·•¨•s–¾-385,,
19384-0900-5.zip,202202141041,’†‹–€ŒSº˜a’¬,’·‹·•¨•s–¾-411,,
19384-0900-5.zip,202202141041,’†‹–€ŒSº˜a’¬†—ˆ¢Œ´,1803,,
19384-0900-5.zip,202202141041,’†‹–€ŒSº˜a’¬†—ˆ¢Œ´,1804-1,,
19384-0900-5.zip,202202141041,’†‹–€ŒSº˜a’¬†—ˆ¢Œ´,1804-2,,
19384-0900-5.zip,202202141041,’†‹–€ŒSº˜a’¬†—ˆ¢Œ´,1805-1,,
19384-0900-5.zip,202202141041,’†‹–€ŒSº˜a’¬†—ˆ¢Œ´,1806,,
19384-0900-5.zip,202202141041,’†‹–€ŒSº˜a’¬†—ˆ¢Œ´,1807-1,,
19384-0900-5.zip,202202141041,’†‹–€ŒSº˜a’¬†—ˆ¢Œ´,1807-2,,
19384-0900-5.zip,202202141041,’†‹–€ŒSº˜a’¬†—ˆ¢Œ´,1808-3,,
19384-0900-5.zip,202202141041,’†‹–€ŒSº˜a’¬†—ˆ¢Œ´,1809,,
19384-0900-5.zip,202202141041,’†‹–€ŒSº˜a’¬†—ˆ¢Œ´,1810,,
19384-0900-5.zip,202202141041,’†‹–€ŒSº˜a’¬†—ˆ¢Œ´,1811-2,,
19384-0900-5.zip,202202141041,’†‹–€ŒSº˜a’¬†—ˆ¢Œ´,1814-1,,
19384-0900-5.zip,202202141041,’†‹–€ŒSº˜a’¬†—ˆ¢Œ´,1814-2,,
19384-0900-5.zip,202202141041,’†‹–€ŒSº˜a’¬†—ˆ¢Œ´,1815-1,,
19384-0900-5.zip,202202141041,’†‹–€ŒSº˜a’¬†—ˆ¢Œ´,1815-2,,
19384-0900-5.zip,202202141041,’†‹–€ŒSº˜a’¬†—ˆ¢Œ´,1816-1,,
19384-0900-5.zip,202202141041,’†‹–€ŒSº˜a’¬†—ˆ¢Œ´,1816-2,,
19384-0900-5.zip,202202141041,’†‹–€ŒSº˜a’¬†—ˆ¢Œ´,1817-1,,
19384-0900-5.zip,202202141041,’†‹–€ŒSº˜a’¬†—ˆ¢Œ´,1817-2,,
19384-0900-5.zip,202202141041,’†‹–€ŒSº˜a’¬†—ˆ¢Œ´,1817-3,,
19384-0900-5.zip,202202141041,’†‹–€ŒSº˜a’¬†—ˆ¢Œ´,1817-4,,
19384-0900-5.zip,202202141041,’†‹–€ŒSº˜a’¬†—ˆ¢Œ´,1818,,
19384-0900-5.zip,202202141041,’†‹–€ŒSº˜a’¬†—ˆ¢Œ´,1819,,
19384-0900-5.zip,202202141041,’†‹–€ŒSº˜a’¬†—ˆ¢Œ´,1820,,
19384-0900-5.zip,202202141041,’†‹–€ŒSº˜a’¬†—ˆ¢Œ´,1821,,
19384-0900-5.zip,202202141041,’†‹–€ŒSº˜a’¬†—ˆ¢Œ´,1822-1,,
19384-0900-5.zip,202202141041,’†‹–€ŒSº˜a’¬†—ˆ¢Œ´,1822-2,,
19384-0900-5.zip,202202141041,’†‹–€ŒSº˜a’¬†—ˆ¢Œ´,1822-3,,
19384-0900-5.zip,202202141041,’†‹–€ŒSº˜a’¬†—ˆ¢Œ´,1822-4,,
19384-0900-5.zip,202202141041,’†‹–€ŒSº˜a’¬†—ˆ¢Œ´,1822-5,,
19384-0900-5.zip,202202141041,’†‹–€ŒSº˜a’¬†—ˆ¢Œ´,1822-6,,
19384-0900-5.zip,202202141041,’†‹–€ŒSº˜a’¬†—ˆ¢Œ´,1822-7,,
19384-0900-5.zip,202202141041,’†‹–€ŒSº˜a’¬†—ˆ¢Œ´,1822-8,,
19384-0900-5.zip,202202141041,’†‹–€ŒSº˜a’¬†—ˆ¢Œ´,1822-9,,
19384-0900-5.zip,202202141041,’†‹–€ŒSº˜a’¬†—ˆ¢Œ´,1822-10,,
19384-0900-5.zip,202202141041,’†‹–€ŒSº˜a’¬†—ˆ¢Œ´,1822-11,,
19384-0900-5.zip,202202141041,’†‹–€ŒSº˜a’¬†—ˆ¢Œ´,1822-12,,
19384-0900-5.zip,202202141041,’†‹–€ŒSº˜a’¬†—ˆ¢Œ´,1824,,
19384-0900-5.zip,202202141041,’†‹–€ŒSº˜a’¬†—ˆ¢Œ´,1825,,
19384-0900-5.zip,202202141041,’†‹–€ŒSº˜a’¬†—ˆ¢Œ´,1826,,
19384-0900-5.zip,202202141041,’†‹–€ŒSº˜a’¬†—ˆ¢Œ´,1827,,
19384-0900-5.zip,202202141041,’†‹–€ŒSº˜a’¬†—ˆ¢Œ´,1829,,
19384-0900-5.zip,202202141041,’†‹–€ŒSº˜a’¬†—ˆ¢Œ´,1835-1,,
19384-0900-5.zip,202202141041,’†‹–€ŒSº˜a’¬†—ˆ¢Œ´,1835-2,,
19384-0900-5.zip,202202141041,’†‹–€ŒSº˜a’¬†—ˆ¢Œ´,1835-3,,
19384-0900-5.zip,202202141041,’†‹–€ŒSº˜a’¬†—ˆ¢Œ´,–³’n”Ô-1,,
19384-0900-5.zip,202202141041,’†‹–€ŒSº˜a’¬†—ˆ¢Œ´,–³’n”Ô-2,,
19384-0900-5.zip,202202141041,’†‹–€ŒSº˜a’¬†—ˆ¢Œ´,’·‹·•¨•s–¾-1,,
19384-0900-5.zip,202202141041,’†‹–€ŒSº˜a’¬†—ˆ¢Œ´,’·‹·•¨•s–¾-2,,
19384-0900-5.zip,202202141041,’†‹–€ŒSº˜a’¬†—ˆ¢Œ´,’·‹·•¨•s–¾-3,,
19384-0900-5.zip,202202141041,’†‹–€ŒSº˜a’¬†—ˆ¢Œ´,’·‹·•¨•s–¾-11,,
19384-0900-5.zip,202202141041,’†‹–€ŒSº˜a’¬†—ˆ¢Œ´,’·‹·•¨•s–¾-15,,
19384-0900-5.zip,202202141041,’†‹–€ŒSº˜a’¬†—ˆ¢Œ´,’·‹·•¨•s–¾-27,,
19384-0900-5.zip,202202141041,’†‹–€ŒSº˜a’¬†—ˆ¢Œ´,’·‹·•¨•s–¾-29,,
19384-0900-5.zip,202202141041,’†‹–€ŒSº˜a’¬†—ˆ¢Œ´,’·‹·•¨•s–¾-30,,
19384-0900-5.zip,202202141041,’†‹–€ŒSº˜a’¬†—ˆ¢Œ´,’·‹·•¨•s–¾-31,,
19384-0900-5.zip,202202141041,’†‹–€ŒSº˜a’¬†—ˆ¢Œ´,’·‹·•¨•s–¾-32,,
19384-0900-5.zip,202202141041,’†‹–€ŒSº˜a’¬†—ˆ¢Œ´,’·‹·•¨•s–¾-33,,
19384-0900-5.zip,202202141041,’†‹–€ŒSº˜a’¬†—ˆ¢Œ´,’·‹·•¨•s–¾-34,,
19384-0900-5.zip,202202141041,’†‹–€ŒSº˜a’¬†—ˆ¢Œ´,’·‹·•¨•s–¾-35,,
19384-0900-5.zip,202202141041,’†‹–€ŒSº˜a’¬†—ˆ¢Œ´,’·‹·•¨•s–¾-36,,
19384-0900-5.zip,202202141041,’†‹–€ŒSº˜a’¬†—ˆ¢Œ´,’·‹·•¨•s–¾-47,,
19384-0900-5.zip,202202141041,’†‹–€ŒSº˜a’¬†—ˆ¢Œ´,’·‹·•¨•s–¾-50,,
19384-0900-5.zip,202202141041,’†‹–€ŒSº˜a’¬†—ˆ¢Œ´,’·‹·•¨•s–¾-52,,
19384-0900-5.zip,202202141041,’†‹–€ŒSº˜a’¬†—ˆ¢Œ´,’·‹·•¨•s–¾-55,,
19384-0900-5.zip,202202141041,’†‹–€ŒSº˜a’¬†—ˆ¢Œ´,’·‹·•¨•s–¾-57,,
19384-0900-5.zip,202202141041,’†‹–€ŒSº˜a’¬†—ˆ¢Œ´,’·‹·•¨•s–¾-275,,
19384-0900-5.zip,202202141041,’†‹–€ŒSº˜a’¬†—ˆ¢Œ´,’·‹·•¨•s–¾-279,,
19384-0900-5.zip,202202141041,’†‹–€ŒSº˜a’¬†—ˆ¢Œ´,’·‹·•¨•s–¾-281,,
19384-0900-5.zip,202202141041,’†‹–€ŒSº˜a’¬†—ˆ¢Œ´,’·‹·•¨•s–¾-283,,
19384-0900-5.zip,202202141041,’†‹–€ŒSº˜a’¬†—ˆ¢Œ´,’·‹·•¨•s–¾-287,,
19384-0900-5.zip,202202141041,’†‹–€ŒSº˜a’¬†—ˆ¢Œ´,’·‹·•¨•s–¾-290,,
19384-0900-5.zip,202202141041,’†‹–€ŒSº˜a’¬†—ˆ¢Œ´,’·‹·•¨•s–¾-292,,
19384-0900-5.zip,202202141041,’†‹–€ŒSº˜a’¬†—ˆ¢Œ´,’·‹·•¨•s–¾-294,,
19384-0900-5.zip,202202141041,’†‹–€ŒSº˜a’¬†—ˆ¢Œ´,’·‹·•¨•s–¾-299,,
19384-0900-5.zip,202202141041,’†‹–€ŒSº˜a’¬†—ˆ¢Œ´,’·‹·•¨•s–¾-300,,
19384-0900-5.zip,202202141041,’†‹–€ŒSº˜a’¬†—ˆ¢Œ´,’·‹·•¨•s–¾-302,,
19384-0900-5.zip,202202141041,’†‹–€ŒSº˜a’¬†—ˆ¢Œ´,1956-1,,
19384-0900-5.zip,202202141041,’†‹–€ŒSº˜a’¬†—ˆ¢Œ´,1956-2,,
19384-0900-5.zip,202202141041,’†‹–€ŒSº˜a’¬†—ˆ¢Œ´,1956-3,,
19384-0900-5.zip,202202141041,’†‹–€ŒSº˜a’¬†—ˆ¢Œ´,1956-4,,
19384-0900-5.zip,202202141041,’†‹–€ŒSº˜a’¬†—ˆ¢Œ´,1956-5,,
19384-0900-5.zip,202202141041,’†‹–€ŒSº˜a’¬†—ˆ¢Œ´,1956-6,,
19384-0900-5.zip,202202141041,’†‹–€ŒSº˜a’¬†—ˆ¢Œ´,1956-7,,
19384-0900-5.zip,202202141041,’†‹–€ŒSº˜a’¬†—ˆ¢Œ´,1956-8,,
19384-0900-5.zip,202202141041,’†‹–€ŒSº˜a’¬†—ˆ¢Œ´,1957-1,,
19384-0900-5.zip,202202141041,’†‹–€ŒSº˜a’¬†—ˆ¢Œ´,1957-2,,
19384-0900-5.zip,202202141041,’†‹–€ŒSº˜a’¬†—ˆ¢Œ´,1958,,
19384-0900-5.zip,202202141041,’†‹–€ŒSº˜a’¬†—ˆ¢Œ´,1959-1,,
19384-0900-5.zip,202202141041,’†‹–€ŒSº˜a’¬†—ˆ¢Œ´,1959-2,,
19384-0900-5.zip,202202141041,’†‹–€ŒSº˜a’¬†—ˆ¢Œ´,1960,,
19384-0900-5.zip,202202141041,’†‹–€ŒSº˜a’¬†—ˆ¢Œ´,1961,,
19384-0900-5.zip,202202141041,’†‹–€ŒSº˜a’¬†—ˆ¢Œ´,1962-1,,
19384-0900-5.zip,202202141041,’†‹–€ŒSº˜a’¬†—ˆ¢Œ´,1962-2,,
19384-0900-5.zip,202202141041,’†‹–€ŒSº˜a’¬†—ˆ¢Œ´,1963-1,,
19384-0900-5.zip,202202141041,’†‹–€ŒSº˜a’¬†—ˆ¢Œ´,1963-2,,
19384-0900-5.zip,202202141041,’†‹–€ŒSº˜a’¬†—ˆ¢Œ´,1963-3,,
19384-0900-5.zip,202202141041,’†‹–€ŒSº˜a’¬†—ˆ¢Œ´,1963-4,,
19384-0900-5.zip,202202141041,’†‹–€ŒSº˜a’¬†—ˆ¢Œ´,1963-5,,
19384-0900-5.zip,202202141041,’†‹–€ŒSº˜a’¬†—ˆ¢Œ´,1963-6,,
19384-0900-5.zip,202202141041,’†‹–€ŒSº˜a’¬†—ˆ¢Œ´,1966,,
19384-0900-5.zip,202202141041,’†‹–€ŒSº˜a’¬†—ˆ¢Œ´,1967,,
19384-0900-5.zip,202202141041,’†‹–€ŒSº˜a’¬†—ˆ¢Œ´,1968,,
19384-0900-5.zip,202202141041,’†‹–€ŒSº˜a’¬†—ˆ¢Œ´,1970,,
19384-0900-5.zip,202202141041,’†‹–€ŒSº˜a’¬†—ˆ¢Œ´,1971-2,,
19384-0900-5.zip,202202141041,’†‹–€ŒSº˜a’¬†—ˆ¢Œ´,1972,,
19384-0900-5.zip,202202141041,’†‹–€ŒSº˜a’¬†—ˆ¢Œ´,2067,,
19384-0900-5.zip,202202141041,’†‹–€ŒSº˜a’¬†—ˆ¢Œ´,–³’n”Ô-9,,
19384-0900-5.zip,202202141041,’†‹–€ŒSº˜a’¬†—ˆ¢Œ´,–³’n”Ô-10,,
19384-0900-5.zip,202202141041,’†‹–€ŒSº˜a’¬†—ˆ¢Œ´,–³’n”Ô-11,,
19384-0900-5.zip,202202141041,’†‹–€ŒSº˜a’¬†—ˆ¢Œ´,’·‹·•¨•s–¾-13,,
19384-0900-5.zip,202202141041,’†‹–€ŒSº˜a’¬†—ˆ¢Œ´,’·‹·•¨•s–¾-16,,
19384-0900-5.zip,202202141041,’†‹–€ŒSº˜a’¬†—ˆ¢Œ´,’·‹·•¨•s–¾-28,,
19384-0900-5.zip,202202141041,’†‹–€ŒSº˜a’¬†—ˆ¢Œ´,’·‹·•¨•s–¾-39,,
19384-0900-5.zip,202202141041,’†‹–€ŒSº˜a’¬†—ˆ¢Œ´,’·‹·•¨•s–¾-46,,
19384-0900-5.zip,202202141041,’†‹–€ŒSº˜a’¬†—ˆ¢Œ´,’·‹·•¨•s–¾-48,,
19384-0900-5.zip,202202141041,’†‹–€ŒSº˜a’¬†—ˆ¢Œ´,’·‹·•¨•s–¾-49,,
19384-0900-5.zip,202202141041,’†‹–€ŒSº˜a’¬†—ˆ¢Œ´,’·‹·•¨•s–¾-51,,
19384-0900-5.zip,202202141041,’†‹–€ŒSº˜a’¬†—ˆ¢Œ´,’·‹·•¨•s–¾-53,,
19384-0900-5.zip,202202141041,’†‹–€ŒSº˜a’¬†—ˆ¢Œ´,’·‹·•¨•s–¾-56,,
19384-0900-5.zip,202202141041,’†‹–€ŒSº˜a’¬†—ˆ¢Œ´,’·‹·•¨•s–¾-58,,
19384-0900-5.zip,202202141041,’†‹–€ŒSº˜a’¬†—ˆ¢Œ´,’·‹·•¨•s–¾-268,,
19384-0900-5.zip,202202141041,’†‹–€ŒSº˜a’¬†—ˆ¢Œ´,’·‹·•¨•s–¾-270,,
19384-0900-5.zip,202202141041,’†‹–€ŒSº˜a’¬†—ˆ¢Œ´,’·‹·•¨•s–¾-274,,
19384-0900-5.zip,202202141041,’†‹–€ŒSº˜a’¬†—ˆ¢Œ´,’·‹·•¨•s–¾-276,,
19384-0900-5.zip,202202141041,’†‹–€ŒSº˜a’¬†—ˆ¢Œ´,’·‹·•¨•s–¾-278,,
19384-0900-5.zip,202202141041,’†‹–€ŒSº˜a’¬†—ˆ¢Œ´,’·‹·•¨•s–¾-280,,
19384-0900-5.zip,202202141041,’†‹–€ŒSº˜a’¬†—ˆ¢Œ´,’·‹·•¨•s–¾-282,,
19384-0900-5.zip,202202141041,’†‹–€ŒSº˜a’¬†—ˆ¢Œ´,’·‹·•¨•s–¾-284,,
19384-0900-5.zip,202202141041,’†‹–€ŒSº˜a’¬†—ˆ¢Œ´,’·‹·•¨•s–¾-286,,
19384-0900-5.zip,202202141041,’†‹–€ŒSº˜a’¬†—ˆ¢Œ´,’·‹·•¨•s–¾-288,,
19384-0900-5.zip,202202141041,’†‹–€ŒSº˜a’¬†—ˆ¢Œ´,’·‹·•¨•s–¾-291,,
19384-0900-5.zip,202202141041,’†‹–€ŒSº˜a’¬†—ˆ¢Œ´,’·‹·•¨•s–¾-295,,
19384-0900-5.zip,202202141041,’†‹–€ŒSº˜a’¬†—ˆ¢Œ´,’·‹·•¨•s–¾-297,,
19384-0900-5.zip,202202141041,’†‹–€ŒSº˜a’¬†—ˆ¢Œ´,’·‹·•¨•s–¾-301,,
19384-0900-5.zip,202202141041,’†‹–€ŒSº˜a’¬†—ˆ¢Œ´,’·‹·•¨•s–¾-303,,
19384-0900-5.zip,202202141041,’†‹–€ŒSº˜a’¬†—ˆ¢Œ´,1965-1,,
19384-0900-5.zip,202202141041,’†‹–€ŒSº˜a’¬†—ˆ¢Œ´,1965-3,,
19384-0900-5.zip,202202141041,’†‹–€ŒSº˜a’¬†—ˆ¢Œ´,1965-2,,
19384-0900-5.zip,202202141041,’†‹–€ŒSº˜a’¬†—ˆ¢Œ´,1964,,
19384-0900-5.zip,202202141041,’†‹–€ŒSº˜a’¬†—ˆ¢Œ´,1802-2,,
19384-0900-5.zip,202202141041,’†‹–€ŒSº˜a’¬†—ˆ¢Œ´,1802-1,,
19384-0900-5.zip,202202141041,’†‹–€ŒSº˜a’¬†—ˆ¢Œ´,’·‹·•¨•s–¾-45,,
19384-0900-5.zip,202202141041,’†‹–€ŒSº˜a’¬†—ˆ¢Œ´,1808-4,,
19384-0900-5.zip,202202141041,’†‹–€ŒSº˜a’¬†—ˆ¢Œ´,1808-1,,
19384-0900-5.zip,202202141041,’†‹–€ŒSº˜a’¬†—ˆ¢Œ´,’·‹·•¨•s–¾-40,,
19384-0900-5.zip,202202141041,’†‹–€ŒSº˜a’¬†—ˆ¢Œ´,1808-2,,
19384-0900-5.zip,202202141041,’†‹–€ŒSº˜a’¬†—ˆ¢Œ´,1969-1,,
19384-0900-5.zip,202202141041,’†‹–€ŒSº˜a’¬†—ˆ¢Œ´,1969-2,,
19384-0900-5.zip,202202141041,’†‹–€ŒSº˜a’¬†—ˆ¢Œ´,’·‹·•¨•s–¾-272,,
19384-0900-5.zip,202202141041,’†‹–€ŒSº˜a’¬†—ˆ¢Œ´,1971-1,,
19384-0900-5.zip,202202141041,’†‹–€ŒSº˜a’¬†—ˆ¢Œ´,1811-4,,
19384-0900-5.zip,202202141041,’†‹–€ŒSº˜a’¬†—ˆ¢Œ´,1811-1,,
19384-0900-5.zip,202202141041,’†‹–€ŒSº˜a’¬†—ˆ¢Œ´,1811-5,,
19384-0900-5.zip,202202141041,’†‹–€ŒSº˜a’¬†—ˆ¢Œ´,’·‹·•¨•s–¾-54,,
19384-0900-5.zip,202202141041,’†‹–€ŒSº˜a’¬†—ˆ¢Œ´,’·‹·•¨•s–¾-277,,
19384-0900-5.zip,202202141041,’†‹–€ŒSº˜a’¬†—ˆ¢Œ´,1811-3,,
19384-0900-5.zip,202202141041,’†‹–€ŒSº˜a’¬†—ˆ¢Œ´,1830-1,,
19384-0900-5.zip,202202141041,’†‹–€ŒSº˜a’¬†—ˆ¢Œ´,1830-2,,
19384-0900-5.zip,202202141041,’†‹–€ŒSº˜a’¬†—ˆ¢Œ´,’·‹·•¨•s–¾-9,,
19384-0900-6.zip,202202141041,’†‹–€ŒSº˜a’¬,–³’n”Ô-20,,
19384-0900-6.zip,202202141041,’†‹–€ŒSº˜a’¬,–³’n”Ô-27,,
19384-0900-6.zip,202202141041,’†‹–€ŒSº˜a’¬,–³’n”Ô-28,,
19384-0900-6.zip,202202141041,’†‹–€ŒSº˜a’¬,–³’n”Ô-29,,
19384-0900-6.zip,202202141041,’†‹–€ŒSº˜a’¬,–³’n”Ô-30,,
19384-0900-6.zip,202202141041,’†‹–€ŒSº˜a’¬,–³’n”Ô-31,,
19384-0900-6.zip,202202141041,’†‹–€ŒSº˜a’¬,–³’n”Ô-32,,
19384-0900-6.zip,202202141041,’†‹–€ŒSº˜a’¬,–³’n”Ô-33,,
19384-0900-6.zip,202202141041,’†‹–€ŒSº˜a’¬,–³’n”Ô-70,,
19384-0900-6.zip,202202141041,’†‹–€ŒSº˜a’¬,“¹-596,,
19384-0900-6.zip,202202141041,’†‹–€ŒSº˜a’¬,’·‹·•¨•s–¾-10,,
19384-0900-6.zip,202202141041,’†‹–€ŒSº˜a’¬,’·‹·•¨•s–¾-22,,
19384-0900-6.zip,202202141041,’†‹–€ŒSº˜a’¬,’·‹·•¨•s–¾-24,,
19384-0900-6.zip,202202141041,’†‹–€ŒSº˜a’¬,’·‹·•¨•s–¾-46,,
19384-0900-6.zip,202202141041,’†‹–€ŒSº˜a’¬,’·‹·•¨•s–¾-47,,
19384-0900-6.zip,202202141041,’†‹–€ŒSº˜a’¬,’·‹·•¨•s–¾-109,,
19384-0900-6.zip,202202141041,’†‹–€ŒSº˜a’¬,’·‹·•¨•s–¾-111,,
19384-0900-6.zip,202202141041,’†‹–€ŒSº˜a’¬,’·‹·•¨•s–¾-345,,
19384-0900-6.zip,202202141041,’†‹–€ŒSº˜a’¬,’·‹·•¨•s–¾-360,,
19384-0900-6.zip,202202141041,’†‹–€ŒSº˜a’¬,’·‹·•¨•s–¾-364,,
19384-0900-6.zip,202202141041,’†‹–€ŒSº˜a’¬,’·‹·•¨•s–¾-367,,
19384-0900-6.zip,202202141041,’†‹–€ŒSº˜a’¬,’·‹·•¨•s–¾-368,,
19384-0900-6.zip,202202141041,’†‹–€ŒSº˜a’¬,’·‹·•¨•s–¾-371,,
19384-0900-6.zip,202202141041,’†‹–€ŒSº˜a’¬,’·‹·•¨•s–¾-372,,
19384-0900-6.zip,202202141041,’†‹–€ŒSº˜a’¬,’·‹·•¨•s–¾-373,,
19384-0900-6.zip,202202141041,’†‹–€ŒSº˜a’¬,’·‹·•¨•s–¾-374,,
19384-0900-6.zip,202202141041,’†‹–€ŒSº˜a’¬,’·‹·•¨•s–¾-375,,
19384-0900-6.zip,202202141041,’†‹–€ŒSº˜a’¬,’·‹·•¨•s–¾-376,,
19384-0900-6.zip,202202141041,’†‹–€ŒSº˜a’¬,’·‹·•¨•s–¾-379,,
19384-0900-6.zip,202202141041,’†‹–€ŒSº˜a’¬,’·‹·•¨•s–¾-383,,
19384-0900-6.zip,202202141041,’†‹–€ŒSº˜a’¬,’·‹·•¨•s–¾-386,,
19384-0900-6.zip,202202141041,’†‹–€ŒSº˜a’¬,’·‹·•¨•s–¾-387,,
19384-0900-6.zip,202202141041,’†‹–€ŒSº˜a’¬ã‰Í“Œ,560-3,,
19384-0900-6.zip,202202141041,’†‹–€ŒSº˜a’¬ã‰Í“Œ,560-4,,
19384-0900-6.zip,202202141041,’†‹–€ŒSº˜a’¬ã‰Í“Œ,561,,
19384-0900-6.zip,202202141041,’†‹–€ŒSº˜a’¬ã‰Í“Œ,562,,
19384-0900-6.zip,202202141041,’†‹–€ŒSº˜a’¬ã‰Í“Œ,563,,
19384-0900-6.zip,202202141041,’†‹–€ŒSº˜a’¬ã‰Í“Œ,564,,
19384-0900-6.zip,202202141041,’†‹–€ŒSº˜a’¬ã‰Í“Œ,565-1,,
19384-0900-6.zip,202202141041,’†‹–€ŒSº˜a’¬ã‰Í“Œ,565-2,,
19384-0900-6.zip,202202141041,’†‹–€ŒSº˜a’¬ã‰Í“Œ,566-7,,
19384-0900-6.zip,202202141041,’†‹–€ŒSº˜a’¬ã‰Í“Œ,566-10,,
19384-0900-6.zip,202202141041,’†‹–€ŒSº˜a’¬ã‰Í“Œ,566-12,,
19384-0900-6.zip,202202141041,’†‹–€ŒSº˜a’¬ã‰Í“Œ,566-13,,
19384-0900-6.zip,202202141041,’†‹–€ŒSº˜a’¬ã‰Í“Œ,567-1,,
19384-0900-6.zip,202202141041,’†‹–€ŒSº˜a’¬ã‰Í“Œ,567-4,,
19384-0900-6.zip,202202141041,’†‹–€ŒSº˜a’¬ã‰Í“Œ,567-5,,
19384-0900-6.zip,202202141041,’†‹–€ŒSº˜a’¬ã‰Í“Œ,568,,
19384-0900-6.zip,202202141041,’†‹–€ŒSº˜a’¬ã‰Í“Œ,569,,
19384-0900-6.zip,202202141041,’†‹–€ŒSº˜a’¬ã‰Í“Œ,599-1,,
19384-0900-6.zip,202202141041,’†‹–€ŒSº˜a’¬ã‰Í“Œ,599-3,,
19384-0900-6.zip,202202141041,’†‹–€ŒSº˜a’¬ã‰Í“Œ,600-1,,
19384-0900-6.zip,202202141041,’†‹–€ŒSº˜a’¬ã‰Í“Œ,600-2,,
19384-0900-6.zip,202202141041,’†‹–€ŒSº˜a’¬ã‰Í“Œ,601,,
19384-0900-6.zip,202202141041,’†‹–€ŒSº˜a’¬ã‰Í“Œ,602,,
19384-0900-6.zip,202202141041,’†‹–€ŒSº˜a’¬ã‰Í“Œ,603,,
19384-0900-6.zip,202202141041,’†‹–€ŒSº˜a’¬ã‰Í“Œ,604,,
19384-0900-6.zip,202202141041,’†‹–€ŒSº˜a’¬ã‰Í“Œ,605-1,,
19384-0900-6.zip,202202141041,’†‹–€ŒSº˜a’¬ã‰Í“Œ,605-5,,
19384-0900-6.zip,202202141041,’†‹–€ŒSº˜a’¬ã‰Í“Œ,605-6,,
19384-0900-6.zip,202202141041,’†‹–€ŒSº˜a’¬ã‰Í“Œ,605-8,,
19384-0900-6.zip,202202141041,’†‹–€ŒSº˜a’¬ã‰Í“Œ,605-9,,
19384-0900-6.zip,202202141041,’†‹–€ŒSº˜a’¬ã‰Í“Œ,605-10,,
19384-0900-6.zip,202202141041,’†‹–€ŒSº˜a’¬ã‰Í“Œ,605-13,,
19384-0900-6.zip,202202141041,’†‹–€ŒSº˜a’¬ã‰Í“Œ,605-15,,
19384-0900-6.zip,202202141041,’†‹–€ŒSº˜a’¬ã‰Í“Œ,605-18,,
19384-0900-6.zip,202202141041,’†‹–€ŒSº˜a’¬ã‰Í“Œ,605-19,,
19384-0900-6.zip,202202141041,’†‹–€ŒSº˜a’¬ã‰Í“Œ,605-20,,
19384-0900-6.zip,202202141041,’†‹–€ŒSº˜a’¬ã‰Í“Œ,605-21,,
19384-0900-6.zip,202202141041,’†‹–€ŒSº˜a’¬ã‰Í“Œ,605-26,,
19384-0900-6.zip,202202141041,’†‹–€ŒSº˜a’¬ã‰Í“Œ,605-27,,
19384-0900-6.zip,202202141041,’†‹–€ŒSº˜a’¬ã‰Í“Œ,605-28,,
19384-0900-6.zip,202202141041,’†‹–€ŒSº˜a’¬ã‰Í“Œ,605-29,,
19384-0900-6.zip,202202141041,’†‹–€ŒSº˜a’¬ã‰Í“Œ,605-36,,
19384-0900-6.zip,202202141041,’†‹–€ŒSº˜a’¬ã‰Í“Œ,605-39,,
19384-0900-6.zip,202202141041,’†‹–€ŒSº˜a’¬ã‰Í“Œ,605-40,,
19384-0900-6.zip,202202141041,’†‹–€ŒSº˜a’¬ã‰Í“Œ,605-41,,
19384-0900-6.zip,202202141041,’†‹–€ŒSº˜a’¬ã‰Í“Œ,605-42,,
19384-0900-6.zip,202202141041,’†‹–€ŒSº˜a’¬ã‰Í“Œ,605-43,,
19384-0900-6.zip,202202141041,’†‹–€ŒSº˜a’¬ã‰Í“Œ,605-44,,
19384-0900-6.zip,202202141041,’†‹–€ŒSº˜a’¬ã‰Í“Œ,605-45,,
19384-0900-6.zip,202202141041,’†‹–€ŒSº˜a’¬ã‰Í“Œ,605-48,,
19384-0900-6.zip,202202141041,’†‹–€ŒSº˜a’¬ã‰Í“Œ,605-52,,
19384-0900-6.zip,202202141041,’†‹–€ŒSº˜a’¬ã‰Í“Œ,606-2,,
19384-0900-6.zip,202202141041,’†‹–€ŒSº˜a’¬ã‰Í“Œ,607,,
19384-0900-6.zip,202202141041,’†‹–€ŒSº˜a’¬ã‰Í“Œ,641-6,,
19384-0900-6.zip,202202141041,’†‹–€ŒSº˜a’¬ã‰Í“Œ,641-7,,
19384-0900-6.zip,202202141041,’†‹–€ŒSº˜a’¬ã‰Í“Œ,641-8,,
19384-0900-6.zip,202202141041,’†‹–€ŒSº˜a’¬ã‰Í“Œ,641-9,,
19384-0900-6.zip,202202141041,’†‹–€ŒSº˜a’¬ã‰Í“Œ,641-10,,
19384-0900-6.zip,202202141041,’†‹–€ŒSº˜a’¬ã‰Í“Œ,641-11,,
19384-0900-6.zip,202202141041,’†‹–€ŒSº˜a’¬ã‰Í“Œ,641-12,,
19384-0900-6.zip,202202141041,’†‹–€ŒSº˜a’¬ã‰Í“Œ,641-13,,
19384-0900-6.zip,202202141041,’†‹–€ŒSº˜a’¬ã‰Í“Œ,641-14,,
19384-0900-6.zip,202202141041,’†‹–€ŒSº˜a’¬ã‰Í“Œ,641-15,,
19384-0900-6.zip,202202141041,’†‹–€ŒSº˜a’¬ã‰Í“Œ,642,,
19384-0900-6.zip,202202141041,’†‹–€ŒSº˜a’¬ã‰Í“Œ,643,,
19384-0900-6.zip,202202141041,’†‹–€ŒSº˜a’¬ã‰Í“Œ,644,,
19384-0900-6.zip,202202141041,’†‹–€ŒSº˜a’¬ã‰Í“Œ,645,,
19384-0900-6.zip,202202141041,’†‹–€ŒSº˜a’¬ã‰Í“Œ,646,,
19384-0900-6.zip,202202141041,’†‹–€ŒSº˜a’¬ã‰Í“Œ,648-2,,
19384-0900-6.zip,202202141041,’†‹–€ŒSº˜a’¬ã‰Í“Œ,649,,
19384-0900-6.zip,202202141041,’†‹–€ŒSº˜a’¬ã‰Í“Œ,650,,
19384-0900-6.zip,202202141041,’†‹–€ŒSº˜a’¬ã‰Í“Œ,651-1,,
19384-0900-6.zip,202202141041,’†‹–€ŒSº˜a’¬ã‰Í“Œ,651-2,,
19384-0900-6.zip,202202141041,’†‹–€ŒSº˜a’¬ã‰Í“Œ,652-1,,
19384-0900-6.zip,202202141041,’†‹–€ŒSº˜a’¬ã‰Í“Œ,652-2,,
19384-0900-6.zip,202202141041,’†‹–€ŒSº˜a’¬ã‰Í“Œ,653-1,,
19384-0900-6.zip,202202141041,’†‹–€ŒSº˜a’¬ã‰Í“Œ,653-5,,
19384-0900-6.zip,202202141041,’†‹–€ŒSº˜a’¬ã‰Í“Œ,654,,
19384-0900-6.zip,202202141041,’†‹–€ŒSº˜a’¬ã‰Í“Œ,655,,
19384-0900-6.zip,202202141041,’†‹–€ŒSº˜a’¬ã‰Í“Œ,656-1,,
19384-0900-6.zip,202202141041,’†‹–€ŒSº˜a’¬ã‰Í“Œ,656-2,,
19384-0900-6.zip,202202141041,’†‹–€ŒSº˜a’¬ã‰Í“Œ,656-3,,
19384-0900-6.zip,202202141041,’†‹–€ŒSº˜a’¬ã‰Í“Œ,657,,
19384-0900-6.zip,202202141041,’†‹–€ŒSº˜a’¬ã‰Í“Œ,658-3,,
19384-0900-6.zip,202202141041,’†‹–€ŒSº˜a’¬ã‰Í“Œ,659,,
19384-0900-6.zip,202202141041,’†‹–€ŒSº˜a’¬ã‰Í“Œ,660,,
19384-0900-6.zip,202202141041,’†‹–€ŒSº˜a’¬ã‰Í“Œ,661,,
19384-0900-6.zip,202202141041,’†‹–€ŒSº˜a’¬ã‰Í“Œ,662,,
19384-0900-6.zip,202202141041,’†‹–€ŒSº˜a’¬ã‰Í“Œ,663-1,,
19384-0900-6.zip,202202141041,’†‹–€ŒSº˜a’¬ã‰Í“Œ,663-5,,
19384-0900-6.zip,202202141041,’†‹–€ŒSº˜a’¬ã‰Í“Œ,663-6,,
19384-0900-6.zip,202202141041,’†‹–€ŒSº˜a’¬ã‰Í“Œ,710-1,,
19384-0900-6.zip,202202141041,’†‹–€ŒSº˜a’¬ã‰Í“Œ,710-2,,
19384-0900-6.zip,202202141041,’†‹–€ŒSº˜a’¬ã‰Í“Œ,711-1,,
19384-0900-6.zip,202202141041,’†‹–€ŒSº˜a’¬ã‰Í“Œ,711-2,,
19384-0900-6.zip,202202141041,’†‹–€ŒSº˜a’¬ã‰Í“Œ,712-1,,
19384-0900-6.zip,202202141041,’†‹–€ŒSº˜a’¬ã‰Í“Œ,712-2,,
19384-0900-6.zip,202202141041,’†‹–€ŒSº˜a’¬ã‰Í“Œ,712-3,,
19384-0900-6.zip,202202141041,’†‹–€ŒSº˜a’¬ã‰Í“Œ,713-1,,
19384-0900-6.zip,202202141041,’†‹–€ŒSº˜a’¬ã‰Í“Œ,713-2,,
19384-0900-6.zip,202202141041,’†‹–€ŒSº˜a’¬ã‰Í“Œ,714-1,,
19384-0900-6.zip,202202141041,’†‹–€ŒSº˜a’¬ã‰Í“Œ,714-2,,
19384-0900-6.zip,202202141041,’†‹–€ŒSº˜a’¬ã‰Í“Œ,714-3,,
19384-0900-6.zip,202202141041,’†‹–€ŒSº˜a’¬ã‰Í“Œ,715-1,,
19384-0900-6.zip,202202141041,’†‹–€ŒSº˜a’¬ã‰Í“Œ,715-2,,
19384-0900-6.zip,202202141041,’†‹–€ŒSº˜a’¬ã‰Í“Œ,716-1,,
19384-0900-6.zip,202202141041,’†‹–€ŒSº˜a’¬ã‰Í“Œ,716-2,,
19384-0900-6.zip,202202141041,’†‹–€ŒSº˜a’¬ã‰Í“Œ,717-1,,
19384-0900-6.zip,202202141041,’†‹–€ŒSº˜a’¬ã‰Í“Œ,717-2,,
19384-0900-6.zip,202202141041,’†‹–€ŒSº˜a’¬ã‰Í“Œ,718-1,,
19384-0900-6.zip,202202141041,’†‹–€ŒSº˜a’¬ã‰Í“Œ,718-2,,
19384-0900-6.zip,202202141041,’†‹–€ŒSº˜a’¬ã‰Í“Œ,719-1,,
19384-0900-6.zip,202202141041,’†‹–€ŒSº˜a’¬ã‰Í“Œ,719-2,,
19384-0900-6.zip,202202141041,’†‹–€ŒSº˜a’¬ã‰Í“Œ,720,,
19384-0900-6.zip,202202141041,’†‹–€ŒSº˜a’¬ã‰Í“Œ,721-1,,
19384-0900-6.zip,202202141041,’†‹–€ŒSº˜a’¬ã‰Í“Œ,721-2,,
19384-0900-6.zip,202202141041,’†‹–€ŒSº˜a’¬ã‰Í“Œ,722-1,,
19384-0900-6.zip,202202141041,’†‹–€ŒSº˜a’¬ã‰Í“Œ,722-2,,
19384-0900-6.zip,202202141041,’†‹–€ŒSº˜a’¬ã‰Í“Œ,722-3,,
19384-0900-6.zip,202202141041,’†‹–€ŒSº˜a’¬ã‰Í“Œ,723-1,,
19384-0900-6.zip,202202141041,’†‹–€ŒSº˜a’¬ã‰Í“Œ,723-2,,
19384-0900-6.zip,202202141041,’†‹–€ŒSº˜a’¬ã‰Í“Œ,723-3,,
19384-0900-6.zip,202202141041,’†‹–€ŒSº˜a’¬ã‰Í“Œ,724,,
19384-0900-6.zip,202202141041,’†‹–€ŒSº˜a’¬ã‰Í“Œ,725-1,,
19384-0900-6.zip,202202141041,’†‹–€ŒSº˜a’¬ã‰Í“Œ,725-2,,
19384-0900-6.zip,202202141041,’†‹–€ŒSº˜a’¬ã‰Í“Œ,726,,
19384-0900-6.zip,202202141041,’†‹–€ŒSº˜a’¬ã‰Í“Œ,727-1,,
19384-0900-6.zip,202202141041,’†‹–€ŒSº˜a’¬ã‰Í“Œ,727-2,,
19384-0900-6.zip,202202141041,’†‹–€ŒSº˜a’¬ã‰Í“Œ,727-3,,
19384-0900-6.zip,202202141041,’†‹–€ŒSº˜a’¬ã‰Í“Œ,727-4,,
19384-0900-6.zip,202202141041,’†‹–€ŒSº˜a’¬ã‰Í“Œ,728-1,,
19384-0900-6.zip,202202141041,’†‹–€ŒSº˜a’¬ã‰Í“Œ,728-2,,
19384-0900-6.zip,202202141041,’†‹–€ŒSº˜a’¬ã‰Í“Œ,729-1,,
19384-0900-6.zip,202202141041,’†‹–€ŒSº˜a’¬ã‰Í“Œ,729-2,,
19384-0900-6.zip,202202141041,’†‹–€ŒSº˜a’¬ã‰Í“Œ,730-1,,
19384-0900-6.zip,202202141041,’†‹–€ŒSº˜a’¬ã‰Í“Œ,730-2,,
19384-0900-6.zip,202202141041,’†‹–€ŒSº˜a’¬ã‰Í“Œ,730-3,,
19384-0900-6.zip,202202141041,’†‹–€ŒSº˜a’¬ã‰Í“Œ,730-4,,
19384-0900-6.zip,202202141041,’†‹–€ŒSº˜a’¬ã‰Í“Œ,766,,
19384-0900-6.zip,202202141041,’†‹–€ŒSº˜a’¬ã‰Í“Œ,767-1,,
19384-0900-6.zip,202202141041,’†‹–€ŒSº˜a’¬ã‰Í“Œ,767-2,,
19384-0900-6.zip,202202141041,’†‹–€ŒSº˜a’¬ã‰Í“Œ,768,,
19384-0900-6.zip,202202141041,’†‹–€ŒSº˜a’¬ã‰Í“Œ,769-1,,
19384-0900-6.zip,202202141041,’†‹–€ŒSº˜a’¬ã‰Í“Œ,769-2,,
19384-0900-6.zip,202202141041,’†‹–€ŒSº˜a’¬ã‰Í“Œ,770,,
19384-0900-6.zip,202202141041,’†‹–€ŒSº˜a’¬ã‰Í“Œ,771,,
19384-0900-6.zip,202202141041,’†‹–€ŒSº˜a’¬ã‰Í“Œ,772,,
19384-0900-6.zip,202202141041,’†‹–€ŒSº˜a’¬ã‰Í“Œ,773-1,,
19384-0900-6.zip,202202141041,’†‹–€ŒSº˜a’¬ã‰Í“Œ,773-2,,
19384-0900-6.zip,202202141041,’†‹–€ŒSº˜a’¬ã‰Í“Œ,774,,
19384-0900-6.zip,202202141041,’†‹–€ŒSº˜a’¬ã‰Í“Œ,775-1,,
19384-0900-6.zip,202202141041,’†‹–€ŒSº˜a’¬ã‰Í“Œ,775-2,,
19384-0900-6.zip,202202141041,’†‹–€ŒSº˜a’¬ã‰Í“Œ,775-3,,
19384-0900-6.zip,202202141041,’†‹–€ŒSº˜a’¬ã‰Í“Œ,776-1,,
19384-0900-6.zip,202202141041,’†‹–€ŒSº˜a’¬ã‰Í“Œ,776-2,,
19384-0900-6.zip,202202141041,’†‹–€ŒSº˜a’¬ã‰Í“Œ,776-3,,
19384-0900-6.zip,202202141041,’†‹–€ŒSº˜a’¬ã‰Í“Œ,776-4,,
19384-0900-6.zip,202202141041,’†‹–€ŒSº˜a’¬ã‰Í“Œ,776-5,,
19384-0900-6.zip,202202141041,’†‹–€ŒSº˜a’¬ã‰Í“Œ,776-6,,
19384-0900-6.zip,202202141041,’†‹–€ŒSº˜a’¬ã‰Í“Œ,776-7,,
19384-0900-6.zip,202202141041,’†‹–€ŒSº˜a’¬ã‰Í“Œ,777,,
19384-0900-6.zip,202202141041,’†‹–€ŒSº˜a’¬ã‰Í“Œ,778,,
19384-0900-6.zip,202202141041,’†‹–€ŒSº˜a’¬ã‰Í“Œ,779,,
19384-0900-6.zip,202202141041,’†‹–€ŒSº˜a’¬ã‰Í“Œ,780,,
19384-0900-6.zip,202202141041,’†‹–€ŒSº˜a’¬ã‰Í“Œ,781,,
19384-0900-6.zip,202202141041,’†‹–€ŒSº˜a’¬ã‰Í“Œ,782,,
19384-0900-6.zip,202202141041,’†‹–€ŒSº˜a’¬ã‰Í“Œ,783,,
19384-0900-6.zip,202202141041,’†‹–€ŒSº˜a’¬ã‰Í“Œ,784-1,,
19384-0900-6.zip,202202141041,’†‹–€ŒSº˜a’¬ã‰Í“Œ,784-2,,
19384-0900-6.zip,202202141041,’†‹–€ŒSº˜a’¬ã‰Í“Œ,784-3,,
19384-0900-6.zip,202202141041,’†‹–€ŒSº˜a’¬ã‰Í“Œ,785,,
19384-0900-6.zip,202202141041,’†‹–€ŒSº˜a’¬ã‰Í“Œ,786,,
19384-0900-6.zip,202202141041,’†‹–€ŒSº˜a’¬ã‰Í“Œ,787,,
19384-0900-6.zip,202202141041,’†‹–€ŒSº˜a’¬ã‰Í“Œ,788,,
19384-0900-6.zip,202202141041,’†‹–€ŒSº˜a’¬ã‰Í“Œ,789,,
19384-0900-6.zip,202202141041,’†‹–€ŒSº˜a’¬ã‰Í“Œ,790-1,,
19384-0900-6.zip,202202141041,’†‹–€ŒSº˜a’¬ã‰Í“Œ,790-2,,
19384-0900-6.zip,202202141041,’†‹–€ŒSº˜a’¬ã‰Í“Œ,791,,
19384-0900-6.zip,202202141041,’†‹–€ŒSº˜a’¬ã‰Í“Œ,792,,
19384-0900-6.zip,202202141041,’†‹–€ŒSº˜a’¬ã‰Í“Œ,793-1,,
19384-0900-6.zip,202202141041,’†‹–€ŒSº˜a’¬ã‰Í“Œ,793-2,,
19384-0900-6.zip,202202141041,’†‹–€ŒSº˜a’¬ã‰Í“Œ,794,,
19384-0900-6.zip,202202141041,’†‹–€ŒSº˜a’¬ã‰Í“Œ,795-1,,
19384-0900-6.zip,202202141041,’†‹–€ŒSº˜a’¬ã‰Í“Œ,795-2,,
19384-0900-6.zip,202202141041,’†‹–€ŒSº˜a’¬ã‰Í“Œ,795-3,,
19384-0900-6.zip,202202141041,’†‹–€ŒSº˜a’¬ã‰Í“Œ,795-4,,
19384-0900-6.zip,202202141041,’†‹–€ŒSº˜a’¬ã‰Í“Œ,795-5,,
19384-0900-6.zip,202202141041,’†‹–€ŒSº˜a’¬ã‰Í“Œ,796,,
19384-0900-6.zip,202202141041,’†‹–€ŒSº˜a’¬ã‰Í“Œ,797-1,,
19384-0900-6.zip,202202141041,’†‹–€ŒSº˜a’¬ã‰Í“Œ,797-2,,
19384-0900-6.zip,202202141041,’†‹–€ŒSº˜a’¬ã‰Í“Œ,798-1,,
19384-0900-6.zip,202202141041,’†‹–€ŒSº˜a’¬ã‰Í“Œ,798-2,,
19384-0900-6.zip,202202141041,’†‹–€ŒSº˜a’¬ã‰Í“Œ,799,,
19384-0900-6.zip,202202141041,’†‹–€ŒSº˜a’¬ã‰Í“Œ,800-1,,
19384-0900-6.zip,202202141041,’†‹–€ŒSº˜a’¬ã‰Í“Œ,800-2,,
19384-0900-6.zip,202202141041,’†‹–€ŒSº˜a’¬ã‰Í“Œ,801-1,,
19384-0900-6.zip,202202141041,’†‹–€ŒSº˜a’¬ã‰Í“Œ,801-2,,
19384-0900-6.zip,202202141041,’†‹–€ŒSº˜a’¬ã‰Í“Œ,802-1,,
19384-0900-6.zip,202202141041,’†‹–€ŒSº˜a’¬ã‰Í“Œ,802-2,,
19384-0900-6.zip,202202141041,’†‹–€ŒSº˜a’¬ã‰Í“Œ,803-1,,
19384-0900-6.zip,202202141041,’†‹–€ŒSº˜a’¬ã‰Í“Œ,803-2,,
19384-0900-6.zip,202202141041,’†‹–€ŒSº˜a’¬ã‰Í“Œ,803-3,,
19384-0900-6.zip,202202141041,’†‹–€ŒSº˜a’¬ã‰Í“Œ,804,,
19384-0900-6.zip,202202141041,’†‹–€ŒSº˜a’¬ã‰Í“Œ,805-1,,
19384-0900-6.zip,202202141041,’†‹–€ŒSº˜a’¬ã‰Í“Œ,805-2,,
19384-0900-6.zip,202202141041,’†‹–€ŒSº˜a’¬ã‰Í“Œ,806-1,,
19384-0900-6.zip,202202141041,’†‹–€ŒSº˜a’¬ã‰Í“Œ,806-2,,
19384-0900-6.zip,202202141041,’†‹–€ŒSº˜a’¬ã‰Í“Œ,807-1,,
19384-0900-6.zip,202202141041,’†‹–€ŒSº˜a’¬ã‰Í“Œ,807-2,,
19384-0900-6.zip,202202141041,’†‹–€ŒSº˜a’¬ã‰Í“Œ,808,,
19384-0900-6.zip,202202141041,’†‹–€ŒSº˜a’¬ã‰Í“Œ,809-1,,
19384-0900-6.zip,202202141041,’†‹–€ŒSº˜a’¬ã‰Í“Œ,809-2,,
19384-0900-6.zip,202202141041,’†‹–€ŒSº˜a’¬ã‰Í“Œ,809-3,,
19384-0900-6.zip,202202141041,’†‹–€ŒSº˜a’¬ã‰Í“Œ,810-1,,
19384-0900-6.zip,202202141041,’†‹–€ŒSº˜a’¬ã‰Í“Œ,810-2,,
19384-0900-6.zip,202202141041,’†‹–€ŒSº˜a’¬ã‰Í“Œ,811-1,,
19384-0900-6.zip,202202141041,’†‹–€ŒSº˜a’¬ã‰Í“Œ,811-2,,
19384-0900-6.zip,202202141041,’†‹–€ŒSº˜a’¬ã‰Í“Œ,812-1,,
19384-0900-6.zip,202202141041,’†‹–€ŒSº˜a’¬ã‰Í“Œ,812-2,,
19384-0900-6.zip,202202141041,’†‹–€ŒSº˜a’¬ã‰Í“Œ,813,,
19384-0900-6.zip,202202141041,’†‹–€ŒSº˜a’¬ã‰Í“Œ,814,,
19384-0900-6.zip,202202141041,’†‹–€ŒSº˜a’¬ã‰Í“Œ,815,,
19384-0900-6.zip,202202141041,’†‹–€ŒSº˜a’¬ã‰Í“Œ,816-1,,
19384-0900-6.zip,202202141041,’†‹–€ŒSº˜a’¬ã‰Í“Œ,816-2,,
19384-0900-6.zip,202202141041,’†‹–€ŒSº˜a’¬ã‰Í“Œ,816-3,,
19384-0900-6.zip,202202141041,’†‹–€ŒSº˜a’¬ã‰Í“Œ,816-4,,
19384-0900-6.zip,202202141041,’†‹–€ŒSº˜a’¬ã‰Í“Œ,816-5,,
19384-0900-6.zip,202202141041,’†‹–€ŒSº˜a’¬ã‰Í“Œ,816-6,,
19384-0900-6.zip,202202141041,’†‹–€ŒSº˜a’¬ã‰Í“Œ,816-7,,
19384-0900-6.zip,202202141041,’†‹–€ŒSº˜a’¬ã‰Í“Œ,816-8,,
19384-0900-6.zip,202202141041,’†‹–€ŒSº˜a’¬ã‰Í“Œ,817-1,,
19384-0900-6.zip,202202141041,’†‹–€ŒSº˜a’¬ã‰Í“Œ,817-2,,
19384-0900-6.zip,202202141041,’†‹–€ŒSº˜a’¬ã‰Í“Œ,817-3,,
19384-0900-6.zip,202202141041,’†‹–€ŒSº˜a’¬ã‰Í“Œ,817-4,,
19384-0900-6.zip,202202141041,’†‹–€ŒSº˜a’¬ã‰Í“Œ,818,,
19384-0900-6.zip,202202141041,’†‹–€ŒSº˜a’¬ã‰Í“Œ,819,,
19384-0900-6.zip,202202141041,’†‹–€ŒSº˜a’¬ã‰Í“Œ,820,,
19384-0900-6.zip,202202141041,’†‹–€ŒSº˜a’¬ã‰Í“Œ,821,,
19384-0900-6.zip,202202141041,’†‹–€ŒSº˜a’¬ã‰Í“Œ,822-1,,
19384-0900-6.zip,202202141041,’†‹–€ŒSº˜a’¬ã‰Í“Œ,822-5,,
19384-0900-6.zip,202202141041,’†‹–€ŒSº˜a’¬ã‰Í“Œ,823-5,,
19384-0900-6.zip,202202141041,’†‹–€ŒSº˜a’¬ã‰Í“Œ,823-6,,
19384-0900-6.zip,202202141041,’†‹–€ŒSº˜a’¬ã‰Í“Œ,823-7,,
19384-0900-6.zip,202202141041,’†‹–€ŒSº˜a’¬ã‰Í“Œ,823-8,,
19384-0900-6.zip,202202141041,’†‹–€ŒSº˜a’¬ã‰Í“Œ,823-9,,
19384-0900-6.zip,202202141041,’†‹–€ŒSº˜a’¬ã‰Í“Œ,823-11,,
19384-0900-6.zip,202202141041,’†‹–€ŒSº˜a’¬ã‰Í“Œ,824-2,,
19384-0900-6.zip,202202141041,’†‹–€ŒSº˜a’¬ã‰Í“Œ,824-4,,
19384-0900-6.zip,202202141041,’†‹–€ŒSº˜a’¬ã‰Í“Œ,825-2,,
19384-0900-6.zip,202202141041,’†‹–€ŒSº˜a’¬ã‰Í“Œ,845,,
19384-0900-6.zip,202202141041,’†‹–€ŒSº˜a’¬ã‰Í“Œ,846,,
19384-0900-6.zip,202202141041,’†‹–€ŒSº˜a’¬ã‰Í“Œ,847,,
19384-0900-6.zip,202202141041,’†‹–€ŒSº˜a’¬ã‰Í“Œ,848,,
19384-0900-6.zip,202202141041,’†‹–€ŒSº˜a’¬ã‰Í“Œ,849,,
19384-0900-6.zip,202202141041,’†‹–€ŒSº˜a’¬ã‰Í“Œ,850-1,,
19384-0900-6.zip,202202141041,’†‹–€ŒSº˜a’¬ã‰Í“Œ,850-2,,
19384-0900-6.zip,202202141041,’†‹–€ŒSº˜a’¬ã‰Í“Œ,850-3,,
19384-0900-6.zip,202202141041,’†‹–€ŒSº˜a’¬ã‰Í“Œ,851,,
19384-0900-6.zip,202202141041,’†‹–€ŒSº˜a’¬ã‰Í“Œ,1260-5,,
19384-0900-6.zip,202202141041,’†‹–€ŒSº˜a’¬ã‰Í“Œ,1260-6,,
19384-0900-6.zip,202202141041,’†‹–€ŒSº˜a’¬ã‰Í“Œ,–³’n”Ô-9,,
19384-0900-6.zip,202202141041,’†‹–€ŒSº˜a’¬ã‰Í“Œ,–³’n”Ô-10,,
19384-0900-6.zip,202202141041,’†‹–€ŒSº˜a’¬ã‰Í“Œ,–³’n”Ô-11,,
19384-0900-6.zip,202202141041,’†‹–€ŒSº˜a’¬ã‰Í“Œ,–³’n”Ô-12,,
19384-0900-6.zip,202202141041,’†‹–€ŒSº˜a’¬ã‰Í“Œ,–³’n”Ô-13,,
19384-0900-6.zip,202202141041,’†‹–€ŒSº˜a’¬ã‰Í“Œ,–³’n”Ô-14,,
19384-0900-6.zip,202202141041,’†‹–€ŒSº˜a’¬ã‰Í“Œ,–³’n”Ô-15,,
19384-0900-6.zip,202202141041,’†‹–€ŒSº˜a’¬ã‰Í“Œ,–³’n”Ô-16,,
19384-0900-6.zip,202202141041,’†‹–€ŒSº˜a’¬ã‰Í“Œ,–³’n”Ô-17,,
19384-0900-6.zip,202202141041,’†‹–€ŒSº˜a’¬ã‰Í“Œ,–³’n”Ô-18,,
19384-0900-6.zip,202202141041,’†‹–€ŒSº˜a’¬ã‰Í“Œ,–³’n”Ô-21,,
19384-0900-6.zip,202202141041,’†‹–€ŒSº˜a’¬ã‰Í“Œ,–³’n”Ô-22,,
19384-0900-6.zip,202202141041,’†‹–€ŒSº˜a’¬ã‰Í“Œ,–³’n”Ô-23,,
19384-0900-6.zip,202202141041,’†‹–€ŒSº˜a’¬ã‰Í“Œ,–³’n”Ô-24,,
19384-0900-6.zip,202202141041,’†‹–€ŒSº˜a’¬ã‰Í“Œ,–³’n”Ô-25,,
19384-0900-6.zip,202202141041,’†‹–€ŒSº˜a’¬ã‰Í“Œ,–³’n”Ô-26,,
19384-0900-6.zip,202202141041,’†‹–€ŒSº˜a’¬ã‰Í“Œ,’·‹·•¨•s–¾-6,,
19384-0900-6.zip,202202141041,’†‹–€ŒSº˜a’¬ã‰Í“Œ,’·‹·•¨•s–¾-7,,
19384-0900-6.zip,202202141041,’†‹–€ŒSº˜a’¬ã‰Í“Œ,’·‹·•¨•s–¾-8,,
19384-0900-6.zip,202202141041,’†‹–€ŒSº˜a’¬ã‰Í“Œ,’·‹·•¨•s–¾-9,,
19384-0900-6.zip,202202141041,’†‹–€ŒSº˜a’¬ã‰Í“Œ,’·‹·•¨•s–¾-11,,
19384-0900-6.zip,202202141041,’†‹–€ŒSº˜a’¬ã‰Í“Œ,’·‹·•¨•s–¾-12,,
19384-0900-6.zip,202202141041,’†‹–€ŒSº˜a’¬ã‰Í“Œ,’·‹·•¨•s–¾-13,,
19384-0900-6.zip,202202141041,’†‹–€ŒSº˜a’¬ã‰Í“Œ,’·‹·•¨•s–¾-14,,
19384-0900-6.zip,202202141041,’†‹–€ŒSº˜a’¬ã‰Í“Œ,’·‹·•¨•s–¾-16,,
19384-0900-6.zip,202202141041,’†‹–€ŒSº˜a’¬ã‰Í“Œ,’·‹·•¨•s–¾-17,,
19384-0900-6.zip,202202141041,’†‹–€ŒSº˜a’¬ã‰Í“Œ,’·‹·•¨•s–¾-18,,
19384-0900-6.zip,202202141041,’†‹–€ŒSº˜a’¬ã‰Í“Œ,’·‹·•¨•s–¾-28,,
19384-0900-6.zip,202202141041,’†‹–€ŒSº˜a’¬ã‰Í“Œ,’·‹·•¨•s–¾-29,,
19384-0900-6.zip,202202141041,’†‹–€ŒSº˜a’¬ã‰Í“Œ,’·‹·•¨•s–¾-30,,
19384-0900-6.zip,202202141041,’†‹–€ŒSº˜a’¬ã‰Í“Œ,’·‹·•¨•s–¾-31,,
19384-0900-6.zip,202202141041,’†‹–€ŒSº˜a’¬ã‰Í“Œ,’·‹·•¨•s–¾-32,,
19384-0900-6.zip,202202141041,’†‹–€ŒSº˜a’¬ã‰Í“Œ,’·‹·•¨•s–¾-33,,
19384-0900-6.zip,202202141041,’†‹–€ŒSº˜a’¬ã‰Í“Œ,’·‹·•¨•s–¾-34,,
19384-0900-6.zip,202202141041,’†‹–€ŒSº˜a’¬ã‰Í“Œ,’·‹·•¨•s–¾-35,,
19384-0900-6.zip,202202141041,’†‹–€ŒSº˜a’¬ã‰Í“Œ,’·‹·•¨•s–¾-37,,
19384-0900-6.zip,202202141041,’†‹–€ŒSº˜a’¬ã‰Í“Œ,’·‹·•¨•s–¾-39,,
19384-0900-6.zip,202202141041,’†‹–€ŒSº˜a’¬ã‰Í“Œ,’·‹·•¨•s–¾-40,,
19384-0900-6.zip,202202141041,’†‹–€ŒSº˜a’¬ã‰Í“Œ,’·‹·•¨•s–¾-41,,
19384-0900-6.zip,202202141041,’†‹–€ŒSº˜a’¬ã‰Í“Œ,’·‹·•¨•s–¾-42,,
19384-0900-6.zip,202202141041,’†‹–€ŒSº˜a’¬ã‰Í“Œ,’·‹·•¨•s–¾-43,,
19384-0900-6.zip,202202141041,’†‹–€ŒSº˜a’¬ã‰Í“Œ,’·‹·•¨•s–¾-44,,
19384-0900-6.zip,202202141041,’†‹–€ŒSº˜a’¬ã‰Í“Œ,’·‹·•¨•s–¾-45,,
19384-0900-6.zip,202202141041,’†‹–€ŒSº˜a’¬ã‰Í“Œ,’·‹·•¨•s–¾-49,,
19384-0900-6.zip,202202141041,’†‹–€ŒSº˜a’¬ã‰Í“Œ,’·‹·•¨•s–¾-50,,
19384-0900-6.zip,202202141041,’†‹–€ŒSº˜a’¬ã‰Í“Œ,’·‹·•¨•s–¾-51,,
19384-0900-6.zip,202202141041,’†‹–€ŒSº˜a’¬ã‰Í“Œ,’·‹·•¨•s–¾-52,,
19384-0900-6.zip,202202141041,’†‹–€ŒSº˜a’¬ã‰Í“Œ,’·‹·•¨•s–¾-54,,
19384-0900-6.zip,202202141041,’†‹–€ŒSº˜a’¬ã‰Í“Œ,’·‹·•¨•s–¾-55,,
19384-0900-6.zip,202202141041,’†‹–€ŒSº˜a’¬ã‰Í“Œ,’·‹·•¨•s–¾-56,,
19384-0900-6.zip,202202141041,’†‹–€ŒSº˜a’¬ã‰Í“Œ,’·‹·•¨•s–¾-60,,
19384-0900-6.zip,202202141041,’†‹–€ŒSº˜a’¬ã‰Í“Œ,’·‹·•¨•s–¾-61,,
19384-0900-6.zip,202202141041,’†‹–€ŒSº˜a’¬ã‰Í“Œ,’·‹·•¨•s–¾-62,,
19384-0900-6.zip,202202141041,’†‹–€ŒSº˜a’¬ã‰Í“Œ,’·‹·•¨•s–¾-63,,
19384-0900-6.zip,202202141041,’†‹–€ŒSº˜a’¬ã‰Í“Œ,’·‹·•¨•s–¾-64,,
19384-0900-6.zip,202202141041,’†‹–€ŒSº˜a’¬ã‰Í“Œ,’·‹·•¨•s–¾-65,,
19384-0900-6.zip,202202141041,’†‹–€ŒSº˜a’¬ã‰Í“Œ,’·‹·•¨•s–¾-66,,
19384-0900-6.zip,202202141041,’†‹–€ŒSº˜a’¬ã‰Í“Œ,’·‹·•¨•s–¾-67,,
19384-0900-6.zip,202202141041,’†‹–€ŒSº˜a’¬ã‰Í“Œ,’·‹·•¨•s–¾-71,,
19384-0900-6.zip,202202141041,’†‹–€ŒSº˜a’¬ã‰Í“Œ,’·‹·•¨•s–¾-72,,
19384-0900-6.zip,202202141041,’†‹–€ŒSº˜a’¬ã‰Í“Œ,’·‹·•¨•s–¾-73,,
19384-0900-6.zip,202202141041,’†‹–€ŒSº˜a’¬ã‰Í“Œ,’·‹·•¨•s–¾-74,,
19384-0900-6.zip,202202141041,’†‹–€ŒSº˜a’¬ã‰Í“Œ,’·‹·•¨•s–¾-75,,
19384-0900-6.zip,202202141041,’†‹–€ŒSº˜a’¬ã‰Í“Œ,’·‹·•¨•s–¾-76,,
19384-0900-6.zip,202202141041,’†‹–€ŒSº˜a’¬ã‰Í“Œ,’·‹·•¨•s–¾-77,,
19384-0900-6.zip,202202141041,’†‹–€ŒSº˜a’¬ã‰Í“Œ,’·‹·•¨•s–¾-78,,
19384-0900-6.zip,202202141041,’†‹–€ŒSº˜a’¬ã‰Í“Œ,’·‹·•¨•s–¾-81,,
19384-0900-6.zip,202202141041,’†‹–€ŒSº˜a’¬ã‰Í“Œ,’·‹·•¨•s–¾-82,,
19384-0900-6.zip,202202141041,’†‹–€ŒSº˜a’¬ã‰Í“Œ,’·‹·•¨•s–¾-83,,
19384-0900-6.zip,202202141041,’†‹–€ŒSº˜a’¬ã‰Í“Œ,’·‹·•¨•s–¾-84,,
19384-0900-6.zip,202202141041,’†‹–€ŒSº˜a’¬ã‰Í“Œ,’·‹·•¨•s–¾-85,,
19384-0900-6.zip,202202141041,’†‹–€ŒSº˜a’¬ã‰Í“Œ,’·‹·•¨•s–¾-86,,
19384-0900-6.zip,202202141041,’†‹–€ŒSº˜a’¬ã‰Í“Œ,’·‹·•¨•s–¾-87,,
19384-0900-6.zip,202202141041,’†‹–€ŒSº˜a’¬ã‰Í“Œ,’·‹·•¨•s–¾-88,,
19384-0900-6.zip,202202141041,’†‹–€ŒSº˜a’¬ã‰Í“Œ,’·‹·•¨•s–¾-91,,
19384-0900-6.zip,202202141041,’†‹–€ŒSº˜a’¬ã‰Í“Œ,’·‹·•¨•s–¾-92,,
19384-0900-6.zip,202202141041,’†‹–€ŒSº˜a’¬ã‰Í“Œ,’·‹·•¨•s–¾-93,,
19384-0900-6.zip,202202141041,’†‹–€ŒSº˜a’¬ã‰Í“Œ,’·‹·•¨•s–¾-94,,
19384-0900-6.zip,202202141041,’†‹–€ŒSº˜a’¬ã‰Í“Œ,’·‹·•¨•s–¾-95,,
19384-0900-6.zip,202202141041,’†‹–€ŒSº˜a’¬ã‰Í“Œ,’·‹·•¨•s–¾-96,,
19384-0900-6.zip,202202141041,’†‹–€ŒSº˜a’¬ã‰Í“Œ,’·‹·•¨•s–¾-97,,
19384-0900-6.zip,202202141041,’†‹–€ŒSº˜a’¬ã‰Í“Œ,’·‹·•¨•s–¾-98,,
19384-0900-6.zip,202202141041,’†‹–€ŒSº˜a’¬ã‰Í“Œ,’·‹·•¨•s–¾-101,,
19384-0900-6.zip,202202141041,’†‹–€ŒSº˜a’¬ã‰Í“Œ,’·‹·•¨•s–¾-102,,
19384-0900-6.zip,202202141041,’†‹–€ŒSº˜a’¬ã‰Í“Œ,’·‹·•¨•s–¾-103,,
19384-0900-6.zip,202202141041,’†‹–€ŒSº˜a’¬ã‰Í“Œ,’·‹·•¨•s–¾-104,,
19384-0900-6.zip,202202141041,’†‹–€ŒSº˜a’¬ã‰Í“Œ,’·‹·•¨•s–¾-105,,
19384-0900-6.zip,202202141041,’†‹–€ŒSº˜a’¬ã‰Í“Œ,’·‹·•¨•s–¾-106,,
19384-0900-6.zip,202202141041,’†‹–€ŒSº˜a’¬ã‰Í“Œ,’·‹·•¨•s–¾-107,,
19384-0900-6.zip,202202141041,’†‹–€ŒSº˜a’¬ã‰Í“Œ,’·‹·•¨•s–¾-108,,
19384-0900-6.zip,202202141041,’†‹–€ŒSº˜a’¬ã‰Í“Œ,’·‹·•¨•s–¾-112,,
19384-0900-6.zip,202202141041,’†‹–€ŒSº˜a’¬ã‰Í“Œ,’·‹·•¨•s–¾-113,,
19384-0900-6.zip,202202141041,’†‹–€ŒSº˜a’¬ã‰Í“Œ,’·‹·•¨•s–¾-114,,
19384-0900-6.zip,202202141041,’†‹–€ŒSº˜a’¬ã‰Í“Œ,’·‹·•¨•s–¾-115,,
19384-0900-6.zip,202202141041,’†‹–€ŒSº˜a’¬ã‰Í“Œ,’·‹·•¨•s–¾-116,,
19384-0900-6.zip,202202141041,’†‹–€ŒSº˜a’¬ã‰Í“Œ,’·‹·•¨•s–¾-117,,
19384-0900-6.zip,202202141041,’†‹–€ŒSº˜a’¬ã‰Í“Œ,’·‹·•¨•s–¾-118,,
19384-0900-6.zip,202202141041,’†‹–€ŒSº˜a’¬ã‰Í“Œ,’·‹·•¨•s–¾-119,,
19384-0900-6.zip,202202141041,’†‹–€ŒSº˜a’¬ã‰Í“Œ,’·‹·•¨•s–¾-121,,
19384-0900-6.zip,202202141041,’†‹–€ŒSº˜a’¬ã‰Í“Œ,’·‹·•¨•s–¾-122,,
19384-0900-6.zip,202202141041,’†‹–€ŒSº˜a’¬ã‰Í“Œ,’·‹·•¨•s–¾-123,,
19384-0900-6.zip,202202141041,’†‹–€ŒSº˜a’¬ã‰Í“Œ,’·‹·•¨•s–¾-322,,
19384-0900-6.zip,202202141041,’†‹–€ŒSº˜a’¬ã‰Í“Œ,’·‹·•¨•s–¾-323,,
19384-0900-6.zip,202202141041,’†‹–€ŒSº˜a’¬ã‰Í“Œ,’·‹·•¨•s–¾-325,,
19384-0900-6.zip,202202141041,’†‹–€ŒSº˜a’¬ã‰Í“Œ,’·‹·•¨•s–¾-327,,
19384-0900-6.zip,202202141041,’†‹–€ŒSº˜a’¬ã‰Í“Œ,’·‹·•¨•s–¾-329,,
19384-0900-6.zip,202202141041,’†‹–€ŒSº˜a’¬ã‰Í“Œ,868-1,,
19384-0900-6.zip,202202141041,’†‹–€ŒSº˜a’¬ã‰Í“Œ,868-2,,
19384-0900-6.zip,202202141041,’†‹–€ŒSº˜a’¬ã‰Í“Œ,868-3,,
19384-0900-6.zip,202202141041,’†‹–€ŒSº˜a’¬ã‰Í“Œ,869-1,,
19384-0900-6.zip,202202141041,’†‹–€ŒSº˜a’¬ã‰Í“Œ,869-2,,
19384-0900-6.zip,202202141041,’†‹–€ŒSº˜a’¬ã‰Í“Œ,869-3,,
19384-0900-6.zip,202202141041,’†‹–€ŒSº˜a’¬ã‰Í“Œ,869-4,,
19384-0900-6.zip,202202141041,’†‹–€ŒSº˜a’¬ã‰Í“Œ,869-5,,
19384-0900-6.zip,202202141041,’†‹–€ŒSº˜a’¬ã‰Í“Œ,871-1,,
19384-0900-6.zip,202202141041,’†‹–€ŒSº˜a’¬ã‰Í“Œ,871-2,,
19384-0900-6.zip,202202141041,’†‹–€ŒSº˜a’¬ã‰Í“Œ,950-1,,
19384-0900-6.zip,202202141041,’†‹–€ŒSº˜a’¬ã‰Í“Œ,950-8,,
19384-0900-6.zip,202202141041,’†‹–€ŒSº˜a’¬ã‰Í“Œ,951-1,,
19384-0900-6.zip,202202141041,’†‹–€ŒSº˜a’¬ã‰Í“Œ,951-4,,
19384-0900-6.zip,202202141041,’†‹–€ŒSº˜a’¬ã‰Í“Œ,951-5,,
19384-0900-6.zip,202202141041,’†‹–€ŒSº˜a’¬ã‰Í“Œ,951-6,,
19384-0900-6.zip,202202141041,’†‹–€ŒSº˜a’¬ã‰Í“Œ,952,,
19384-0900-6.zip,202202141041,’†‹–€ŒSº˜a’¬ã‰Í“Œ,953,,
19384-0900-6.zip,202202141041,’†‹–€ŒSº˜a’¬ã‰Í“Œ,954-1,,
19384-0900-6.zip,202202141041,’†‹–€ŒSº˜a’¬ã‰Í“Œ,954-2,,
19384-0900-6.zip,202202141041,’†‹–€ŒSº˜a’¬ã‰Í“Œ,955-1,,
19384-0900-6.zip,202202141041,’†‹–€ŒSº˜a’¬ã‰Í“Œ,955-2,,
19384-0900-6.zip,202202141041,’†‹–€ŒSº˜a’¬ã‰Í“Œ,955-3,,
19384-0900-6.zip,202202141041,’†‹–€ŒSº˜a’¬ã‰Í“Œ,956-1,,
19384-0900-6.zip,202202141041,’†‹–€ŒSº˜a’¬ã‰Í“Œ,956-2,,
19384-0900-6.zip,202202141041,’†‹–€ŒSº˜a’¬ã‰Í“Œ,956-3,,
19384-0900-6.zip,202202141041,’†‹–€ŒSº˜a’¬ã‰Í“Œ,956-4,,
19384-0900-6.zip,202202141041,’†‹–€ŒSº˜a’¬ã‰Í“Œ,957,,
19384-0900-6.zip,202202141041,’†‹–€ŒSº˜a’¬ã‰Í“Œ,958,,
19384-0900-6.zip,202202141041,’†‹–€ŒSº˜a’¬ã‰Í“Œ,959-1,,
19384-0900-6.zip,202202141041,’†‹–€ŒSº˜a’¬ã‰Í“Œ,959-2,,
19384-0900-6.zip,202202141041,’†‹–€ŒSº˜a’¬ã‰Í“Œ,959-3,,
19384-0900-6.zip,202202141041,’†‹–€ŒSº˜a’¬ã‰Í“Œ,960-1,,
19384-0900-6.zip,202202141041,’†‹–€ŒSº˜a’¬ã‰Í“Œ,960-2,,
19384-0900-6.zip,202202141041,’†‹–€ŒSº˜a’¬ã‰Í“Œ,961,,
19384-0900-6.zip,202202141041,’†‹–€ŒSº˜a’¬ã‰Í“Œ,962,,
19384-0900-6.zip,202202141041,’†‹–€ŒSº˜a’¬ã‰Í“Œ,963-1,,
19384-0900-6.zip,202202141041,’†‹–€ŒSº˜a’¬ã‰Í“Œ,963-2,,
19384-0900-6.zip,202202141041,’†‹–€ŒSº˜a’¬ã‰Í“Œ,963-3,,
19384-0900-6.zip,202202141041,’†‹–€ŒSº˜a’¬ã‰Í“Œ,964-1,,
19384-0900-6.zip,202202141041,’†‹–€ŒSº˜a’¬ã‰Í“Œ,964-2,,
19384-0900-6.zip,202202141041,’†‹–€ŒSº˜a’¬ã‰Í“Œ,965,,
19384-0900-6.zip,202202141041,’†‹–€ŒSº˜a’¬ã‰Í“Œ,966,,
19384-0900-6.zip,202202141041,’†‹–€ŒSº˜a’¬ã‰Í“Œ,967,,
19384-0900-6.zip,202202141041,’†‹–€ŒSº˜a’¬ã‰Í“Œ,970,,
19384-0900-6.zip,202202141041,’†‹–€ŒSº˜a’¬ã‰Í“Œ,973,,
19384-0900-6.zip,202202141041,’†‹–€ŒSº˜a’¬ã‰Í“Œ,974,,
19384-0900-6.zip,202202141041,’†‹–€ŒSº˜a’¬ã‰Í“Œ,975,,
19384-0900-6.zip,202202141041,’†‹–€ŒSº˜a’¬ã‰Í“Œ,976,,
19384-0900-6.zip,202202141041,’†‹–€ŒSº˜a’¬ã‰Í“Œ,977,,
19384-0900-6.zip,202202141041,’†‹–€ŒSº˜a’¬ã‰Í“Œ,978-1,,
19384-0900-6.zip,202202141041,’†‹–€ŒSº˜a’¬ã‰Í“Œ,978-2,,
19384-0900-6.zip,202202141041,’†‹–€ŒSº˜a’¬ã‰Í“Œ,978-3,,
19384-0900-6.zip,202202141041,’†‹–€ŒSº˜a’¬ã‰Í“Œ,978-4,,
19384-0900-6.zip,202202141041,’†‹–€ŒSº˜a’¬ã‰Í“Œ,978-5,,
19384-0900-6.zip,202202141041,’†‹–€ŒSº˜a’¬ã‰Í“Œ,978-6,,
19384-0900-6.zip,202202141041,’†‹–€ŒSº˜a’¬ã‰Í“Œ,979,,
19384-0900-6.zip,202202141041,’†‹–€ŒSº˜a’¬ã‰Í“Œ,980,,
19384-0900-6.zip,202202141041,’†‹–€ŒSº˜a’¬ã‰Í“Œ,981,,
19384-0900-6.zip,202202141041,’†‹–€ŒSº˜a’¬ã‰Í“Œ,982,,
19384-0900-6.zip,202202141041,’†‹–€ŒSº˜a’¬ã‰Í“Œ,983,,
19384-0900-6.zip,202202141041,’†‹–€ŒSº˜a’¬ã‰Í“Œ,984,,
19384-0900-6.zip,202202141041,’†‹–€ŒSº˜a’¬ã‰Í“Œ,985-1,,
19384-0900-6.zip,202202141041,’†‹–€ŒSº˜a’¬ã‰Í“Œ,1081-2,,
19384-0900-6.zip,202202141041,’†‹–€ŒSº˜a’¬ã‰Í“Œ,1264,,
19384-0900-6.zip,202202141041,’†‹–€ŒSº˜a’¬ã‰Í“Œ,1265-1,,
19384-0900-6.zip,202202141041,’†‹–€ŒSº˜a’¬ã‰Í“Œ,1265-2,,
19384-0900-6.zip,202202141041,’†‹–€ŒSº˜a’¬ã‰Í“Œ,1265-3,,
19384-0900-6.zip,202202141041,’†‹–€ŒSº˜a’¬ã‰Í“Œ,1267-1,,
19384-0900-6.zip,202202141041,’†‹–€ŒSº˜a’¬ã‰Í“Œ,1267-3,,
19384-0900-6.zip,202202141041,’†‹–€ŒSº˜a’¬ã‰Í“Œ,1267-4,,
19384-0900-6.zip,202202141041,’†‹–€ŒSº˜a’¬ã‰Í“Œ,1268-1,,
19384-0900-6.zip,202202141041,’†‹–€ŒSº˜a’¬ã‰Í“Œ,–³’n”Ô-34,,
19384-0900-6.zip,202202141041,’†‹–€ŒSº˜a’¬ã‰Í“Œ,–³’n”Ô-35,,
19384-0900-6.zip,202202141041,’†‹–€ŒSº˜a’¬ã‰Í“Œ,–³’n”Ô-36,,
19384-0900-6.zip,202202141041,’†‹–€ŒSº˜a’¬ã‰Í“Œ,–³’n”Ô-37,,
19384-0900-6.zip,202202141041,’†‹–€ŒSº˜a’¬ã‰Í“Œ,“¹-709,,
19384-0900-6.zip,202202141041,’†‹–€ŒSº˜a’¬ã‰Í“Œ,’·‹·•¨•s–¾-3,,
19384-0900-6.zip,202202141041,’†‹–€ŒSº˜a’¬ã‰Í“Œ,’·‹·•¨•s–¾-4,,
19384-0900-6.zip,202202141041,’†‹–€ŒSº˜a’¬ã‰Í“Œ,’·‹·•¨•s–¾-27,,
19384-0900-6.zip,202202141041,’†‹–€ŒSº˜a’¬ã‰Í“Œ,’·‹·•¨•s–¾-57,,
19384-0900-6.zip,202202141041,’†‹–€ŒSº˜a’¬ã‰Í“Œ,’·‹·•¨•s–¾-68,,
19384-0900-6.zip,202202141041,’†‹–€ŒSº˜a’¬ã‰Í“Œ,’·‹·•¨•s–¾-79,,
19384-0900-6.zip,202202141041,’†‹–€ŒSº˜a’¬ã‰Í“Œ,’·‹·•¨•s–¾-80,,
19384-0900-6.zip,202202141041,’†‹–€ŒSº˜a’¬ã‰Í“Œ,’·‹·•¨•s–¾-321,,
19384-0900-6.zip,202202141041,’†‹–€ŒSº˜a’¬ã‰Í“Œ,’·‹·•¨•s–¾-324,,
19384-0900-6.zip,202202141041,’†‹–€ŒSº˜a’¬ã‰Í“Œ,’·‹·•¨•s–¾-328,,
19384-0900-6.zip,202202141041,’†‹–€ŒSº˜a’¬ã‰Í“Œ,’·‹·•¨•s–¾-330,,
19384-0900-6.zip,202202141041,’†‹–€ŒSº˜a’¬ã‰Í“Œ,647-1,,
19384-0900-6.zip,202202141041,’†‹–€ŒSº˜a’¬ã‰Í“Œ,647-2,,
19384-0900-6.zip,202202141041,’†‹–€ŒSº˜a’¬ã‰Í“Œ,647-3,,
19384-0900-6.zip,202202141041,’†‹–€ŒSº˜a’¬ã‰Í“Œ,’·‹·•¨•s–¾-38,,
19384-0900-6.zip,202202141041,’†‹–€ŒSº˜a’¬ã‰Í“Œ,’·‹·•¨•s–¾-120,,
19384-0900-6.zip,202202141041,’†‹–€ŒSº˜a’¬ã‰Í“Œ,648-3,,
19384-0900-6.zip,202202141041,’†‹–€ŒSº˜a’¬ã‰Í“Œ,648-1,,
19384-0900-6.zip,202202141041,’†‹–€ŒSº˜a’¬ã‰Í“Œ,’·‹·•¨•s–¾-15,,
19384-0900-6.zip,202202141041,’†‹–€ŒSº˜a’¬ã‰Í“Œ,658-1,,
19384-0900-6.zip,202202141041,’†‹–€ŒSº˜a’¬ã‰Í“Œ,559-2,,
19384-0900-6.zip,202202141041,’†‹–€ŒSº˜a’¬ã‰Í“Œ,–³’n”Ô-1259-3,,
19384-0900-6.zip,202202141041,’†‹–€ŒSº˜a’¬ã‰Í“Œ,606-4,,
19384-0900-6.zip,202202141041,’†‹–€ŒSº˜a’¬ã‰Í“Œ,605-37,,
19384-0900-6.zip,202202141041,’†‹–€ŒSº˜a’¬ã‰Í“Œ,606-5,,
19384-0900-6.zip,202202141041,’†‹–€ŒSº˜a’¬ã‰Í“Œ,606-1,,
19384-0900-6.zip,202202141041,’†‹–€ŒSº˜a’¬ã‰Í“Œ,641-1,,
19384-0900-6.zip,202202141041,’†‹–€ŒSº˜a’¬ã‰Í“Œ,’·‹·•¨•s–¾-10,,
19384-0900-6.zip,202202141041,’†‹–€ŒSº˜a’¬ã‰Í“Œ,’·‹·•¨•s–¾-334,,
19384-0900-6.zip,202202141041,’†‹–€ŒSº˜a’¬,’·‹·•¨•s–¾-338,,
19384-0900-6.zip,202202141041,’†‹–€ŒSº˜a’¬ã‰Í“Œ,“¹-7,,
19384-0900-6.zip,202202141041,’†‹–€ŒSº˜a’¬ã‰Í“Œ,67-1,,
19384-0900-6.zip,202202141041,’†‹–€ŒSº˜a’¬ã‰Í“Œ,70-1,,
19384-0900-6.zip,202202141041,’†‹–€ŒSº˜a’¬ã‰Í“Œ,71-1,,
19384-0900-6.zip,202202141041,’†‹–€ŒSº˜a’¬ã‰Í“Œ,77-1,,
19384-0900-6.zip,202202141041,’†‹–€ŒSº˜a’¬ã‰Í“Œ,77-2,,
19384-0900-6.zip,202202141041,’†‹–€ŒSº˜a’¬ã‰Í“Œ,77-3,,
19384-0900-6.zip,202202141041,’†‹–€ŒSº˜a’¬ã‰Í“Œ,78-1,,
19384-0900-6.zip,202202141041,’†‹–€ŒSº˜a’¬ã‰Í“Œ,79-1,,
19384-0900-6.zip,202202141041,’†‹–€ŒSº˜a’¬ã‰Í“Œ,61-1,,
19384-0900-6.zip,202202141041,’†‹–€ŒSº˜a’¬ã‰Í“Œ,68,,
19384-0900-6.zip,202202141041,’†‹–€ŒSº˜a’¬ã‰Í“Œ,69,,
19384-0900-6.zip,202202141041,’†‹–€ŒSº˜a’¬ã‰Í“Œ,’·‹·•¨•s–¾-331-2,,
19384-0900-6.zip,202202141041,’†‹–€ŒSº˜a’¬ã‰Í“Œ,…-11-2,,
19384-0900-6.zip,202202141041,’†‹–€ŒSº˜a’¬ã‰Í“Œ,’·‹·•¨•s–¾-335-2,,
19384-0900-6.zip,202202141041,’†‹–€ŒSº˜a’¬ã‰Í“Œ,566-19,,
19384-0900-6.zip,202202141041,’†‹–€ŒSº˜a’¬ã‰Í“Œ,566-18,,
19384-0900-6.zip,202202141041,’†‹–€ŒSº˜a’¬ã‰Í“Œ,566-17,,
19384-0900-6.zip,202202141041,’†‹–€ŒSº˜a’¬ã‰Í“Œ,566-16,,
19384-0900-6.zip,202202141041,’†‹–€ŒSº˜a’¬ã‰Í“Œ,566-15,,
19384-0900-6.zip,202202141041,’†‹–€ŒSº˜a’¬ã‰Í“Œ,566-1,,
19384-0900-6.zip,202202141041,’†‹–€ŒSº˜a’¬ã‰Í“Œ,566-14,,
19384-0900-6.zip,202202141041,’†‹–€ŒSº˜a’¬ã‰Í“Œ,566-20,,
19384-0900-6.zip,202202141041,’†‹–€ŒSº˜a’¬ã‰Í“Œ,566-11,,
19384-0900-6.zip,202202141041,’†‹–€ŒSº˜a’¬ã‰Í“Œ,566-6,,
19384-0900-6.zip,202202141041,’†‹–€ŒSº˜a’¬ã‰Í“Œ,566-8,,
19384-0900-6.zip,202202141041,’†‹–€ŒSº˜a’¬ã‰Í“Œ,566-9,,
19384-0900-6.zip,202202141041,’†‹–€ŒSº˜a’¬ã‰Í“Œ,’·‹·•¨•s–¾-53,,
19384-0900-7.zip,202202141041,’†‹–€ŒSº˜a’¬ã‰Í“Œ,1270-1,,
19384-0900-7.zip,202202141041,’†‹–€ŒSº˜a’¬ã‰Í“Œ,1270-2,,
19384-0900-7.zip,202202141041,’†‹–€ŒSº˜a’¬ã‰Í“Œ,1271,,
19384-0900-7.zip,202202141041,’†‹–€ŒSº˜a’¬ã‰Í“Œ,1274-1,,
19384-0900-7.zip,202202141041,’†‹–€ŒSº˜a’¬ã‰Í“Œ,1274-2,,
19384-0900-7.zip,202202141041,’†‹–€ŒSº˜a’¬ã‰Í“Œ,1274-5,,
19384-0900-7.zip,202202141041,’†‹–€ŒSº˜a’¬ã‰Í“Œ,1274-7,,
19384-0900-7.zip,202202141041,’†‹–€ŒSº˜a’¬ã‰Í“Œ,1274-8,,
19384-0900-7.zip,202202141041,’†‹–€ŒSº˜a’¬ã‰Í“Œ,1274-9,,
19384-0900-7.zip,202202141041,’†‹–€ŒSº˜a’¬ã‰Í“Œ,1278,,
19384-0900-7.zip,202202141041,’†‹–€ŒSº˜a’¬,’n‹æŠO-784923,,
19384-0900-7.zip,202202141041,’†‹–€ŒSº˜a’¬ã‰Í“Œ,1273-10,,
19384-0900-7.zip,202202141041,’†‹–€ŒSº˜a’¬ã‰Í“Œ,1273-4,,
19384-0900-7.zip,202202141041,’†‹–€ŒSº˜a’¬ã‰Í“Œ,1273-2,,
19384-0900-7.zip,202202141041,’†‹–€ŒSº˜a’¬ã‰Í“Œ,1273-6,,
19384-0900-7.zip,202202141041,’†‹–€ŒSº˜a’¬ã‰Í“Œ,1273-7,,
19384-0900-7.zip,202202141041,’†‹–€ŒSº˜a’¬ã‰Í“Œ,1273-8,,
19384-0900-7.zip,202202141041,’†‹–€ŒSº˜a’¬ã‰Í“Œ,1273-9,,
19384-0900-7.zip,202202141041,’†‹–€ŒSº˜a’¬ã‰Í“Œ,1274-10,,
19384-0900-7.zip,202202141041,’†‹–€ŒSº˜a’¬ã‰Í“Œ,1274-12,,
19384-0900-7.zip,202202141041,’†‹–€ŒSº˜a’¬ã‰Í“Œ,1274-11,,
19384-0900-7.zip,202202141041,’†‹–€ŒSº˜a’¬ã‰Í“Œ,1276-3,,
19384-0900-7.zip,202202141041,’†‹–€ŒSº˜a’¬ã‰Í“Œ,1277,,
19384-0900-7.zip,202202141041,’†‹–€ŒSº˜a’¬ã‰Í“Œ,1273-13,,
19384-0900-7.zip,202202141041,’†‹–€ŒSº˜a’¬ã‰Í“Œ,1273-14,,
19384-0900-7.zip,202202141041,’†‹–€ŒSº˜a’¬ã‰Í“Œ,1273-1,,
19384-0900-7.zip,202202141041,’†‹–€ŒSº˜a’¬ã‰Í“Œ,1273-11,,
19384-0900-7.zip,202202141041,’†‹–€ŒSº˜a’¬ã‰Í“Œ,1273-16,,
19384-0900-7.zip,202202141041,’†‹–€ŒSº˜a’¬ã‰Í“Œ,1273-15,,
19384-0900-7.zip,202202141041,’†‹–€ŒSº˜a’¬ã‰Í“Œ,1279,,
19384-0900-7.zip,202202141041,’†‹–€ŒSº˜a’¬ã‰Í“Œ,1273-5,,
19384-0900-7.zip,202202141041,’†‹–€ŒSº˜a’¬,’n‹æŠO-784924,,
19384-0900-7.zip,202202141041,’†‹–€ŒSº˜a’¬ã‰Í“Œ,1275-4,,
19384-0900-7.zip,202202141041,’†‹–€ŒSº˜a’¬ã‰Í“Œ,1275-6,,
19384-0900-7.zip,202202141041,’†‹–€ŒSº˜a’¬ã‰Í“Œ,1275-8,,
19384-0900-7.zip,202202141041,’†‹–€ŒSº˜a’¬ã‰Í“Œ,1275-7,,
19384-0900-7.zip,202202141041,’†‹–€ŒSº˜a’¬ã‰Í“Œ,1275-1,,
19384-0900-7.zip,202202141041,’†‹–€ŒSº˜a’¬ã‰Í“Œ,1275-2,,
19384-0900-7.zip,202202141041,’†‹–€ŒSº˜a’¬ã‰Í“Œ,1280,,
19384-0900-7.zip,202202141041,’†‹–€ŒSº˜a’¬ã‰Í“Œ,1273-12,,
19384-0900-7.zip,202202141041,’†‹–€ŒSº˜a’¬ã‰Í“Œ,1274-6,,
19384-0900-7.zip,202202141041,’†‹–€ŒSº˜a’¬ã‰Í“Œ,1272,,
19384-0900-7.zip,202202141041,’†‹–€ŒSº˜a’¬ã‰Í“Œ,1275-3,,
19384-0900-7.zip,202202141041,’†‹–€ŒSº˜a’¬ã‰Í“Œ,1275-5,,
19384-0900-7.zip,202202141041,’†‹–€ŒSº˜a’¬ã‰Í“Œ,1273-3,,
19384-0900-8.zip,202202141041,’†‹–€ŒSº˜a’¬,–³’n”Ô-52,,
19384-0900-8.zip,202202141041,’†‹–€ŒSº˜a’¬,“¹-13,,
19384-0900-8.zip,202202141041,’†‹–€ŒSº˜a’¬,“¹-14,,
19384-0900-8.zip,202202141041,’†‹–€ŒSº˜a’¬,“¹-26,,
19384-0900-8.zip,202202141041,’†‹–€ŒSº˜a’¬,“¹-28,,
19384-0900-8.zip,202202141041,’†‹–€ŒSº˜a’¬,“¹-703,,
19384-0900-8.zip,202202141041,’†‹–€ŒSº˜a’¬,“¹-719,,
19384-0900-8.zip,202202141041,’†‹–€ŒSº˜a’¬,“¹-721,,
19384-0900-8.zip,202202141041,’†‹–€ŒSº˜a’¬,“¹-724,,
19384-0900-8.zip,202202141041,’†‹–€ŒSº˜a’¬,“¹-727,,
19384-0900-8.zip,202202141041,’†‹–€ŒSº˜a’¬,“¹-731,,
19384-0900-8.zip,202202141041,’†‹–€ŒSº˜a’¬,…-7,,
19384-0900-8.zip,202202141041,’†‹–€ŒSº˜a’¬,…-8,,
19384-0900-8.zip,202202141041,’†‹–€ŒSº˜a’¬,’·‹·•¨•s–¾-1,,
19384-0900-8.zip,202202141041,’†‹–€ŒSº˜a’¬,’·‹·•¨•s–¾-2,,
19384-0900-8.zip,202202141041,’†‹–€ŒSº˜a’¬,’·‹·•¨•s–¾-3,,
19384-0900-8.zip,202202141041,’†‹–€ŒSº˜a’¬,’·‹·•¨•s–¾-6,,
19384-0900-8.zip,202202141041,’†‹–€ŒSº˜a’¬,’·‹·•¨•s–¾-12,,
19384-0900-8.zip,202202141041,’†‹–€ŒSº˜a’¬,’·‹·•¨•s–¾-14,,
19384-0900-8.zip,202202141041,’†‹–€ŒSº˜a’¬,’·‹·•¨•s–¾-15,,
19384-0900-8.zip,202202141041,’†‹–€ŒSº˜a’¬,’·‹·•¨•s–¾-340,,
19384-0900-8.zip,202202141041,’†‹–€ŒSº˜a’¬,’·‹·•¨•s–¾-342,,
19384-0900-8.zip,202202141041,’†‹–€ŒSº˜a’¬,’·‹·•¨•s–¾-351,,
19384-0900-8.zip,202202141041,’†‹–€ŒSº˜a’¬,’·‹·•¨•s–¾-354,,
19384-0900-8.zip,202202141041,’†‹–€ŒSº˜a’¬,’·‹·•¨•s–¾-366,,
19384-0900-8.zip,202202141041,’†‹–€ŒSº˜a’¬’z’nV‹,23,,
19384-0900-8.zip,202202141041,’†‹–€ŒSº˜a’¬’z’nV‹,24-1,,
19384-0900-8.zip,202202141041,’†‹–€ŒSº˜a’¬’z’nV‹,25,,
19384-0900-8.zip,202202141041,’†‹–€ŒSº˜a’¬’z’nV‹,26-1,,
19384-0900-8.zip,202202141041,’†‹–€ŒSº˜a’¬’z’nV‹,26-2,,
19384-0900-8.zip,202202141041,’†‹–€ŒSº˜a’¬’z’nV‹,27,,
19384-0900-8.zip,202202141041,’†‹–€ŒSº˜a’¬’z’nV‹,27-2,,
19384-0900-8.zip,202202141041,’†‹–€ŒSº˜a’¬’z’nV‹,27-3,,
19384-0900-8.zip,202202141041,’†‹–€ŒSº˜a’¬’z’nV‹,27-4,,
19384-0900-8.zip,202202141041,’†‹–€ŒSº˜a’¬’z’nV‹,28-1,,
19384-0900-8.zip,202202141041,’†‹–€ŒSº˜a’¬’z’nV‹,28-2,,
19384-0900-8.zip,202202141041,’†‹–€ŒSº˜a’¬’z’nV‹,34-1,,
19384-0900-8.zip,202202141041,’†‹–€ŒSº˜a’¬’z’nV‹,34-2,,
19384-0900-8.zip,202202141041,’†‹–€ŒSº˜a’¬’z’nV‹,34-3,,
19384-0900-8.zip,202202141041,’†‹–€ŒSº˜a’¬’z’nV‹,35-3,,
19384-0900-8.zip,202202141041,’†‹–€ŒSº˜a’¬’z’nV‹,36-2,,
19384-0900-8.zip,202202141041,’†‹–€ŒSº˜a’¬’z’nV‹,38-1,,
19384-0900-8.zip,202202141041,’†‹–€ŒSº˜a’¬’z’nV‹,38-2,,
19384-0900-8.zip,202202141041,’†‹–€ŒSº˜a’¬’z’nV‹,38-3,,
19384-0900-8.zip,202202141041,’†‹–€ŒSº˜a’¬’z’nV‹,38-4,,
19384-0900-8.zip,202202141041,’†‹–€ŒSº˜a’¬’z’nV‹,38-5,,
19384-0900-8.zip,202202141041,’†‹–€ŒSº˜a’¬’z’nV‹,38-6,,
19384-0900-8.zip,202202141041,’†‹–€ŒSº˜a’¬’z’nV‹,38-7,,
19384-0900-8.zip,202202141041,’†‹–€ŒSº˜a’¬’z’nV‹,42,,
19384-0900-8.zip,202202141041,’†‹–€ŒSº˜a’¬’z’nV‹,43,,
19384-0900-8.zip,202202141041,’†‹–€ŒSº˜a’¬’z’nV‹,45-1,,
19384-0900-8.zip,202202141041,’†‹–€ŒSº˜a’¬’z’nV‹,46-1,,
19384-0900-8.zip,202202141041,’†‹–€ŒSº˜a’¬’z’nV‹,46-2,,
19384-0900-8.zip,202202141041,’†‹–€ŒSº˜a’¬’z’nV‹,46-3,,
19384-0900-8.zip,202202141041,’†‹–€ŒSº˜a’¬’z’nV‹,46-4,,
19384-0900-8.zip,202202141041,’†‹–€ŒSº˜a’¬’z’nV‹,46-5,,
19384-0900-8.zip,202202141041,’†‹–€ŒSº˜a’¬’z’nV‹,47-2,,
19384-0900-8.zip,202202141041,’†‹–€ŒSº˜a’¬’z’nV‹,53-1,,
19384-0900-8.zip,202202141041,’†‹–€ŒSº˜a’¬’z’nV‹,53-2,,
19384-0900-8.zip,202202141041,’†‹–€ŒSº˜a’¬’z’nV‹,53-3,,
19384-0900-8.zip,202202141041,’†‹–€ŒSº˜a’¬’z’nV‹,53-4,,
19384-0900-8.zip,202202141041,’†‹–€ŒSº˜a’¬’z’nV‹,54-1,,
19384-0900-8.zip,202202141041,’†‹–€ŒSº˜a’¬’z’nV‹,54-2,,
19384-0900-8.zip,202202141041,’†‹–€ŒSº˜a’¬’z’nV‹,54-3,,
19384-0900-8.zip,202202141041,’†‹–€ŒSº˜a’¬’z’nV‹,54-4,,
19384-0900-8.zip,202202141041,’†‹–€ŒSº˜a’¬’z’nV‹,54-5,,
19384-0900-8.zip,202202141041,’†‹–€ŒSº˜a’¬’z’nV‹,54-6,,
19384-0900-8.zip,202202141041,’†‹–€ŒSº˜a’¬’z’nV‹,54-7,,
19384-0900-8.zip,202202141041,’†‹–€ŒSº˜a’¬’z’nV‹,54-8,,
19384-0900-8.zip,202202141041,’†‹–€ŒSº˜a’¬’z’nV‹,54-9,,
19384-0900-8.zip,202202141041,’†‹–€ŒSº˜a’¬’z’nV‹,55-1,,
19384-0900-8.zip,202202141041,’†‹–€ŒSº˜a’¬’z’nV‹,55-2,,
19384-0900-8.zip,202202141041,’†‹–€ŒSº˜a’¬’z’nV‹,55-3,,
19384-0900-8.zip,202202141041,’†‹–€ŒSº˜a’¬’z’nV‹,55-5,,
19384-0900-8.zip,202202141041,’†‹–€ŒSº˜a’¬’z’nV‹,55-6,,
19384-0900-8.zip,202202141041,’†‹–€ŒSº˜a’¬’z’nV‹,55-7,,
19384-0900-8.zip,202202141041,’†‹–€ŒSº˜a’¬’z’nV‹,55-8,,
19384-0900-8.zip,202202141041,’†‹–€ŒSº˜a’¬’z’nV‹,55-9,,
19384-0900-8.zip,202202141041,’†‹–€ŒSº˜a’¬’z’nV‹,55-10,,
19384-0900-8.zip,202202141041,’†‹–€ŒSº˜a’¬’z’nV‹,55-11,,
19384-0900-8.zip,202202141041,’†‹–€ŒSº˜a’¬’z’nV‹,55-12,,
19384-0900-8.zip,202202141041,’†‹–€ŒSº˜a’¬’z’nV‹,55-13,,
19384-0900-8.zip,202202141041,’†‹–€ŒSº˜a’¬’z’nV‹,55-14,,
19384-0900-8.zip,202202141041,’†‹–€ŒSº˜a’¬’z’nV‹,55-15,,
19384-0900-8.zip,202202141041,’†‹–€ŒSº˜a’¬’z’nV‹,55-16,,
19384-0900-8.zip,202202141041,’†‹–€ŒSº˜a’¬’z’nV‹,55-17,,
19384-0900-8.zip,202202141041,’†‹–€ŒSº˜a’¬’z’nV‹,55-18,,
19384-0900-8.zip,202202141041,’†‹–€ŒSº˜a’¬’z’nV‹,56-1,,
19384-0900-8.zip,202202141041,’†‹–€ŒSº˜a’¬’z’nV‹,56-2,,
19384-0900-8.zip,202202141041,’†‹–€ŒSº˜a’¬’z’nV‹,56-3,,
19384-0900-8.zip,202202141041,’†‹–€ŒSº˜a’¬’z’nV‹,56-4,,
19384-0900-8.zip,202202141041,’†‹–€ŒSº˜a’¬’z’nV‹,56-5,,
19384-0900-8.zip,202202141041,’†‹–€ŒSº˜a’¬’z’nV‹,58-2,,
19384-0900-8.zip,202202141041,’†‹–€ŒSº˜a’¬’z’nV‹,59-2,,
19384-0900-8.zip,202202141041,’†‹–€ŒSº˜a’¬’z’nV‹,–³’n”Ô-10,,
19384-0900-8.zip,202202141041,’†‹–€ŒSº˜a’¬’z’nV‹,–³’n”Ô-100,,
19384-0900-8.zip,202202141041,’†‹–€ŒSº˜a’¬’z’nV‹,“¹-24,,
19384-0900-8.zip,202202141041,’†‹–€ŒSº˜a’¬’z’nV‹,“¹-25,,
19384-0900-8.zip,202202141041,’†‹–€ŒSº˜a’¬’z’nV‹,…-34,,
19384-0900-8.zip,202202141041,’†‹–€ŒSº˜a’¬’z’nV‹,…-35,,
19384-0900-8.zip,202202141041,’†‹–€ŒSº˜a’¬’z’nV‹,…-381,,
19384-0900-8.zip,202202141041,’†‹–€ŒSº˜a’¬’z’nV‹,…-387,,
19384-0900-8.zip,202202141041,’†‹–€ŒSº˜a’¬’z’nV‹,…-393,,
19384-0900-8.zip,202202141041,’†‹–€ŒSº˜a’¬’z’nV‹,…-404,,
19384-0900-8.zip,202202141041,’†‹–€ŒSº˜a’¬’z’nV‹,…-410,,
19384-0900-8.zip,202202141041,’†‹–€ŒSº˜a’¬’z’nV‹,…-411,,
19384-0900-8.zip,202202141041,’†‹–€ŒSº˜a’¬’z’nV‹,…-432,,
19384-0900-8.zip,202202141041,’†‹–€ŒSº˜a’¬’z’nV‹,’·‹·•¨•s–¾-4,,
19384-0900-8.zip,202202141041,’†‹–€ŒSº˜a’¬’z’nV‹,’·‹·•¨•s–¾-138,,
19384-0900-8.zip,202202141041,’†‹–€ŒSº˜a’¬’z’nV‹,’·‹·•¨•s–¾-149,,
19384-0900-8.zip,202202141041,’†‹–€ŒSº˜a’¬’z’nV‹,’·‹·•¨•s–¾-151,,
19384-0900-8.zip,202202141041,’†‹–€ŒSº˜a’¬’z’nV‹,107-1,,
19384-0900-8.zip,202202141041,’†‹–€ŒSº˜a’¬’z’nV‹,107-2,,
19384-0900-8.zip,202202141041,’†‹–€ŒSº˜a’¬’z’nV‹,107-3,,
19384-0900-8.zip,202202141041,’†‹–€ŒSº˜a’¬’z’nV‹,107-4,,
19384-0900-8.zip,202202141041,’†‹–€ŒSº˜a’¬’z’nV‹,114-1,,
19384-0900-8.zip,202202141041,’†‹–€ŒSº˜a’¬’z’nV‹,114-3,,
19384-0900-8.zip,202202141041,’†‹–€ŒSº˜a’¬’z’nV‹,114-4,,
19384-0900-8.zip,202202141041,’†‹–€ŒSº˜a’¬’z’nV‹,115-1,,
19384-0900-8.zip,202202141041,’†‹–€ŒSº˜a’¬’z’nV‹,115-2,,
19384-0900-8.zip,202202141041,’†‹–€ŒSº˜a’¬’z’nV‹,115-3,,
19384-0900-8.zip,202202141041,’†‹–€ŒSº˜a’¬’z’nV‹,115-4,,
19384-0900-8.zip,202202141041,’†‹–€ŒSº˜a’¬’z’nV‹,119-1,,
19384-0900-8.zip,202202141041,’†‹–€ŒSº˜a’¬’z’nV‹,119-2,,
19384-0900-8.zip,202202141041,’†‹–€ŒSº˜a’¬’z’nV‹,119-3,,
19384-0900-8.zip,202202141041,’†‹–€ŒSº˜a’¬’z’nV‹,119-4,,
19384-0900-8.zip,202202141041,’†‹–€ŒSº˜a’¬’z’nV‹,119-5,,
19384-0900-8.zip,202202141041,’†‹–€ŒSº˜a’¬’z’nV‹,119-6,,
19384-0900-8.zip,202202141041,’†‹–€ŒSº˜a’¬’z’nV‹,120-1,,
19384-0900-8.zip,202202141041,’†‹–€ŒSº˜a’¬’z’nV‹,120-2,,
19384-0900-8.zip,202202141041,’†‹–€ŒSº˜a’¬’z’nV‹,120-3,,
19384-0900-8.zip,202202141041,’†‹–€ŒSº˜a’¬’z’nV‹,121,,
19384-0900-8.zip,202202141041,’†‹–€ŒSº˜a’¬’z’nV‹,122-1,,
19384-0900-8.zip,202202141041,’†‹–€ŒSº˜a’¬’z’nV‹,122-2,,
19384-0900-8.zip,202202141041,’†‹–€ŒSº˜a’¬’z’nV‹,124,,
19384-0900-8.zip,202202141041,’†‹–€ŒSº˜a’¬’z’nV‹,125-1,,
19384-0900-8.zip,202202141041,’†‹–€ŒSº˜a’¬’z’nV‹,125-2,,
19384-0900-8.zip,202202141041,’†‹–€ŒSº˜a’¬’z’nV‹,125-3,,
19384-0900-8.zip,202202141041,’†‹–€ŒSº˜a’¬’z’nV‹,125-4,,
19384-0900-8.zip,202202141041,’†‹–€ŒSº˜a’¬’z’nV‹,126-1,,
19384-0900-8.zip,202202141041,’†‹–€ŒSº˜a’¬’z’nV‹,126-2,,
19384-0900-8.zip,202202141041,’†‹–€ŒSº˜a’¬’z’nV‹,126-4,,
19384-0900-8.zip,202202141041,’†‹–€ŒSº˜a’¬’z’nV‹,127-1,,
19384-0900-8.zip,202202141041,’†‹–€ŒSº˜a’¬’z’nV‹,127-2,,
19384-0900-8.zip,202202141041,’†‹–€ŒSº˜a’¬’z’nV‹,127-3,,
19384-0900-8.zip,202202141041,’†‹–€ŒSº˜a’¬’z’nV‹,127-4,,
19384-0900-8.zip,202202141041,’†‹–€ŒSº˜a’¬’z’nV‹,128-1,,
19384-0900-8.zip,202202141041,’†‹–€ŒSº˜a’¬’z’nV‹,128-3,,
19384-0900-8.zip,202202141041,’†‹–€ŒSº˜a’¬’z’nV‹,128-4,,
19384-0900-8.zip,202202141041,’†‹–€ŒSº˜a’¬’z’nV‹,129,,
19384-0900-8.zip,202202141041,’†‹–€ŒSº˜a’¬’z’nV‹,130-1,,
19384-0900-8.zip,202202141041,’†‹–€ŒSº˜a’¬’z’nV‹,130-4,,
19384-0900-8.zip,202202141041,’†‹–€ŒSº˜a’¬’z’nV‹,132,,
19384-0900-8.zip,202202141041,’†‹–€ŒSº˜a’¬’z’nV‹,133,,
19384-0900-8.zip,202202141041,’†‹–€ŒSº˜a’¬’z’nV‹,134,,
19384-0900-8.zip,202202141041,’†‹–€ŒSº˜a’¬’z’nV‹,135,,
19384-0900-8.zip,202202141041,’†‹–€ŒSº˜a’¬’z’nV‹,136-1,,
19384-0900-8.zip,202202141041,’†‹–€ŒSº˜a’¬’z’nV‹,136-2,,
19384-0900-8.zip,202202141041,’†‹–€ŒSº˜a’¬’z’nV‹,136-3,,
19384-0900-8.zip,202202141041,’†‹–€ŒSº˜a’¬’z’nV‹,137-1,,
19384-0900-8.zip,202202141041,’†‹–€ŒSº˜a’¬’z’nV‹,137-2,,
19384-0900-8.zip,202202141041,’†‹–€ŒSº˜a’¬’z’nV‹,–³’n”Ô-1,,
19384-0900-8.zip,202202141041,’†‹–€ŒSº˜a’¬’z’nV‹,“¹-6,,
19384-0900-8.zip,202202141041,’†‹–€ŒSº˜a’¬’z’nV‹,“¹-332,,
19384-0900-8.zip,202202141041,’†‹–€ŒSº˜a’¬’z’nV‹,…-12,,
19384-0900-8.zip,202202141041,’†‹–€ŒSº˜a’¬’z’nV‹,…-419,,
19384-0900-8.zip,202202141041,’†‹–€ŒSº˜a’¬’z’nV‹,…-420,,
19384-0900-8.zip,202202141041,’†‹–€ŒSº˜a’¬’z’nV‹,…-424,,
19384-0900-8.zip,202202141041,’†‹–€ŒSº˜a’¬’z’nV‹,…-427,,
19384-0900-8.zip,202202141041,’†‹–€ŒSº˜a’¬’z’nV‹,…-428,,
19384-0900-8.zip,202202141041,’†‹–€ŒSº˜a’¬’z’nV‹,’·‹·•¨•s–¾-1,,
19384-0900-8.zip,202202141041,’†‹–€ŒSº˜a’¬’z’nV‹,’·‹·•¨•s–¾-3,,
19384-0900-8.zip,202202141041,’†‹–€ŒSº˜a’¬’z’nV‹,’·‹·•¨•s–¾-10,,
19384-0900-8.zip,202202141041,’†‹–€ŒSº˜a’¬’z’nV‹,’·‹·•¨•s–¾-144,,
19384-0900-8.zip,202202141041,’†‹–€ŒSº˜a’¬’z’nV‹,155,,
19384-0900-8.zip,202202141041,’†‹–€ŒSº˜a’¬’z’nV‹,156,,
19384-0900-8.zip,202202141041,’†‹–€ŒSº˜a’¬’z’nV‹,157,,
19384-0900-8.zip,202202141041,’†‹–€ŒSº˜a’¬’z’nV‹,158,,
19384-0900-8.zip,202202141041,’†‹–€ŒSº˜a’¬’z’nV‹,159,,
19384-0900-8.zip,202202141041,’†‹–€ŒSº˜a’¬’z’nV‹,161,,
19384-0900-8.zip,202202141041,’†‹–€ŒSº˜a’¬’z’nV‹,162,,
19384-0900-8.zip,202202141041,’†‹–€ŒSº˜a’¬’z’nV‹,163,,
19384-0900-8.zip,202202141041,’†‹–€ŒSº˜a’¬’z’nV‹,164,,
19384-0900-8.zip,202202141041,’†‹–€ŒSº˜a’¬’z’nV‹,165,,
19384-0900-8.zip,202202141041,’†‹–€ŒSº˜a’¬’z’nV‹,166,,
19384-0900-8.zip,202202141041,’†‹–€ŒSº˜a’¬’z’nV‹,“¹-338,,
19384-0900-8.zip,202202141041,’†‹–€ŒSº˜a’¬’z’nV‹,…-16,,
19384-0900-8.zip,202202141041,’†‹–€ŒSº˜a’¬’z’nV‹,…-17,,
19384-0900-8.zip,202202141041,’†‹–€ŒSº˜a’¬’z’nV‹,…-18,,
19384-0900-8.zip,202202141041,’†‹–€ŒSº˜a’¬’z’nV‹,333-1,,
19384-0900-8.zip,202202141041,’†‹–€ŒSº˜a’¬’z’nV‹,333-2,,
19384-0900-8.zip,202202141041,’†‹–€ŒSº˜a’¬’z’nV‹,333-3,,
19384-0900-8.zip,202202141041,’†‹–€ŒSº˜a’¬’z’nV‹,333-4,,
19384-0900-8.zip,202202141041,’†‹–€ŒSº˜a’¬’z’nV‹,333-5,,
19384-0900-8.zip,202202141041,’†‹–€ŒSº˜a’¬’z’nV‹,333-6,,
19384-0900-8.zip,202202141041,’†‹–€ŒSº˜a’¬’z’nV‹,334-1,,
19384-0900-8.zip,202202141041,’†‹–€ŒSº˜a’¬’z’nV‹,334-2,,
19384-0900-8.zip,202202141041,’†‹–€ŒSº˜a’¬’z’nV‹,335-1,,
19384-0900-8.zip,202202141041,’†‹–€ŒSº˜a’¬’z’nV‹,335-2,,
19384-0900-8.zip,202202141041,’†‹–€ŒSº˜a’¬’z’nV‹,336-1,,
19384-0900-8.zip,202202141041,’†‹–€ŒSº˜a’¬’z’nV‹,336-2,,
19384-0900-8.zip,202202141041,’†‹–€ŒSº˜a’¬’z’nV‹,336-3,,
19384-0900-8.zip,202202141041,’†‹–€ŒSº˜a’¬’z’nV‹,337,,
19384-0900-8.zip,202202141041,’†‹–€ŒSº˜a’¬’z’nV‹,351,,
19384-0900-8.zip,202202141041,’†‹–€ŒSº˜a’¬’z’nV‹,352-1,,
19384-0900-8.zip,202202141041,’†‹–€ŒSº˜a’¬’z’nV‹,352-2,,
19384-0900-8.zip,202202141041,’†‹–€ŒSº˜a’¬’z’nV‹,352-3,,
19384-0900-8.zip,202202141041,’†‹–€ŒSº˜a’¬’z’nV‹,352-4,,
19384-0900-8.zip,202202141041,’†‹–€ŒSº˜a’¬’z’nV‹,353-1,,
19384-0900-8.zip,202202141041,’†‹–€ŒSº˜a’¬’z’nV‹,353-2,,
19384-0900-8.zip,202202141041,’†‹–€ŒSº˜a’¬’z’nV‹,353-3,,
19384-0900-8.zip,202202141041,’†‹–€ŒSº˜a’¬’z’nV‹,353-4,,
19384-0900-8.zip,202202141041,’†‹–€ŒSº˜a’¬’z’nV‹,353-5,,
19384-0900-8.zip,202202141041,’†‹–€ŒSº˜a’¬’z’nV‹,“¹-21,,
19384-0900-8.zip,202202141041,’†‹–€ŒSº˜a’¬’z’nV‹,“¹-22,,
19384-0900-8.zip,202202141041,’†‹–€ŒSº˜a’¬’z’nV‹,“¹-23,,
19384-0900-8.zip,202202141041,’†‹–€ŒSº˜a’¬’z’nV‹,…-27,,
19384-0900-8.zip,202202141041,’†‹–€ŒSº˜a’¬’z’nV‹,…-28,,
19384-0900-8.zip,202202141041,’†‹–€ŒSº˜a’¬’z’nV‹,…-29,,
19384-0900-8.zip,202202141041,’†‹–€ŒSº˜a’¬’z’nV‹,…-30,,
19384-0900-8.zip,202202141041,’†‹–€ŒSº˜a’¬’z’nV‹,…-31,,
19384-0900-8.zip,202202141041,’†‹–€ŒSº˜a’¬’z’nV‹,…-32,,
19384-0900-8.zip,202202141041,’†‹–€ŒSº˜a’¬’z’nV‹,…-33,,
19384-0900-8.zip,202202141041,’†‹–€ŒSº˜a’¬’z’nV‹,’·‹·•¨•s–¾-140,,
19384-0900-8.zip,202202141041,’†‹–€ŒSº˜a’¬’z’nV‹,’·‹·•¨•s–¾-141,,
19384-0900-8.zip,202202141041,’†‹–€ŒSº˜a’¬’z’nV‹,360-1,,
19384-0900-8.zip,202202141041,’†‹–€ŒSº˜a’¬’z’nV‹,360-2,,
19384-0900-8.zip,202202141041,’†‹–€ŒSº˜a’¬’z’nV‹,360-3,,
19384-0900-8.zip,202202141041,’†‹–€ŒSº˜a’¬’z’nV‹,360-4,,
19384-0900-8.zip,202202141041,’†‹–€ŒSº˜a’¬’z’nV‹,361,,
19384-0900-8.zip,202202141041,’†‹–€ŒSº˜a’¬’z’nV‹,362,,
19384-0900-8.zip,202202141041,’†‹–€ŒSº˜a’¬’z’nV‹,363,,
19384-0900-8.zip,202202141041,’†‹–€ŒSº˜a’¬’z’nV‹,364-1,,
19384-0900-8.zip,202202141041,’†‹–€ŒSº˜a’¬’z’nV‹,364-2,,
19384-0900-8.zip,202202141041,’†‹–€ŒSº˜a’¬’z’nV‹,364-3,,
19384-0900-8.zip,202202141041,’†‹–€ŒSº˜a’¬’z’nV‹,364-4,,
19384-0900-8.zip,202202141041,’†‹–€ŒSº˜a’¬’z’nV‹,365-1,,
19384-0900-8.zip,202202141041,’†‹–€ŒSº˜a’¬’z’nV‹,365-3,,
19384-0900-8.zip,202202141041,’†‹–€ŒSº˜a’¬’z’nV‹,366,,
19384-0900-8.zip,202202141041,’†‹–€ŒSº˜a’¬’z’nV‹,367,,
19384-0900-8.zip,202202141041,’†‹–€ŒSº˜a’¬’z’nV‹,368,,
19384-0900-8.zip,202202141041,’†‹–€ŒSº˜a’¬’z’nV‹,369,,
19384-0900-8.zip,202202141041,’†‹–€ŒSº˜a’¬’z’nV‹,370,,
19384-0900-8.zip,202202141041,’†‹–€ŒSº˜a’¬’z’nV‹,371-1,,
19384-0900-8.zip,202202141041,’†‹–€ŒSº˜a’¬’z’nV‹,371-2,,
19384-0900-8.zip,202202141041,’†‹–€ŒSº˜a’¬’z’nV‹,372-1,,
19384-0900-8.zip,202202141041,’†‹–€ŒSº˜a’¬’z’nV‹,372-2,,
19384-0900-8.zip,202202141041,’†‹–€ŒSº˜a’¬’z’nV‹,372-3,,
19384-0900-8.zip,202202141041,’†‹–€ŒSº˜a’¬’z’nV‹,373,,
19384-0900-8.zip,202202141041,’†‹–€ŒSº˜a’¬’z’nV‹,374-1,,
19384-0900-8.zip,202202141041,’†‹–€ŒSº˜a’¬’z’nV‹,374-2,,
19384-0900-8.zip,202202141041,’†‹–€ŒSº˜a’¬’z’nV‹,374-3,,
19384-0900-8.zip,202202141041,’†‹–€ŒSº˜a’¬’z’nV‹,375,,
19384-0900-8.zip,202202141041,’†‹–€ŒSº˜a’¬’z’nV‹,376-1,,
19384-0900-8.zip,202202141041,’†‹–€ŒSº˜a’¬’z’nV‹,376-2,,
19384-0900-8.zip,202202141041,’†‹–€ŒSº˜a’¬’z’nV‹,376-3,,
19384-0900-8.zip,202202141041,’†‹–€ŒSº˜a’¬’z’nV‹,376-4,,
19384-0900-8.zip,202202141041,’†‹–€ŒSº˜a’¬’z’nV‹,376-5,,
19384-0900-8.zip,202202141041,’†‹–€ŒSº˜a’¬’z’nV‹,376-6,,
19384-0900-8.zip,202202141041,’†‹–€ŒSº˜a’¬’z’nV‹,378,,
19384-0900-8.zip,202202141041,’†‹–€ŒSº˜a’¬’z’nV‹,379-1,,
19384-0900-8.zip,202202141041,’†‹–€ŒSº˜a’¬’z’nV‹,379-2,,
19384-0900-8.zip,202202141041,’†‹–€ŒSº˜a’¬’z’nV‹,380-1,,
19384-0900-8.zip,202202141041,’†‹–€ŒSº˜a’¬’z’nV‹,380-2,,
19384-0900-8.zip,202202141041,’†‹–€ŒSº˜a’¬’z’nV‹,382-1,,
19384-0900-8.zip,202202141041,’†‹–€ŒSº˜a’¬’z’nV‹,382-2,,
19384-0900-8.zip,202202141041,’†‹–€ŒSº˜a’¬’z’nV‹,382-3,,
19384-0900-8.zip,202202141041,’†‹–€ŒSº˜a’¬’z’nV‹,–³’n”Ô-4,,
19384-0900-8.zip,202202141041,’†‹–€ŒSº˜a’¬’z’nV‹,–³’n”Ô-5,,
19384-0900-8.zip,202202141041,’†‹–€ŒSº˜a’¬’z’nV‹,–³’n”Ô-6,,
19384-0900-8.zip,202202141041,’†‹–€ŒSº˜a’¬’z’nV‹,–³’n”Ô-7,,
19384-0900-8.zip,202202141041,’†‹–€ŒSº˜a’¬’z’nV‹,–³’n”Ô-8,,
19384-0900-8.zip,202202141041,’†‹–€ŒSº˜a’¬’z’nV‹,–³’n”Ô-9,,
19384-0900-8.zip,202202141041,’†‹–€ŒSº˜a’¬’z’nV‹,“¹-17,,
19384-0900-8.zip,202202141041,’†‹–€ŒSº˜a’¬’z’nV‹,“¹-18,,
19384-0900-8.zip,202202141041,’†‹–€ŒSº˜a’¬’z’nV‹,“¹-342,,
19384-0900-8.zip,202202141041,’†‹–€ŒSº˜a’¬’z’nV‹,…-22,,
19384-0900-8.zip,202202141041,’†‹–€ŒSº˜a’¬’z’nV‹,…-23,,
19384-0900-8.zip,202202141041,’†‹–€ŒSº˜a’¬’z’nV‹,…-24,,
19384-0900-8.zip,202202141041,’†‹–€ŒSº˜a’¬’z’nV‹,…-25,,
19384-0900-8.zip,202202141041,’†‹–€ŒSº˜a’¬’z’nV‹,…-26,,
19384-0900-8.zip,202202141041,’†‹–€ŒSº˜a’¬’z’nV‹,’·‹·•¨•s–¾-5,,
19384-0900-8.zip,202202141041,’†‹–€ŒSº˜a’¬’z’nV‹,’·‹·•¨•s–¾-9,,
19384-0900-8.zip,202202141041,’†‹–€ŒSº˜a’¬’z’nV‹,’·‹·•¨•s–¾-139,,
19384-0900-8.zip,202202141041,’†‹–€ŒSº˜a’¬’z’nV‹,’·‹·•¨•s–¾-145,,
19384-0900-8.zip,202202141041,’†‹–€ŒSº˜a’¬’z’nV‹,’·‹·•¨•s–¾-147,,
19384-0900-8.zip,202202141041,’†‹–€ŒSº˜a’¬’z’nV‹,’·‹·•¨•s–¾-148,,
19384-0900-8.zip,202202141041,’†‹–€ŒSº˜a’¬’z’nV‹,2284-1,,
19384-0900-8.zip,202202141041,’†‹–€ŒSº˜a’¬’z’nV‹,2284-2,,
19384-0900-8.zip,202202141041,’†‹–€ŒSº˜a’¬’z’nV‹,2284-3,,
19384-0900-8.zip,202202141041,’†‹–€ŒSº˜a’¬’z’nV‹,2284-4,,
19384-0900-8.zip,202202141041,’†‹–€ŒSº˜a’¬’z’nV‹,2284-5,,
19384-0900-8.zip,202202141041,’†‹–€ŒSº˜a’¬’z’nV‹,2285-1,,
19384-0900-8.zip,202202141041,’†‹–€ŒSº˜a’¬’z’nV‹,2285-2,,
19384-0900-8.zip,202202141041,’†‹–€ŒSº˜a’¬’z’nV‹,2285-3,,
19384-0900-8.zip,202202141041,’†‹–€ŒSº˜a’¬’z’nV‹,2288-1,,
19384-0900-8.zip,202202141041,’†‹–€ŒSº˜a’¬’z’nV‹,2288-2,,
19384-0900-8.zip,202202141041,’†‹–€ŒSº˜a’¬’z’nV‹,2288-3,,
19384-0900-8.zip,202202141041,’†‹–€ŒSº˜a’¬’z’nV‹,2289-2,,
19384-0900-8.zip,202202141041,’†‹–€ŒSº˜a’¬’z’nV‹,2289-4,,
19384-0900-8.zip,202202141041,’†‹–€ŒSº˜a’¬’z’nV‹,2292-1,,
19384-0900-8.zip,202202141041,’†‹–€ŒSº˜a’¬’z’nV‹,2292-2,,
19384-0900-8.zip,202202141041,’†‹–€ŒSº˜a’¬’z’nV‹,2293-1,,
19384-0900-8.zip,202202141041,’†‹–€ŒSº˜a’¬’z’nV‹,2293-2,,
19384-0900-8.zip,202202141041,’†‹–€ŒSº˜a’¬’z’nV‹,2293-3,,
19384-0900-8.zip,202202141041,’†‹–€ŒSº˜a’¬’z’nV‹,2293-4,,
19384-0900-8.zip,202202141041,’†‹–€ŒSº˜a’¬’z’nV‹,2294-1,,
19384-0900-8.zip,202202141041,’†‹–€ŒSº˜a’¬’z’nV‹,2294-2,,
19384-0900-8.zip,202202141041,’†‹–€ŒSº˜a’¬’z’nV‹,2294-3,,
19384-0900-8.zip,202202141041,’†‹–€ŒSº˜a’¬’z’nV‹,2294-4,,
19384-0900-8.zip,202202141041,’†‹–€ŒSº˜a’¬’z’nV‹,2295,,
19384-0900-8.zip,202202141041,’†‹–€ŒSº˜a’¬’z’nV‹,2296,,
19384-0900-8.zip,202202141041,’†‹–€ŒSº˜a’¬’z’nV‹,2297,,
19384-0900-8.zip,202202141041,’†‹–€ŒSº˜a’¬’z’nV‹,2298-1,,
19384-0900-8.zip,202202141041,’†‹–€ŒSº˜a’¬’z’nV‹,2298-2,,
19384-0900-8.zip,202202141041,’†‹–€ŒSº˜a’¬’z’nV‹,2299-1,,
19384-0900-8.zip,202202141041,’†‹–€ŒSº˜a’¬’z’nV‹,2299-2,,
19384-0900-8.zip,202202141041,’†‹–€ŒSº˜a’¬’z’nV‹,2299-3,,
19384-0900-8.zip,202202141041,’†‹–€ŒSº˜a’¬’z’nV‹,–³’n”Ô-2,,
19384-0900-8.zip,202202141041,’†‹–€ŒSº˜a’¬’z’nV‹,–³’n”Ô-11,,
19384-0900-8.zip,202202141041,’†‹–€ŒSº˜a’¬’z’nV‹,–³’n”Ô-12,,
19384-0900-8.zip,202202141041,’†‹–€ŒSº˜a’¬’z’nV‹,–³’n”Ô-13,,
19384-0900-8.zip,202202141041,’†‹–€ŒSº˜a’¬’z’nV‹,“¹-27,,
19384-0900-8.zip,202202141041,’†‹–€ŒSº˜a’¬’z’nV‹,“¹-341,,
19384-0900-8.zip,202202141041,’†‹–€ŒSº˜a’¬’z’nV‹,…-19,,
19384-0900-8.zip,202202141041,’†‹–€ŒSº˜a’¬’z’nV‹,…-36,,
19384-0900-8.zip,202202141041,’†‹–€ŒSº˜a’¬’z’nV‹,…-430,,
19384-0900-8.zip,202202141041,’†‹–€ŒSº˜a’¬’z’nV‹,’·‹·•¨•s–¾-136,,
19384-0900-8.zip,202202141041,’†‹–€ŒSº˜a’¬’z’nV‹,’·‹·•¨•s–¾-143,,
19384-0900-8.zip,202202141041,’†‹–€ŒSº˜a’¬’z’nV‹,108,,
19384-0900-8.zip,202202141041,’†‹–€ŒSº˜a’¬’z’nV‹,2290-1,,
19384-0900-8.zip,202202141041,’†‹–€ŒSº˜a’¬’z’nV‹,2290-3,,
19384-0900-8.zip,202202141041,’†‹–€ŒSº˜a’¬’z’nV‹,2290-2,,
19384-0900-8.zip,202202141041,’†‹–€ŒSº˜a’¬’z’nV‹,2289-6,,
19384-0900-8.zip,202202141041,’†‹–€ŒSº˜a’¬’z’nV‹,2289-5,,
19384-0900-8.zip,202202141041,’†‹–€ŒSº˜a’¬’z’nV‹,2289-1,,
19384-0900-8.zip,202202141041,’†‹–€ŒSº˜a’¬’z’nV‹,2289-7,,
19384-0900-8.zip,202202141041,’†‹–€ŒSº˜a’¬’z’nV‹,…-20,,
19384-0900-8.zip,202202141041,’†‹–€ŒSº˜a’¬’z’nV‹,2289-3,,
19384-0900-8.zip,202202141041,’†‹–€ŒSº˜a’¬’z’nV‹,2291-3,,
19384-0900-8.zip,202202141041,’†‹–€ŒSº˜a’¬’z’nV‹,2291-1,,
19384-0900-8.zip,202202141041,’†‹–€ŒSº˜a’¬’z’nV‹,2292-3,,
19384-0900-8.zip,202202141041,’†‹–€ŒSº˜a’¬’z’nV‹,2291-2,,
19384-0900-8.zip,202202141041,’†‹–€ŒSº˜a’¬’z’nV‹,“¹-343,,
19384-0900-8.zip,202202141041,’†‹–€ŒSº˜a’¬’z’nV‹,116-3,,
19384-0900-8.zip,202202141041,’†‹–€ŒSº˜a’¬’z’nV‹,…-13,,
19384-0900-8.zip,202202141041,’†‹–€ŒSº˜a’¬’z’nV‹,116-2,,
19384-0900-8.zip,202202141041,’†‹–€ŒSº˜a’¬’z’nV‹,381-1,,
19384-0900-8.zip,202202141041,’†‹–€ŒSº˜a’¬’z’nV‹,381-5,,
19384-0900-8.zip,202202141041,’†‹–€ŒSº˜a’¬’z’nV‹,381-2,,
19384-0900-8.zip,202202141041,’†‹–€ŒSº˜a’¬’z’nV‹,381-3,,
19384-0900-8.zip,202202141041,’†‹–€ŒSº˜a’¬’z’nV‹,381-4,,
19384-0900-8.zip,202202141041,’†‹–€ŒSº˜a’¬’z’nV‹,377,,
19384-0900-8.zip,202202141041,’†‹–€ŒSº˜a’¬’z’nV‹,39-3,,
19384-0900-8.zip,202202141041,’†‹–€ŒSº˜a’¬’z’nV‹,39-2,,
19384-0900-8.zip,202202141041,’†‹–€ŒSº˜a’¬’z’nV‹,40-6,,
19384-0900-8.zip,202202141041,’†‹–€ŒSº˜a’¬’z’nV‹,40-5,,
19384-0900-8.zip,202202141041,’†‹–€ŒSº˜a’¬’z’nV‹,40-4,,
19384-0900-8.zip,202202141041,’†‹–€ŒSº˜a’¬’z’nV‹,40-7,,
19384-0900-8.zip,202202141041,’†‹–€ŒSº˜a’¬’z’nV‹,33-2,,
19384-0900-8.zip,202202141041,’†‹–€ŒSº˜a’¬’z’nV‹,33-1,,
19384-0900-8.zip,202202141041,’†‹–€ŒSº˜a’¬’z’nV‹,’·‹·•¨•s–¾-146-100,,
19384-0900-8.zip,202202141041,’†‹–€ŒSº˜a’¬’z’nV‹,39-6,,
19384-0900-8.zip,202202141041,’†‹–€ŒSº˜a’¬’z’nV‹,’·‹·•¨•s–¾-146,,
19384-0900-8.zip,202202141041,’†‹–€ŒSº˜a’¬’z’nV‹,39-5,,
19384-0900-8.zip,202202141041,’†‹–€ŒSº˜a’¬’z’nV‹,39-4,,
19384-0900-8.zip,202202141041,’†‹–€ŒSº˜a’¬’z’nV‹,39-1,,
19384-0900-8.zip,202202141041,’†‹–€ŒSº˜a’¬’z’nV‹,“¹-305,,
19384-0900-8.zip,202202141041,’†‹–€ŒSº˜a’¬’z’nV‹,40-3,,
19384-0900-8.zip,202202141041,’†‹–€ŒSº˜a’¬’z’nV‹,40-1,,
19384-0900-8.zip,202202141041,’†‹–€ŒSº˜a’¬’z’nV‹,47-1,,
19384-0900-8.zip,202202141041,’†‹–€ŒSº˜a’¬’z’nV‹,44-1,,
19384-0900-8.zip,202202141041,’†‹–€ŒSº˜a’¬’z’nV‹,“¹-307,,
19384-0900-8.zip,202202141041,’†‹–€ŒSº˜a’¬’z’nV‹,58-1,,
19384-0900-8.zip,202202141041,’†‹–€ŒSº˜a’¬’z’nV‹,59-1,,
19384-0900-8.zip,202202141041,’†‹–€ŒSº˜a’¬’z’nV‹,59-5,,
19384-0900-8.zip,202202141041,’†‹–€ŒSº˜a’¬’z’nV‹,59-4,,
19384-0900-8.zip,202202141041,’†‹–€ŒSº˜a’¬’z’nV‹,59-3,,
19384-0900-8.zip,202202141041,’†‹–€ŒSº˜a’¬’z’nV‹,’·‹·•¨•s–¾-2,,
19384-0900-8.zip,202202141041,’†‹–€ŒSº˜a’¬’z’nV‹,35-6,,
19384-0900-8.zip,202202141041,’†‹–€ŒSº˜a’¬’z’nV‹,35-5,,
19384-0900-8.zip,202202141041,’†‹–€ŒSº˜a’¬’z’nV‹,35-1,,
19384-0900-8.zip,202202141041,’†‹–€ŒSº˜a’¬’z’nV‹,35-4,,
19384-0900-8.zip,202202141041,’†‹–€ŒSº˜a’¬’z’nV‹,36-1,,
19384-0900-8.zip,202202141041,’†‹–€ŒSº˜a’¬’z’nV‹,44-5,,
19384-0900-8.zip,202202141041,’†‹–€ŒSº˜a’¬’z’nV‹,44-4,,
19384-0900-8.zip,202202141041,’†‹–€ŒSº˜a’¬’z’nV‹,44-7,,
19384-0900-8.zip,202202141041,’†‹–€ŒSº˜a’¬’z’nV‹,44-6,,
19384-0900-8.zip,202202141041,’†‹–€ŒSº˜a’¬’z’nV‹,44-2,,
19384-0900-8.zip,202202141041,’†‹–€ŒSº˜a’¬’z’nV‹,45-2,,
19384-0900-8.zip,202202141041,’†‹–€ŒSº˜a’¬’z’nV‹,“¹-292,,
19384-0900-8.zip,202202141041,’†‹–€ŒSº˜a’¬’z’nV‹,“¹-292-1,,
19384-0900-8.zip,202202141041,’†‹–€ŒSº˜a’¬’z’nV‹,44-10,,
19384-0900-8.zip,202202141041,’†‹–€ŒSº˜a’¬’z’nV‹,45-3,,
19384-0900-8.zip,202202141041,’†‹–€ŒSº˜a’¬’z’nV‹,44-13,,
19384-0900-8.zip,202202141041,’†‹–€ŒSº˜a’¬’z’nV‹,44-12,,
19384-0900-8.zip,202202141041,’†‹–€ŒSº˜a’¬’z’nV‹,44-11,,
19384-0900-8.zip,202202141041,’†‹–€ŒSº˜a’¬’z’nV‹,44-8,,
19384-0900-8.zip,202202141041,’†‹–€ŒSº˜a’¬’z’nV‹,44-16,,
19384-0900-8.zip,202202141041,’†‹–€ŒSº˜a’¬’z’nV‹,44-15,,
19384-0900-8.zip,202202141041,’†‹–€ŒSº˜a’¬’z’nV‹,44-9,,
19384-0900-8.zip,202202141041,’†‹–€ŒSº˜a’¬’z’nV‹,44-14,,
19384-0900-8.zip,202202141041,’†‹–€ŒSº˜a’¬’z’nV‹,44-3,,
19384-0900-8.zip,202202141041,’†‹–€ŒSº˜a’¬’z’nV‹,40-8,,
19384-0900-9.zip,202202141041,’†‹–€ŒSº˜a’¬,–³’n”Ô-10,,
19384-0900-9.zip,202202141041,’†‹–€ŒSº˜a’¬,–³’n”Ô-11,,
19384-0900-9.zip,202202141041,’†‹–€ŒSº˜a’¬,–³’n”Ô-49,,
19384-0900-9.zip,202202141041,’†‹–€ŒSº˜a’¬,–³’n”Ô-50,,
19384-0900-9.zip,202202141041,’†‹–€ŒSº˜a’¬,–³’n”Ô-55,,
19384-0900-9.zip,202202141041,’†‹–€ŒSº˜a’¬,–³’n”Ô-59,,
19384-0900-9.zip,202202141041,’†‹–€ŒSº˜a’¬,“¹-12,,
19384-0900-9.zip,202202141041,’†‹–€ŒSº˜a’¬,“¹-19,,
19384-0900-9.zip,202202141041,’†‹–€ŒSº˜a’¬,“¹-20,,
19384-0900-9.zip,202202141041,’†‹–€ŒSº˜a’¬,“¹-23,,
19384-0900-9.zip,202202141041,’†‹–€ŒSº˜a’¬,“¹-24,,
19384-0900-9.zip,202202141041,’†‹–€ŒSº˜a’¬,“¹-25,,
19384-0900-9.zip,202202141041,’†‹–€ŒSº˜a’¬,“¹-433,,
19384-0900-9.zip,202202141041,’†‹–€ŒSº˜a’¬,“¹-718,,
19384-0900-9.zip,202202141041,’†‹–€ŒSº˜a’¬,“¹-722,,
19384-0900-9.zip,202202141041,’†‹–€ŒSº˜a’¬,…-5,,
19384-0900-9.zip,202202141041,’†‹–€ŒSº˜a’¬,…-23,,
19384-0900-9.zip,202202141041,’†‹–€ŒSº˜a’¬,…-24,,
19384-0900-9.zip,202202141041,’†‹–€ŒSº˜a’¬,…-25,,
19384-0900-9.zip,202202141041,’†‹–€ŒSº˜a’¬,…-28,,
19384-0900-9.zip,202202141041,’†‹–€ŒSº˜a’¬,…-29,,
19384-0900-9.zip,202202141041,’†‹–€ŒSº˜a’¬,…-30,,
19384-0900-9.zip,202202141041,’†‹–€ŒSº˜a’¬,…-31,,
19384-0900-9.zip,202202141041,’†‹–€ŒSº˜a’¬,’·‹·•¨•s–¾-5,,
19384-0900-9.zip,202202141041,’†‹–€ŒSº˜a’¬,’·‹·•¨•s–¾-337,,
19384-0900-9.zip,202202141041,’†‹–€ŒSº˜a’¬,’·‹·•¨•s–¾-365,,
19384-0900-9.zip,202202141041,’†‹–€ŒSº˜a’¬,’·‹·•¨•s–¾-389,,
19384-0900-9.zip,202202141041,’†‹–€ŒSº˜a’¬,’·‹·•¨•s–¾-390,,
19384-0900-9.zip,202202141041,’†‹–€ŒSº˜a’¬,’·‹·•¨•s–¾-392,,
19384-0900-9.zip,202202141041,’†‹–€ŒSº˜a’¬,’·‹·•¨•s–¾-393,,
19384-0900-9.zip,202202141041,’†‹–€ŒSº˜a’¬,’·‹·•¨•s–¾-394,,
19384-0900-9.zip,202202141041,’†‹–€ŒSº˜a’¬,’·‹·•¨•s–¾-395,,
19384-0900-9.zip,202202141041,’†‹–€ŒSº˜a’¬,’·‹·•¨•s–¾-396,,
19384-0900-9.zip,202202141041,’†‹–€ŒSº˜a’¬,’·‹·•¨•s–¾-397,,
19384-0900-9.zip,202202141041,’†‹–€ŒSº˜a’¬”Ñ‹ò,172-1,,
19384-0900-9.zip,202202141041,’†‹–€ŒSº˜a’¬”Ñ‹ò,172-2,,
19384-0900-9.zip,202202141041,’†‹–€ŒSº˜a’¬”Ñ‹ò,172-3,,
19384-0900-9.zip,202202141041,’†‹–€ŒSº˜a’¬”Ñ‹ò,172-4,,
19384-0900-9.zip,202202141041,’†‹–€ŒSº˜a’¬”Ñ‹ò,172-5,,
19384-0900-9.zip,202202141041,’†‹–€ŒSº˜a’¬”Ñ‹ò,172-6,,
19384-0900-9.zip,202202141041,’†‹–€ŒSº˜a’¬”Ñ‹ò,175,,
19384-0900-9.zip,202202141041,’†‹–€ŒSº˜a’¬”Ñ‹ò,176,,
19384-0900-9.zip,202202141041,’†‹–€ŒSº˜a’¬”Ñ‹ò,178-1,,
19384-0900-9.zip,202202141041,’†‹–€ŒSº˜a’¬”Ñ‹ò,178-2,,
19384-0900-9.zip,202202141041,’†‹–€ŒSº˜a’¬”Ñ‹ò,182-1,,
19384-0900-9.zip,202202141041,’†‹–€ŒSº˜a’¬”Ñ‹ò,182-2,,
19384-0900-9.zip,202202141041,’†‹–€ŒSº˜a’¬”Ñ‹ò,182-3,,
19384-0900-9.zip,202202141041,’†‹–€ŒSº˜a’¬”Ñ‹ò,187-1,,
19384-0900-9.zip,202202141041,’†‹–€ŒSº˜a’¬”Ñ‹ò,187-2,,
19384-0900-9.zip,202202141041,’†‹–€ŒSº˜a’¬”Ñ‹ò,187-3,,
19384-0900-9.zip,202202141041,’†‹–€ŒSº˜a’¬”Ñ‹ò,187-4,,
19384-0900-9.zip,202202141041,’†‹–€ŒSº˜a’¬”Ñ‹ò,187-5,,
19384-0900-9.zip,202202141041,’†‹–€ŒSº˜a’¬”Ñ‹ò,187-6,,
19384-0900-9.zip,202202141041,’†‹–€ŒSº˜a’¬”Ñ‹ò,187-7,,
19384-0900-9.zip,202202141041,’†‹–€ŒSº˜a’¬”Ñ‹ò,187-8,,
19384-0900-9.zip,202202141041,’†‹–€ŒSº˜a’¬”Ñ‹ò,187-9,,
19384-0900-9.zip,202202141041,’†‹–€ŒSº˜a’¬”Ñ‹ò,188-1,,
19384-0900-9.zip,202202141041,’†‹–€ŒSº˜a’¬”Ñ‹ò,188-2,,
19384-0900-9.zip,202202141041,’†‹–€ŒSº˜a’¬”Ñ‹ò,191-2,,
19384-0900-9.zip,202202141041,’†‹–€ŒSº˜a’¬”Ñ‹ò,192-2,,
19384-0900-9.zip,202202141041,’†‹–€ŒSº˜a’¬”Ñ‹ò,193-2,,
19384-0900-9.zip,202202141041,’†‹–€ŒSº˜a’¬”Ñ‹ò,194-2,,
19384-0900-9.zip,202202141041,’†‹–€ŒSº˜a’¬”Ñ‹ò,–³’n”Ô-2,,
19384-0900-9.zip,202202141041,’†‹–€ŒSº˜a’¬”Ñ‹ò,“¹-565,,
19384-0900-9.zip,202202141041,’†‹–€ŒSº˜a’¬”Ñ‹ò,…-706,,
19384-0900-9.zip,202202141041,’†‹–€ŒSº˜a’¬”Ñ‹ò,405-1,,
19384-0900-9.zip,202202141041,’†‹–€ŒSº˜a’¬”Ñ‹ò,405-3,,
19384-0900-9.zip,202202141041,’†‹–€ŒSº˜a’¬”Ñ‹ò,405-4,,
19384-0900-9.zip,202202141041,’†‹–€ŒSº˜a’¬”Ñ‹ò,406-1,,
19384-0900-9.zip,202202141041,’†‹–€ŒSº˜a’¬”Ñ‹ò,406-2,,
19384-0900-9.zip,202202141041,’†‹–€ŒSº˜a’¬”Ñ‹ò,407,,
19384-0900-9.zip,202202141041,’†‹–€ŒSº˜a’¬”Ñ‹ò,408,,
19384-0900-9.zip,202202141041,’†‹–€ŒSº˜a’¬”Ñ‹ò,409-1,,
19384-0900-9.zip,202202141041,’†‹–€ŒSº˜a’¬”Ñ‹ò,409-2,,
19384-0900-9.zip,202202141041,’†‹–€ŒSº˜a’¬”Ñ‹ò,410-1,,
19384-0900-9.zip,202202141041,’†‹–€ŒSº˜a’¬”Ñ‹ò,410-2,,
19384-0900-9.zip,202202141041,’†‹–€ŒSº˜a’¬”Ñ‹ò,410-3,,
19384-0900-9.zip,202202141041,’†‹–€ŒSº˜a’¬”Ñ‹ò,413-1,,
19384-0900-9.zip,202202141041,’†‹–€ŒSº˜a’¬”Ñ‹ò,413-2,,
19384-0900-9.zip,202202141041,’†‹–€ŒSº˜a’¬”Ñ‹ò,414-1,,
19384-0900-9.zip,202202141041,’†‹–€ŒSº˜a’¬”Ñ‹ò,414-2,,
19384-0900-9.zip,202202141041,’†‹–€ŒSº˜a’¬”Ñ‹ò,414-3,,
19384-0900-9.zip,202202141041,’†‹–€ŒSº˜a’¬”Ñ‹ò,414-4,,
19384-0900-9.zip,202202141041,’†‹–€ŒSº˜a’¬”Ñ‹ò,415-1,,
19384-0900-9.zip,202202141041,’†‹–€ŒSº˜a’¬”Ñ‹ò,415-2,,
19384-0900-9.zip,202202141041,’†‹–€ŒSº˜a’¬”Ñ‹ò,415-3,,
19384-0900-9.zip,202202141041,’†‹–€ŒSº˜a’¬”Ñ‹ò,415-4,,
19384-0900-9.zip,202202141041,’†‹–€ŒSº˜a’¬”Ñ‹ò,415-5,,
19384-0900-9.zip,202202141041,’†‹–€ŒSº˜a’¬”Ñ‹ò,416-1,,
19384-0900-9.zip,202202141041,’†‹–€ŒSº˜a’¬”Ñ‹ò,416-2,,
19384-0900-9.zip,202202141041,’†‹–€ŒSº˜a’¬”Ñ‹ò,416-3,,
19384-0900-9.zip,202202141041,’†‹–€ŒSº˜a’¬”Ñ‹ò,417-1,,
19384-0900-9.zip,202202141041,’†‹–€ŒSº˜a’¬”Ñ‹ò,417-2,,
19384-0900-9.zip,202202141041,’†‹–€ŒSº˜a’¬”Ñ‹ò,417-3,,
19384-0900-9.zip,202202141041,’†‹–€ŒSº˜a’¬”Ñ‹ò,417-4,,
19384-0900-9.zip,202202141041,’†‹–€ŒSº˜a’¬”Ñ‹ò,417-5,,
19384-0900-9.zip,202202141041,’†‹–€ŒSº˜a’¬”Ñ‹ò,417-6,,
19384-0900-9.zip,202202141041,’†‹–€ŒSº˜a’¬”Ñ‹ò,418-2,,
19384-0900-9.zip,202202141041,’†‹–€ŒSº˜a’¬”Ñ‹ò,454-2,,
19384-0900-9.zip,202202141041,’†‹–€ŒSº˜a’¬”Ñ‹ò,454-3,,
19384-0900-9.zip,202202141041,’†‹–€ŒSº˜a’¬”Ñ‹ò,457-1,,
19384-0900-9.zip,202202141041,’†‹–€ŒSº˜a’¬”Ñ‹ò,457-2,,
19384-0900-9.zip,202202141041,’†‹–€ŒSº˜a’¬”Ñ‹ò,457-3,,
19384-0900-9.zip,202202141041,’†‹–€ŒSº˜a’¬”Ñ‹ò,457-4,,
19384-0900-9.zip,202202141041,’†‹–€ŒSº˜a’¬”Ñ‹ò,457-5,,
19384-0900-9.zip,202202141041,’†‹–€ŒSº˜a’¬”Ñ‹ò,457-7,,
19384-0900-9.zip,202202141041,’†‹–€ŒSº˜a’¬”Ñ‹ò,457-8,,
19384-0900-9.zip,202202141041,’†‹–€ŒSº˜a’¬”Ñ‹ò,457-9,,
19384-0900-9.zip,202202141041,’†‹–€ŒSº˜a’¬”Ñ‹ò,457-10,,
19384-0900-9.zip,202202141041,’†‹–€ŒSº˜a’¬”Ñ‹ò,466-1,,
19384-0900-9.zip,202202141041,’†‹–€ŒSº˜a’¬”Ñ‹ò,466-2,,
19384-0900-9.zip,202202141041,’†‹–€ŒSº˜a’¬”Ñ‹ò,466-3,,
19384-0900-9.zip,202202141041,’†‹–€ŒSº˜a’¬”Ñ‹ò,466-5,,
19384-0900-9.zip,202202141041,’†‹–€ŒSº˜a’¬”Ñ‹ò,467-2,,
19384-0900-9.zip,202202141041,’†‹–€ŒSº˜a’¬”Ñ‹ò,467-3,,
19384-0900-9.zip,202202141041,’†‹–€ŒSº˜a’¬”Ñ‹ò,468,,
19384-0900-9.zip,202202141041,’†‹–€ŒSº˜a’¬”Ñ‹ò,469-1,,
19384-0900-9.zip,202202141041,’†‹–€ŒSº˜a’¬”Ñ‹ò,469-2,,
19384-0900-9.zip,202202141041,’†‹–€ŒSº˜a’¬”Ñ‹ò,470-1,,
19384-0900-9.zip,202202141041,’†‹–€ŒSº˜a’¬”Ñ‹ò,470-2,,
19384-0900-9.zip,202202141041,’†‹–€ŒSº˜a’¬”Ñ‹ò,471,,
19384-0900-9.zip,202202141041,’†‹–€ŒSº˜a’¬”Ñ‹ò,473-1,,
19384-0900-9.zip,202202141041,’†‹–€ŒSº˜a’¬”Ñ‹ò,473-2,,
19384-0900-9.zip,202202141041,’†‹–€ŒSº˜a’¬”Ñ‹ò,474-1,,
19384-0900-9.zip,202202141041,’†‹–€ŒSº˜a’¬”Ñ‹ò,474-2,,
19384-0900-9.zip,202202141041,’†‹–€ŒSº˜a’¬”Ñ‹ò,474-3,,
19384-0900-9.zip,202202141041,’†‹–€ŒSº˜a’¬”Ñ‹ò,474-4,,
19384-0900-9.zip,202202141041,’†‹–€ŒSº˜a’¬”Ñ‹ò,475-1,,
19384-0900-9.zip,202202141041,’†‹–€ŒSº˜a’¬”Ñ‹ò,475-2,,
19384-0900-9.zip,202202141041,’†‹–€ŒSº˜a’¬”Ñ‹ò,479-1,,
19384-0900-9.zip,202202141041,’†‹–€ŒSº˜a’¬”Ñ‹ò,479-2,,
19384-0900-9.zip,202202141041,’†‹–€ŒSº˜a’¬”Ñ‹ò,480-1,,
19384-0900-9.zip,202202141041,’†‹–€ŒSº˜a’¬”Ñ‹ò,480-2,,
19384-0900-9.zip,202202141041,’†‹–€ŒSº˜a’¬”Ñ‹ò,•Ê}-1,,
19384-0900-9.zip,202202141041,’†‹–€ŒSº˜a’¬”Ñ‹ò,“¹-18,,
19384-0900-9.zip,202202141041,’†‹–€ŒSº˜a’¬”Ñ‹ò,“¹-21,,
19384-0900-9.zip,202202141041,’†‹–€ŒSº˜a’¬”Ñ‹ò,“¹-22,,
19384-0900-9.zip,202202141041,’†‹–€ŒSº˜a’¬”Ñ‹ò,…-26,,
19384-0900-9.zip,202202141041,’†‹–€ŒSº˜a’¬”Ñ‹ò,…-27,,
19384-0900-9.zip,202202141041,’†‹–€ŒSº˜a’¬”Ñ‹ò,…-762,,
19384-0900-9.zip,202202141041,’†‹–€ŒSº˜a’¬”Ñ‹ò,…-763,,
19384-0900-9.zip,202202141041,’†‹–€ŒSº˜a’¬”Ñ‹ò,1011-1,,
19384-0900-9.zip,202202141041,’†‹–€ŒSº˜a’¬”Ñ‹ò,1011-2,,
19384-0900-9.zip,202202141041,’†‹–€ŒSº˜a’¬”Ñ‹ò,’·‹·•¨•s–¾-6,,
19384-0900-9.zip,202202141041,’†‹–€ŒSº˜a’¬”Ñ‹ò,’·‹·•¨•s–¾-259,,
19384-0900-9.zip,202202141041,’†‹–€ŒSº˜a’¬”Ñ‹ò,173-1,,
19384-0900-9.zip,202202141041,’†‹–€ŒSº˜a’¬”Ñ‹ò,173-3,,
19384-0900-9.zip,202202141041,’†‹–€ŒSº˜a’¬”Ñ‹ò,173-2,,
19384-0900-9.zip,202202141041,’†‹–€ŒSº˜a’¬”Ñ‹ò,174-1,,
19384-0900-9.zip,202202141041,’†‹–€ŒSº˜a’¬”Ñ‹ò,404-1,,
19384-0900-9.zip,202202141041,’†‹–€ŒSº˜a’¬”Ñ‹ò,404-8,,
19384-0900-9.zip,202202141041,’†‹–€ŒSº˜a’¬”Ñ‹ò,404-5,,
19384-0900-9.zip,202202141041,’†‹–€ŒSº˜a’¬”Ñ‹ò,189-5,,
19384-0900-9.zip,202202141041,’†‹–€ŒSº˜a’¬”Ñ‹ò,189-1,,
19384-0900-9.zip,202202141041,’†‹–€ŒSº˜a’¬”Ñ‹ò,189-3,,
19384-0900-9.zip,202202141041,’†‹–€ŒSº˜a’¬”Ñ‹ò,174-2,,
19384-0900-9.zip,202202141041,’†‹–€ŒSº˜a’¬”Ñ‹ò,460-1,,
19384-0900-9.zip,202202141041,’†‹–€ŒSº˜a’¬”Ñ‹ò,461-1,,
19384-0900-9.zip,202202141041,’†‹–€ŒSº˜a’¬”Ñ‹ò,461-2,,
19384-0900-9.zip,202202141041,’†‹–€ŒSº˜a’¬”Ñ‹ò,461-3,,
19384-0900-9.zip,202202141041,’†‹–€ŒSº˜a’¬”Ñ‹ò,461-10,,
19384-0900-9.zip,202202141041,’†‹–€ŒSº˜a’¬”Ñ‹ò,461-8,,
19384-0900-9.zip,202202141041,’†‹–€ŒSº˜a’¬”Ñ‹ò,461-7,,
19384-0900-9.zip,202202141041,’†‹–€ŒSº˜a’¬”Ñ‹ò,461-6,,
19384-0900-9.zip,202202141041,’†‹–€ŒSº˜a’¬”Ñ‹ò,461-4,,
19384-0900-9.zip,202202141041,’†‹–€ŒSº˜a’¬”Ñ‹ò,461-11,,
19384-0900-9.zip,202202141041,’†‹–€ŒSº˜a’¬”Ñ‹ò,461-5,,
19384-0900-9.zip,202202141041,’†‹–€ŒSº˜a’¬”Ñ‹ò,461-9,,
19384-0900-9.zip,202202141041,’†‹–€ŒSº˜a’¬”Ñ‹ò,460-4,,
19384-0900-9.zip,202202141041,’†‹–€ŒSº˜a’¬”Ñ‹ò,460-3,,
19384-0900-9.zip,202202141041,’†‹–€ŒSº˜a’¬”Ñ‹ò,460-2,,
19384-0900-9.zip,202202141041,’†‹–€ŒSº˜a’¬”Ñ‹ò,412-1,,
19384-0900-9.zip,202202141041,’†‹–€ŒSº˜a’¬”Ñ‹ò,412-4,,
19384-0900-9.zip,202202141041,’†‹–€ŒSº˜a’¬”Ñ‹ò,412-2,,
19384-0900-9.zip,202202141041,’†‹–€ŒSº˜a’¬”Ñ‹ò,411-2,,
19384-0900-9.zip,202202141041,’†‹–€ŒSº˜a’¬”Ñ‹ò,412-3,,
19384-0900-9.zip,202202141041,’†‹–€ŒSº˜a’¬”Ñ‹ò,189-4,,
19384-0900-9.zip,202202141041,’†‹–€ŒSº˜a’¬”Ñ‹ò,466-4,,
19384-0900-9.zip,202202141041,’†‹–€ŒSº˜a’¬”Ñ‹ò,466-6,,
19384-0900-9.zip,202202141041,’†‹–€ŒSº˜a’¬”Ñ‹ò,467-1,,
19384-0900-9.zip,202202141041,’†‹–€ŒSº˜a’¬”Ñ‹ò,“¹-17-2,,
19384-0900-9.zip,202202141041,’†‹–€ŒSº˜a’¬”Ñ‹ò,“¹-17-3,,
19384-0900-9.zip,202202141041,’†‹–€ŒSº˜a’¬”Ñ‹ò,’·‹·•¨•s–¾-1-4,,
19384-0900-9.zip,202202141041,’†‹–€ŒSº˜a’¬”Ñ‹ò,…-714-2,,
19384-0900-9.zip,202202141041,’†‹–€ŒSº˜a’¬”Ñ‹ò,405-2,,
19384-0900-9.zip,202202141041,’†‹–€ŒSº˜a’¬”Ñ‹ò,“¹-577-2,,
19384-0900-9.zip,202202141041,’†‹–€ŒSº˜a’¬”Ñ‹ò,…-11-2,,
19384-0900-9.zip,202202141041,’†‹–€ŒSº˜a’¬”Ñ‹ò,…-731-2,,
19384-0900-9.zip,202202141041,’†‹–€ŒSº˜a’¬”Ñ‹ò,“¹-9-2,,
19384-0900-9.zip,202202141041,’†‹–€ŒSº˜a’¬”Ñ‹ò,…-12-2,,
19384-0900-9.zip,202202141041,’†‹–€ŒSº˜a’¬”Ñ‹ò,…-13-2,,
19384-0900-9.zip,202202141041,’†‹–€ŒSº˜a’¬”Ñ‹ò,’·‹·•¨•s–¾-4,,
19384-0900-9.zip,202202141041,’†‹–€ŒSº˜a’¬”Ñ‹ò,410-4,,
19384-0900-9.zip,202202141041,’†‹–€ŒSº˜a’¬”Ñ‹ò,…-8-2,,
19384-0900-9.zip,202202141041,’†‹–€ŒSº˜a’¬”Ñ‹ò,“¹-10-2,,
19384-0900-9.zip,202202141041,’†‹–€ŒSº˜a’¬”Ñ‹ò,…-7-2,,
19384-0900-9.zip,202202141041,’†‹–€ŒSº˜a’¬”Ñ‹ò,’·‹·•¨•s–¾-258-2,,
19384-0900-9.zip,202202141041,’†‹–€ŒSº˜a’¬”Ñ‹ò,“¹-2-2,,
19384-0900-9.zip,202202141041,’†‹–€ŒSº˜a’¬”Ñ‹ò,’n‹æŠO-2-3,,
19384-0900-9.zip,202202141041,’†‹–€ŒSº˜a’¬”Ñ‹ò,’n‹æŠO-258-3,,
19384-0900-9.zip,202202141041,’†‹–€ŒSº˜a’¬”Ñ‹ò,456-7,,
19384-0900-9.zip,202202141041,’†‹–€ŒSº˜a’¬”Ñ‹ò,456-4,,
19384-0900-9.zip,202202141041,’†‹–€ŒSº˜a’¬”Ñ‹ò,456-6,,
19384-0900-9.zip,202202141041,’†‹–€ŒSº˜a’¬”Ñ‹ò,456-5,,
19384-0900-9.zip,202202141041,’†‹–€ŒSº˜a’¬”Ñ‹ò,456-1,,
19384-0900-9.zip,202202141041,’†‹–€ŒSº˜a’¬”Ñ‹ò,456-8,,
19384-0900-9.zip,202202141041,’†‹–€ŒSº˜a’¬”Ñ‹ò,456-3,,
19384-0900-9.zip,202202141041,’†‹–€ŒSº˜a’¬”Ñ‹ò,456-2,,
19384-0900-9.zip,202202141041,’†‹–€ŒSº˜a’¬,“¹-725,,
19384-0900-9.zip,202202141041,’†‹–€ŒSº˜a’¬”Ñ‹ò,457-6,,
19384-0900-9.zip,202202141041,’†‹–€ŒSº˜a’¬”Ñ‹ò,455,,
19384-0900-9.zip,202202141041,’†‹–€ŒSº˜a’¬”Ñ‹ò,454-1,,
19384-0900-9.zip,202202141041,’†‹–€ŒSº˜a’¬”Ñ‹ò,404-9,,
19384-0900-9.zip,202202141041,’†‹–€ŒSº˜a’¬”Ñ‹ò,411-1,,
19384-0900-9.zip,202202141041,’†‹–€ŒSº˜a’¬”Ñ‹ò,404-4,,
19384-0900-9.zip,202202141041,’†‹–€ŒSº˜a’¬”Ñ‹ò,404-3,,
19384-0900-9.zip,202202141041,’†‹–€ŒSº˜a’¬”Ñ‹ò,404-10,,
19384-0900-9.zip,202202141041,’†‹–€ŒSº˜a’¬”Ñ‹ò,404-2,,
19384-0900-9.zip,202202141041,’†‹–€ŒSº˜a’¬”Ñ‹ò,404-6,,
19384-0900-9.zip,202202141041,’†‹–€ŒSº˜a’¬”Ñ‹ò,404-7,,
19384-0900-10.zip,202202141041,’†‹–€ŒSº˜a’¬¼ğ,91,,
19384-0900-10.zip,202202141041,’†‹–€ŒSº˜a’¬¼ğ,92,,
19384-0900-10.zip,202202141041,’†‹–€ŒSº˜a’¬¼ğ,94,,
19384-0900-10.zip,202202141041,’†‹–€ŒSº˜a’¬¼ğ,95,,
19384-0900-10.zip,202202141041,’†‹–€ŒSº˜a’¬¼ğ,96-1,,
19384-0900-10.zip,202202141041,’†‹–€ŒSº˜a’¬¼ğ,96-2,,
19384-0900-10.zip,202202141041,’†‹–€ŒSº˜a’¬¼ğ,96-3,,
19384-0900-10.zip,202202141041,’†‹–€ŒSº˜a’¬¼ğ,97,,
19384-0900-10.zip,202202141041,’†‹–€ŒSº˜a’¬¼ğ,98,,
19384-0900-10.zip,202202141041,’†‹–€ŒSº˜a’¬¼ğ,99-1,,
19384-0900-10.zip,202202141041,’†‹–€ŒSº˜a’¬¼ğ,99-2,,
19384-0900-10.zip,202202141041,’†‹–€ŒSº˜a’¬¼ğ,99-3,,
19384-0900-10.zip,202202141041,’†‹–€ŒSº˜a’¬¼ğ,100-1,,
19384-0900-10.zip,202202141041,’†‹–€ŒSº˜a’¬¼ğ,100-2,,
19384-0900-10.zip,202202141041,’†‹–€ŒSº˜a’¬¼ğ,100-3,,
19384-0900-10.zip,202202141041,’†‹–€ŒSº˜a’¬¼ğ,101-1,,
19384-0900-10.zip,202202141041,’†‹–€ŒSº˜a’¬¼ğ,101-2,,
19384-0900-10.zip,202202141041,’†‹–€ŒSº˜a’¬¼ğ,101-3,,
19384-0900-10.zip,202202141041,’†‹–€ŒSº˜a’¬¼ğ,102-1,,
19384-0900-10.zip,202202141041,’†‹–€ŒSº˜a’¬¼ğ,103,,
19384-0900-10.zip,202202141041,’†‹–€ŒSº˜a’¬¼ğ,104,,
19384-0900-10.zip,202202141041,’†‹–€ŒSº˜a’¬¼ğ,105,,
19384-0900-10.zip,202202141041,’†‹–€ŒSº˜a’¬¼ğ,106,,
19384-0900-10.zip,202202141041,’†‹–€ŒSº˜a’¬¼ğ,107,,
19384-0900-10.zip,202202141041,’†‹–€ŒSº˜a’¬¼ğ,108,,
19384-0900-10.zip,202202141041,’†‹–€ŒSº˜a’¬¼ğ,109-2,,
19384-0900-10.zip,202202141041,’†‹–€ŒSº˜a’¬¼ğ,109-3,,
19384-0900-10.zip,202202141041,’†‹–€ŒSº˜a’¬¼ğ,109-4,,
19384-0900-10.zip,202202141041,’†‹–€ŒSº˜a’¬¼ğ,109-5,,
19384-0900-10.zip,202202141041,’†‹–€ŒSº˜a’¬¼ğ,110-1,,
19384-0900-10.zip,202202141041,’†‹–€ŒSº˜a’¬¼ğ,110-2,,
19384-0900-10.zip,202202141041,’†‹–€ŒSº˜a’¬¼ğ,110-3,,
19384-0900-10.zip,202202141041,’†‹–€ŒSº˜a’¬¼ğ,110-4,,
19384-0900-10.zip,202202141041,’†‹–€ŒSº˜a’¬¼ğ,111-1,,
19384-0900-10.zip,202202141041,’†‹–€ŒSº˜a’¬¼ğ,111-2,,
19384-0900-10.zip,202202141041,’†‹–€ŒSº˜a’¬¼ğ,111-3,,
19384-0900-10.zip,202202141041,’†‹–€ŒSº˜a’¬¼ğ,112-1,,
19384-0900-10.zip,202202141041,’†‹–€ŒSº˜a’¬¼ğ,112-2,,
19384-0900-10.zip,202202141041,’†‹–€ŒSº˜a’¬¼ğ,113-1,,
19384-0900-10.zip,202202141041,’†‹–€ŒSº˜a’¬¼ğ,114,,
19384-0900-10.zip,202202141041,’†‹–€ŒSº˜a’¬¼ğ,115,,
19384-0900-10.zip,202202141041,’†‹–€ŒSº˜a’¬¼ğ,116,,
19384-0900-10.zip,202202141041,’†‹–€ŒSº˜a’¬¼ğ,117,,
19384-0900-10.zip,202202141041,’†‹–€ŒSº˜a’¬¼ğ,118,,
19384-0900-10.zip,202202141041,’†‹–€ŒSº˜a’¬¼ğ,119,,
19384-0900-10.zip,202202141041,’†‹–€ŒSº˜a’¬¼ğ,120,,
19384-0900-10.zip,202202141041,’†‹–€ŒSº˜a’¬¼ğ,121-1,,
19384-0900-10.zip,202202141041,’†‹–€ŒSº˜a’¬¼ğ,121-2,,
19384-0900-10.zip,202202141041,’†‹–€ŒSº˜a’¬¼ğ,122,,
19384-0900-10.zip,202202141041,’†‹–€ŒSº˜a’¬¼ğ,123,,
19384-0900-10.zip,202202141041,’†‹–€ŒSº˜a’¬¼ğ,124,,
19384-0900-10.zip,202202141041,’†‹–€ŒSº˜a’¬¼ğ,125,,
19384-0900-10.zip,202202141041,’†‹–€ŒSº˜a’¬¼ğ,126,,
19384-0900-10.zip,202202141041,’†‹–€ŒSº˜a’¬¼ğ,127,,
19384-0900-10.zip,202202141041,’†‹–€ŒSº˜a’¬¼ğ,128,,
19384-0900-10.zip,202202141041,’†‹–€ŒSº˜a’¬¼ğ,129,,
19384-0900-10.zip,202202141041,’†‹–€ŒSº˜a’¬¼ğ,130,,
19384-0900-10.zip,202202141041,’†‹–€ŒSº˜a’¬¼ğ,131,,
19384-0900-10.zip,202202141041,’†‹–€ŒSº˜a’¬¼ğ,132,,
19384-0900-10.zip,202202141041,’†‹–€ŒSº˜a’¬¼ğ,133,,
19384-0900-10.zip,202202141041,’†‹–€ŒSº˜a’¬¼ğ,134,,
19384-0900-10.zip,202202141041,’†‹–€ŒSº˜a’¬¼ğ,135,,
19384-0900-10.zip,202202141041,’†‹–€ŒSº˜a’¬¼ğ,136,,
19384-0900-10.zip,202202141041,’†‹–€ŒSº˜a’¬¼ğ,137,,
19384-0900-10.zip,202202141041,’†‹–€ŒSº˜a’¬¼ğ,138,,
19384-0900-10.zip,202202141041,’†‹–€ŒSº˜a’¬¼ğ,139,,
19384-0900-10.zip,202202141041,’†‹–€ŒSº˜a’¬¼ğ,140,,
19384-0900-10.zip,202202141041,’†‹–€ŒSº˜a’¬¼ğ,141,,
19384-0900-10.zip,202202141041,’†‹–€ŒSº˜a’¬¼ğ,142,,
19384-0900-10.zip,202202141041,’†‹–€ŒSº˜a’¬¼ğ,143,,
19384-0900-10.zip,202202141041,’†‹–€ŒSº˜a’¬¼ğ,144,,
19384-0900-10.zip,202202141041,’†‹–€ŒSº˜a’¬¼ğ,154,,
19384-0900-10.zip,202202141041,’†‹–€ŒSº˜a’¬¼ğ,155-3,,
19384-0900-10.zip,202202141041,’†‹–€ŒSº˜a’¬¼ğ,155-4,,
19384-0900-10.zip,202202141041,’†‹–€ŒSº˜a’¬¼ğ,155-5,,
19384-0900-10.zip,202202141041,’†‹–€ŒSº˜a’¬¼ğ,156-1,,
19384-0900-10.zip,202202141041,’†‹–€ŒSº˜a’¬¼ğ,156-2,,
19384-0900-10.zip,202202141041,’†‹–€ŒSº˜a’¬¼ğ,156-3,,
19384-0900-10.zip,202202141041,’†‹–€ŒSº˜a’¬¼ğ,156-4,,
19384-0900-10.zip,202202141041,’†‹–€ŒSº˜a’¬¼ğ,156-7,,
19384-0900-10.zip,202202141041,’†‹–€ŒSº˜a’¬¼ğ,156-8,,
19384-0900-10.zip,202202141041,’†‹–€ŒSº˜a’¬¼ğ,156-9,,
19384-0900-10.zip,202202141041,’†‹–€ŒSº˜a’¬¼ğ,156-11,,
19384-0900-10.zip,202202141041,’†‹–€ŒSº˜a’¬¼ğ,156-12,,
19384-0900-10.zip,202202141041,’†‹–€ŒSº˜a’¬¼ğ,156-13,,
19384-0900-10.zip,202202141041,’†‹–€ŒSº˜a’¬¼ğ,156-17,,
19384-0900-10.zip,202202141041,’†‹–€ŒSº˜a’¬¼ğ,185-4,,
19384-0900-10.zip,202202141041,’†‹–€ŒSº˜a’¬¼ğ,200,,
19384-0900-10.zip,202202141041,’†‹–€ŒSº˜a’¬¼ğ,201,,
19384-0900-10.zip,202202141041,’†‹–€ŒSº˜a’¬¼ğ,102-2,,
19384-0900-10.zip,202202141041,’†‹–€ŒSº˜a’¬¼ğ,102-3,,
19384-0900-10.zip,202202141041,’†‹–€ŒSº˜a’¬¼ğ,156-5,,
19384-0900-10.zip,202202141041,’†‹–€ŒSº˜a’¬¼ğ,…-162,,
19384-0900-10.zip,202202141041,’†‹–€ŒSº˜a’¬¼ğ,192-8,,
19384-0900-10.zip,202202141041,’†‹–€ŒSº˜a’¬¼ğ,199-2,,
19384-0900-10.zip,202202141041,’†‹–€ŒSº˜a’¬¼ğ,199-3,,
19384-0900-10.zip,202202141041,’†‹–€ŒSº˜a’¬¼ğ,199-1,,
19384-0900-10.zip,202202141041,’†‹–€ŒSº˜a’¬¼ğ,156-16,,
19384-0900-10.zip,202202141041,’†‹–€ŒSº˜a’¬¼ğ,93-2,,
19384-0900-10.zip,202202141041,’†‹–€ŒSº˜a’¬¼ğ,93-1,,
19384-0900-10.zip,202202141041,’†‹–€ŒSº˜a’¬¼ğ,156-6,,
19384-0900-10.zip,202202141041,’†‹–€ŒSº˜a’¬¼ğ,109-1,,
19384-0900-10.zip,202202141041,’†‹–€ŒSº˜a’¬¼ğ,109-6,,
19384-0900-10.zip,202202141041,’†‹–€ŒSº˜a’¬¼ğ,113-2,,
19384-0900-10.zip,202202141041,’†‹–€ŒSº˜a’¬¼ğ,155-1,,
19384-0900-10.zip,202202141041,’†‹–€ŒSº˜a’¬¼ğ,155-6,,
19384-0900-10.zip,202202141041,’†‹–€ŒSº˜a’¬¼ğ,156-10,,
19384-0900-10.zip,202202141041,’†‹–€ŒSº˜a’¬¼ğ,155-7,,
19384-0900-10.zip,202202141041,’†‹–€ŒSº˜a’¬¼ğ,155-8,,
19384-0900-10.zip,202202141041,’†‹–€ŒSº˜a’¬¼ğ,156-14,,
19384-0900-10.zip,202202141041,’†‹–€ŒSº˜a’¬¼ğ,156-15,,
19384-0900-11.zip,202202141041,’†‹–€ŒSº˜a’¬¼ğ,189,,
19384-0900-11.zip,202202141041,’†‹–€ŒSº˜a’¬¼ğ,190,,
19384-0900-11.zip,202202141041,’†‹–€ŒSº˜a’¬¼ğ,191,,
19384-0900-11.zip,202202141041,’†‹–€ŒSº˜a’¬¼ğ,192-2,,
19384-0900-11.zip,202202141041,’†‹–€ŒSº˜a’¬¼ğ,192-4,,
19384-0900-11.zip,202202141041,’†‹–€ŒSº˜a’¬¼ğ,192-6,,
19384-0900-11.zip,202202141041,’†‹–€ŒSº˜a’¬¼ğ,192-7,,
19384-0900-11.zip,202202141041,’†‹–€ŒSº˜a’¬¼ğ,202-1,,
19384-0900-11.zip,202202141041,’†‹–€ŒSº˜a’¬¼ğ,202-2,,
19384-0900-11.zip,202202141041,’†‹–€ŒSº˜a’¬¼ğ,202-3,,
19384-0900-11.zip,202202141041,’†‹–€ŒSº˜a’¬¼ğ,202-4,,
19384-0900-11.zip,202202141041,’†‹–€ŒSº˜a’¬¼ğ,202-5,,
19384-0900-11.zip,202202141041,’†‹–€ŒSº˜a’¬¼ğ,203-2,,
19384-0900-11.zip,202202141041,’†‹–€ŒSº˜a’¬¼ğ,203-3,,
19384-0900-11.zip,202202141041,’†‹–€ŒSº˜a’¬¼ğ,204-2,,
19384-0900-11.zip,202202141041,’†‹–€ŒSº˜a’¬¼ğ,205-1,,
19384-0900-11.zip,202202141041,’†‹–€ŒSº˜a’¬¼ğ,205-2,,
19384-0900-11.zip,202202141041,’†‹–€ŒSº˜a’¬¼ğ,206,,
19384-0900-11.zip,202202141041,’†‹–€ŒSº˜a’¬¼ğ,207,,
19384-0900-11.zip,202202141041,’†‹–€ŒSº˜a’¬¼ğ,208-1,,
19384-0900-11.zip,202202141041,’†‹–€ŒSº˜a’¬¼ğ,208-2,,
19384-0900-11.zip,202202141041,’†‹–€ŒSº˜a’¬¼ğ,208-3,,
19384-0900-11.zip,202202141041,’†‹–€ŒSº˜a’¬¼ğ,212-1,,
19384-0900-11.zip,202202141041,’†‹–€ŒSº˜a’¬¼ğ,212-2,,
19384-0900-11.zip,202202141041,’†‹–€ŒSº˜a’¬¼ğ,212-3,,
19384-0900-11.zip,202202141041,’†‹–€ŒSº˜a’¬¼ğ,213-2,,
19384-0900-11.zip,202202141041,’†‹–€ŒSº˜a’¬¼ğ,214-2,,
19384-0900-11.zip,202202141041,’†‹–€ŒSº˜a’¬¼ğ,214-3,,
19384-0900-11.zip,202202141041,’†‹–€ŒSº˜a’¬¼ğ,216,,
19384-0900-11.zip,202202141041,’†‹–€ŒSº˜a’¬¼ğ,216-2,,
19384-0900-11.zip,202202141041,’†‹–€ŒSº˜a’¬¼ğ,217-1,,
19384-0900-11.zip,202202141041,’†‹–€ŒSº˜a’¬¼ğ,217-2,,
19384-0900-11.zip,202202141041,’†‹–€ŒSº˜a’¬¼ğ,218-1,,
19384-0900-11.zip,202202141041,’†‹–€ŒSº˜a’¬¼ğ,219,,
19384-0900-11.zip,202202141041,’†‹–€ŒSº˜a’¬¼ğ,220,,
19384-0900-11.zip,202202141041,’†‹–€ŒSº˜a’¬¼ğ,221-1,,
19384-0900-11.zip,202202141041,’†‹–€ŒSº˜a’¬¼ğ,221-2,,
19384-0900-11.zip,202202141041,’†‹–€ŒSº˜a’¬¼ğ,221-3,,
19384-0900-11.zip,202202141041,’†‹–€ŒSº˜a’¬¼ğ,221-4,,
19384-0900-11.zip,202202141041,’†‹–€ŒSº˜a’¬¼ğ,223,,
19384-0900-11.zip,202202141041,’†‹–€ŒSº˜a’¬¼ğ,224-1,,
19384-0900-11.zip,202202141041,’†‹–€ŒSº˜a’¬¼ğ,224-2,,
19384-0900-11.zip,202202141041,’†‹–€ŒSº˜a’¬¼ğ,224-4,,
19384-0900-11.zip,202202141041,’†‹–€ŒSº˜a’¬¼ğ,225-2,,
19384-0900-11.zip,202202141041,’†‹–€ŒSº˜a’¬¼ğ,228-1,,
19384-0900-11.zip,202202141041,’†‹–€ŒSº˜a’¬¼ğ,228-2,,
19384-0900-11.zip,202202141041,’†‹–€ŒSº˜a’¬¼ğ,228-3,,
19384-0900-11.zip,202202141041,’†‹–€ŒSº˜a’¬¼ğ,229,,
19384-0900-11.zip,202202141041,’†‹–€ŒSº˜a’¬¼ğ,232-3,,
19384-0900-11.zip,202202141041,’†‹–€ŒSº˜a’¬¼ğ,232-5,,
19384-0900-11.zip,202202141041,’†‹–€ŒSº˜a’¬¼ğ,232-6,,
19384-0900-11.zip,202202141041,’†‹–€ŒSº˜a’¬¼ğ,232-7,,
19384-0900-11.zip,202202141041,’†‹–€ŒSº˜a’¬¼ğ,232-8,,
19384-0900-11.zip,202202141041,’†‹–€ŒSº˜a’¬¼ğ,232-9,,
19384-0900-11.zip,202202141041,’†‹–€ŒSº˜a’¬¼ğ,232-10,,
19384-0900-11.zip,202202141041,’†‹–€ŒSº˜a’¬¼ğ,232-11,,
19384-0900-11.zip,202202141041,’†‹–€ŒSº˜a’¬¼ğ,232-12,,
19384-0900-11.zip,202202141041,’†‹–€ŒSº˜a’¬¼ğ,232-13,,
19384-0900-11.zip,202202141041,’†‹–€ŒSº˜a’¬¼ğ,232-14,,
19384-0900-11.zip,202202141041,’†‹–€ŒSº˜a’¬¼ğ,232-15,,
19384-0900-11.zip,202202141041,’†‹–€ŒSº˜a’¬¼ğ,232-17,,
19384-0900-11.zip,202202141041,’†‹–€ŒSº˜a’¬¼ğ,232-19,,
19384-0900-11.zip,202202141041,’†‹–€ŒSº˜a’¬¼ğ,232-21,,
19384-0900-11.zip,202202141041,’†‹–€ŒSº˜a’¬¼ğ,232-22,,
19384-0900-11.zip,202202141041,’†‹–€ŒSº˜a’¬¼ğ,232-23,,
19384-0900-11.zip,202202141041,’†‹–€ŒSº˜a’¬¼ğ,232-30,,
19384-0900-11.zip,202202141041,’†‹–€ŒSº˜a’¬¼ğ,232-31,,
19384-0900-11.zip,202202141041,’†‹–€ŒSº˜a’¬¼ğ,232-38,,
19384-0900-11.zip,202202141041,’†‹–€ŒSº˜a’¬¼ğ,232-39,,
19384-0900-11.zip,202202141041,’†‹–€ŒSº˜a’¬¼ğ,232-40,,
19384-0900-11.zip,202202141041,’†‹–€ŒSº˜a’¬¼ğ,232-41,,
19384-0900-11.zip,202202141041,’†‹–€ŒSº˜a’¬¼ğ,232-42,,
19384-0900-11.zip,202202141041,’†‹–€ŒSº˜a’¬¼ğ,232-43,,
19384-0900-11.zip,202202141041,’†‹–€ŒSº˜a’¬¼ğ,232-55,,
19384-0900-11.zip,202202141041,’†‹–€ŒSº˜a’¬¼ğ,232-56,,
19384-0900-11.zip,202202141041,’†‹–€ŒSº˜a’¬¼ğ,240-1,,
19384-0900-11.zip,202202141041,’†‹–€ŒSº˜a’¬¼ğ,241-1,,
19384-0900-11.zip,202202141041,’†‹–€ŒSº˜a’¬¼ğ,242,,
19384-0900-11.zip,202202141041,’†‹–€ŒSº˜a’¬¼ğ,243-1,,
19384-0900-11.zip,202202141041,’†‹–€ŒSº˜a’¬¼ğ,243-3,,
19384-0900-11.zip,202202141041,’†‹–€ŒSº˜a’¬¼ğ,243-4,,
19384-0900-11.zip,202202141041,’†‹–€ŒSº˜a’¬¼ğ,244-1,,
19384-0900-11.zip,202202141041,’†‹–€ŒSº˜a’¬¼ğ,245-1,,
19384-0900-11.zip,202202141041,’†‹–€ŒSº˜a’¬¼ğ,245-7,,
19384-0900-11.zip,202202141041,’†‹–€ŒSº˜a’¬¼ğ,245-8,,
19384-0900-11.zip,202202141041,’†‹–€ŒSº˜a’¬¼ğ,245-13,,
19384-0900-11.zip,202202141041,’†‹–€ŒSº˜a’¬¼ğ,246-3,,
19384-0900-11.zip,202202141041,’†‹–€ŒSº˜a’¬¼ğ,246-4,,
19384-0900-11.zip,202202141041,’†‹–€ŒSº˜a’¬¼ğ,247-1,,
19384-0900-11.zip,202202141041,’†‹–€ŒSº˜a’¬¼ğ,249-1,,
19384-0900-11.zip,202202141041,’†‹–€ŒSº˜a’¬¼ğ,249-2,,
19384-0900-11.zip,202202141041,’†‹–€ŒSº˜a’¬¼ğ,250-1,,
19384-0900-11.zip,202202141041,’†‹–€ŒSº˜a’¬¼ğ,250-2,,
19384-0900-11.zip,202202141041,’†‹–€ŒSº˜a’¬¼ğ,251,,
19384-0900-11.zip,202202141041,’†‹–€ŒSº˜a’¬¼ğ,252,,
19384-0900-11.zip,202202141041,’†‹–€ŒSº˜a’¬¼ğ,255,,
19384-0900-11.zip,202202141041,’†‹–€ŒSº˜a’¬¼ğ,256-1,,
19384-0900-11.zip,202202141041,’†‹–€ŒSº˜a’¬¼ğ,258-2,,
19384-0900-11.zip,202202141041,’†‹–€ŒSº˜a’¬¼ğ,258-4,,
19384-0900-11.zip,202202141041,’†‹–€ŒSº˜a’¬¼ğ,264-2,,
19384-0900-11.zip,202202141041,’†‹–€ŒSº˜a’¬¼ğ,264-3,,
19384-0900-11.zip,202202141041,’†‹–€ŒSº˜a’¬¼ğ,264-6,,
19384-0900-11.zip,202202141041,’†‹–€ŒSº˜a’¬¼ğ,264-7,,
19384-0900-11.zip,202202141041,’†‹–€ŒSº˜a’¬¼ğ,264-9,,
19384-0900-11.zip,202202141041,’†‹–€ŒSº˜a’¬¼ğ,264-12,,
19384-0900-11.zip,202202141041,’†‹–€ŒSº˜a’¬¼ğ,264-14,,
19384-0900-11.zip,202202141041,’†‹–€ŒSº˜a’¬¼ğ,264-15,,
19384-0900-11.zip,202202141041,’†‹–€ŒSº˜a’¬¼ğ,264-16,,
19384-0900-11.zip,202202141041,’†‹–€ŒSº˜a’¬¼ğ,264-17,,
19384-0900-11.zip,202202141041,’†‹–€ŒSº˜a’¬¼ğ,264-18,,
19384-0900-11.zip,202202141041,’†‹–€ŒSº˜a’¬¼ğ,264-19,,
19384-0900-11.zip,202202141041,’†‹–€ŒSº˜a’¬¼ğ,264-22,,
19384-0900-11.zip,202202141041,’†‹–€ŒSº˜a’¬¼ğ,264-23,,
19384-0900-11.zip,202202141041,’†‹–€ŒSº˜a’¬¼ğ,267,,
19384-0900-11.zip,202202141041,’†‹–€ŒSº˜a’¬¼ğ,268-3,,
19384-0900-11.zip,202202141041,’†‹–€ŒSº˜a’¬¼ğ,268-6,,
19384-0900-11.zip,202202141041,’†‹–€ŒSº˜a’¬¼ğ,268-8,,
19384-0900-11.zip,202202141041,’†‹–€ŒSº˜a’¬¼ğ,268-9,,
19384-0900-11.zip,202202141041,’†‹–€ŒSº˜a’¬¼ğ,268-10,,
19384-0900-11.zip,202202141041,’†‹–€ŒSº˜a’¬¼ğ,268-12,,
19384-0900-11.zip,202202141041,’†‹–€ŒSº˜a’¬¼ğ,268-13,,
19384-0900-11.zip,202202141041,’†‹–€ŒSº˜a’¬¼ğ,268-14,,
19384-0900-11.zip,202202141041,’†‹–€ŒSº˜a’¬¼ğ,268-15,,
19384-0900-11.zip,202202141041,’†‹–€ŒSº˜a’¬¼ğ,268-16,,
19384-0900-11.zip,202202141041,’†‹–€ŒSº˜a’¬¼ğ,268-18,,
19384-0900-11.zip,202202141041,’†‹–€ŒSº˜a’¬¼ğ,268-23,,
19384-0900-11.zip,202202141041,’†‹–€ŒSº˜a’¬¼ğ,268-30,,
19384-0900-11.zip,202202141041,’†‹–€ŒSº˜a’¬¼ğ,268-33,,
19384-0900-11.zip,202202141041,’†‹–€ŒSº˜a’¬¼ğ,268-36,,
19384-0900-11.zip,202202141041,’†‹–€ŒSº˜a’¬¼ğ,268-37,,
19384-0900-11.zip,202202141041,’†‹–€ŒSº˜a’¬¼ğ,275-2,,
19384-0900-11.zip,202202141041,’†‹–€ŒSº˜a’¬¼ğ,275-3,,
19384-0900-11.zip,202202141041,’†‹–€ŒSº˜a’¬¼ğ,275-4,,
19384-0900-11.zip,202202141041,’†‹–€ŒSº˜a’¬¼ğ,275-5,,
19384-0900-11.zip,202202141041,’†‹–€ŒSº˜a’¬¼ğ,275-6,,
19384-0900-11.zip,202202141041,’†‹–€ŒSº˜a’¬¼ğ,275-7,,
19384-0900-11.zip,202202141041,’†‹–€ŒSº˜a’¬¼ğ,275-8,,
19384-0900-11.zip,202202141041,’†‹–€ŒSº˜a’¬¼ğ,275-9,,
19384-0900-11.zip,202202141041,’†‹–€ŒSº˜a’¬¼ğ,275-10,,
19384-0900-11.zip,202202141041,’†‹–€ŒSº˜a’¬¼ğ,275-11,,
19384-0900-11.zip,202202141041,’†‹–€ŒSº˜a’¬¼ğ,275-12,,
19384-0900-11.zip,202202141041,’†‹–€ŒSº˜a’¬¼ğ,275-15,,
19384-0900-11.zip,202202141041,’†‹–€ŒSº˜a’¬¼ğ,275-16,,
19384-0900-11.zip,202202141041,’†‹–€ŒSº˜a’¬¼ğ,275-17,,
19384-0900-11.zip,202202141041,’†‹–€ŒSº˜a’¬¼ğ,286-2,,
19384-0900-11.zip,202202141041,’†‹–€ŒSº˜a’¬¼ğ,286-3,,
19384-0900-11.zip,202202141041,’†‹–€ŒSº˜a’¬¼ğ,286-5,,
19384-0900-11.zip,202202141041,’†‹–€ŒSº˜a’¬¼ğ,286-6,,
19384-0900-11.zip,202202141041,’†‹–€ŒSº˜a’¬¼ğ,286-7,,
19384-0900-11.zip,202202141041,’†‹–€ŒSº˜a’¬¼ğ,286-8,,
19384-0900-11.zip,202202141041,’†‹–€ŒSº˜a’¬¼ğ,286-10,,
19384-0900-11.zip,202202141041,’†‹–€ŒSº˜a’¬¼ğ,286-11,,
19384-0900-11.zip,202202141041,’†‹–€ŒSº˜a’¬¼ğ,286-12,,
19384-0900-11.zip,202202141041,’†‹–€ŒSº˜a’¬¼ğ,292,,
19384-0900-11.zip,202202141041,’†‹–€ŒSº˜a’¬¼ğ,294-1,,
19384-0900-11.zip,202202141041,’†‹–€ŒSº˜a’¬¼ğ,294-2,,
19384-0900-11.zip,202202141041,’†‹–€ŒSº˜a’¬¼ğ,294-3,,
19384-0900-11.zip,202202141041,’†‹–€ŒSº˜a’¬¼ğ,294-4,,
19384-0900-11.zip,202202141041,’†‹–€ŒSº˜a’¬¼ğ,295-1,,
19384-0900-11.zip,202202141041,’†‹–€ŒSº˜a’¬¼ğ,295-2,,
19384-0900-11.zip,202202141041,’†‹–€ŒSº˜a’¬¼ğ,295-4,,
19384-0900-11.zip,202202141041,’†‹–€ŒSº˜a’¬¼ğ,295-5,,
19384-0900-11.zip,202202141041,’†‹–€ŒSº˜a’¬¼ğ,296-1,,
19384-0900-11.zip,202202141041,’†‹–€ŒSº˜a’¬¼ğ,296-2,,
19384-0900-11.zip,202202141041,’†‹–€ŒSº˜a’¬¼ğ,297,,
19384-0900-11.zip,202202141041,’†‹–€ŒSº˜a’¬¼ğ,298-1,,
19384-0900-11.zip,202202141041,’†‹–€ŒSº˜a’¬¼ğ,298-2,,
19384-0900-11.zip,202202141041,’†‹–€ŒSº˜a’¬¼ğ,298-3,,
19384-0900-11.zip,202202141041,’†‹–€ŒSº˜a’¬¼ğ,299,,
19384-0900-11.zip,202202141041,’†‹–€ŒSº˜a’¬¼ğ,301-3,,
19384-0900-11.zip,202202141041,’†‹–€ŒSº˜a’¬¼ğ,301-4,,
19384-0900-11.zip,202202141041,’†‹–€ŒSº˜a’¬¼ğ,302-1,,
19384-0900-11.zip,202202141041,’†‹–€ŒSº˜a’¬¼ğ,304-2,,
19384-0900-11.zip,202202141041,’†‹–€ŒSº˜a’¬¼ğ,305-2,,
19384-0900-11.zip,202202141041,’†‹–€ŒSº˜a’¬¼ğ,307,,
19384-0900-11.zip,202202141041,’†‹–€ŒSº˜a’¬¼ğ,307-2,,
19384-0900-11.zip,202202141041,’†‹–€ŒSº˜a’¬¼ğ,308,,
19384-0900-11.zip,202202141041,’†‹–€ŒSº˜a’¬¼ğ,309-1,,
19384-0900-11.zip,202202141041,’†‹–€ŒSº˜a’¬¼ğ,309-5,,
19384-0900-11.zip,202202141041,’†‹–€ŒSº˜a’¬¼ğ,309-6,,
19384-0900-11.zip,202202141041,’†‹–€ŒSº˜a’¬¼ğ,310-2,,
19384-0900-11.zip,202202141041,’†‹–€ŒSº˜a’¬¼ğ,310-3,,
19384-0900-11.zip,202202141041,’†‹–€ŒSº˜a’¬¼ğ,310-4,,
19384-0900-11.zip,202202141041,’†‹–€ŒSº˜a’¬¼ğ,316,,
19384-0900-11.zip,202202141041,’†‹–€ŒSº˜a’¬¼ğ,317-1,,
19384-0900-11.zip,202202141041,’†‹–€ŒSº˜a’¬¼ğ,317-2,,
19384-0900-11.zip,202202141041,’†‹–€ŒSº˜a’¬¼ğ,318-1,,
19384-0900-11.zip,202202141041,’†‹–€ŒSº˜a’¬¼ğ,318-2,,
19384-0900-11.zip,202202141041,’†‹–€ŒSº˜a’¬¼ğ,318-3,,
19384-0900-11.zip,202202141041,’†‹–€ŒSº˜a’¬¼ğ,318-4,,
19384-0900-11.zip,202202141041,’†‹–€ŒSº˜a’¬¼ğ,318-5,,
19384-0900-11.zip,202202141041,’†‹–€ŒSº˜a’¬¼ğ,318-6,,
19384-0900-11.zip,202202141041,’†‹–€ŒSº˜a’¬¼ğ,322-1,,
19384-0900-11.zip,202202141041,’†‹–€ŒSº˜a’¬¼ğ,322-3,,
19384-0900-11.zip,202202141041,’†‹–€ŒSº˜a’¬¼ğ,323-1,,
19384-0900-11.zip,202202141041,’†‹–€ŒSº˜a’¬¼ğ,323-2,,
19384-0900-11.zip,202202141041,’†‹–€ŒSº˜a’¬¼ğ,323-3,,
19384-0900-11.zip,202202141041,’†‹–€ŒSº˜a’¬¼ğ,323-4,,
19384-0900-11.zip,202202141041,’†‹–€ŒSº˜a’¬¼ğ,323-5,,
19384-0900-11.zip,202202141041,’†‹–€ŒSº˜a’¬¼ğ,327,,
19384-0900-11.zip,202202141041,’†‹–€ŒSº˜a’¬¼ğ,328,,
19384-0900-11.zip,202202141041,’†‹–€ŒSº˜a’¬¼ğ,329,,
19384-0900-11.zip,202202141041,’†‹–€ŒSº˜a’¬¼ğ,330-1,,
19384-0900-11.zip,202202141041,’†‹–€ŒSº˜a’¬¼ğ,330-2,,
19384-0900-11.zip,202202141041,’†‹–€ŒSº˜a’¬¼ğ,330-3,,
19384-0900-11.zip,202202141041,’†‹–€ŒSº˜a’¬¼ğ,330-4,,
19384-0900-11.zip,202202141041,’†‹–€ŒSº˜a’¬¼ğ,330-5,,
19384-0900-11.zip,202202141041,’†‹–€ŒSº˜a’¬¼ğ,331-1,,
19384-0900-11.zip,202202141041,’†‹–€ŒSº˜a’¬¼ğ,333,,
19384-0900-11.zip,202202141041,’†‹–€ŒSº˜a’¬¼ğ,334-1,,
19384-0900-11.zip,202202141041,’†‹–€ŒSº˜a’¬¼ğ,334-2,,
19384-0900-11.zip,202202141041,’†‹–€ŒSº˜a’¬¼ğ,335-1,,
19384-0900-11.zip,202202141041,’†‹–€ŒSº˜a’¬¼ğ,335-3,,
19384-0900-11.zip,202202141041,’†‹–€ŒSº˜a’¬¼ğ,335-4,,
19384-0900-11.zip,202202141041,’†‹–€ŒSº˜a’¬¼ğ,335-5,,
19384-0900-11.zip,202202141041,’†‹–€ŒSº˜a’¬¼ğ,335-6,,
19384-0900-11.zip,202202141041,’†‹–€ŒSº˜a’¬¼ğ,335-8,,
19384-0900-11.zip,202202141041,’†‹–€ŒSº˜a’¬¼ğ,335-9,,
19384-0900-11.zip,202202141041,’†‹–€ŒSº˜a’¬¼ğ,335-10,,
19384-0900-11.zip,202202141041,’†‹–€ŒSº˜a’¬¼ğ,335-11,,
19384-0900-11.zip,202202141041,’†‹–€ŒSº˜a’¬¼ğ,335-15,,
19384-0900-11.zip,202202141041,’†‹–€ŒSº˜a’¬¼ğ,335-16,,
19384-0900-11.zip,202202141041,’†‹–€ŒSº˜a’¬¼ğ,335-17,,
19384-0900-11.zip,202202141041,’†‹–€ŒSº˜a’¬¼ğ,340-1,,
19384-0900-11.zip,202202141041,’†‹–€ŒSº˜a’¬¼ğ,340-5,,
19384-0900-11.zip,202202141041,’†‹–€ŒSº˜a’¬¼ğ,341-1,,
19384-0900-11.zip,202202141041,’†‹–€ŒSº˜a’¬¼ğ,341-5,,
19384-0900-11.zip,202202141041,’†‹–€ŒSº˜a’¬¼ğ,343-1,,
19384-0900-11.zip,202202141041,’†‹–€ŒSº˜a’¬¼ğ,344,,
19384-0900-11.zip,202202141041,’†‹–€ŒSº˜a’¬¼ğ,345-2,,
19384-0900-11.zip,202202141041,’†‹–€ŒSº˜a’¬¼ğ,346-1,,
19384-0900-11.zip,202202141041,’†‹–€ŒSº˜a’¬¼ğ,350-2,,
19384-0900-11.zip,202202141041,’†‹–€ŒSº˜a’¬¼ğ,352-1,,
19384-0900-11.zip,202202141041,’†‹–€ŒSº˜a’¬¼ğ,352-2,,
19384-0900-11.zip,202202141041,’†‹–€ŒSº˜a’¬¼ğ,352-3,,
19384-0900-11.zip,202202141041,’†‹–€ŒSº˜a’¬¼ğ,353-1,,
19384-0900-11.zip,202202141041,’†‹–€ŒSº˜a’¬¼ğ,353-2,,
19384-0900-11.zip,202202141041,’†‹–€ŒSº˜a’¬¼ğ,353-3,,
19384-0900-11.zip,202202141041,’†‹–€ŒSº˜a’¬¼ğ,353-5,,
19384-0900-11.zip,202202141041,’†‹–€ŒSº˜a’¬¼ğ,353-6,,
19384-0900-11.zip,202202141041,’†‹–€ŒSº˜a’¬¼ğ,353-7,,
19384-0900-11.zip,202202141041,’†‹–€ŒSº˜a’¬¼ğ,353-8,,
19384-0900-11.zip,202202141041,’†‹–€ŒSº˜a’¬¼ğ,353-9,,
19384-0900-11.zip,202202141041,’†‹–€ŒSº˜a’¬¼ğ,353-10,,
19384-0900-11.zip,202202141041,’†‹–€ŒSº˜a’¬¼ğ,354-2,,
19384-0900-11.zip,202202141041,’†‹–€ŒSº˜a’¬¼ğ,354-3,,
19384-0900-11.zip,202202141041,’†‹–€ŒSº˜a’¬¼ğ,356,,
19384-0900-11.zip,202202141041,’†‹–€ŒSº˜a’¬¼ğ,357-1,,
19384-0900-11.zip,202202141041,’†‹–€ŒSº˜a’¬¼ğ,357-2,,
19384-0900-11.zip,202202141041,’†‹–€ŒSº˜a’¬¼ğ,358-1,,
19384-0900-11.zip,202202141041,’†‹–€ŒSº˜a’¬¼ğ,358-2,,
19384-0900-11.zip,202202141041,’†‹–€ŒSº˜a’¬¼ğ,358-3,,
19384-0900-11.zip,202202141041,’†‹–€ŒSº˜a’¬¼ğ,364,,
19384-0900-11.zip,202202141041,’†‹–€ŒSº˜a’¬¼ğ,365,,
19384-0900-11.zip,202202141041,’†‹–€ŒSº˜a’¬¼ğ,366,,
19384-0900-11.zip,202202141041,’†‹–€ŒSº˜a’¬¼ğ,375-2,,
19384-0900-11.zip,202202141041,’†‹–€ŒSº˜a’¬¼ğ,375-3,,
19384-0900-11.zip,202202141041,’†‹–€ŒSº˜a’¬¼ğ,375-4,,
19384-0900-11.zip,202202141041,’†‹–€ŒSº˜a’¬¼ğ,375-5,,
19384-0900-11.zip,202202141041,’†‹–€ŒSº˜a’¬¼ğ,375-6,,
19384-0900-11.zip,202202141041,’†‹–€ŒSº˜a’¬¼ğ,375-7,,
19384-0900-11.zip,202202141041,’†‹–€ŒSº˜a’¬¼ğ,375-8,,
19384-0900-11.zip,202202141041,’†‹–€ŒSº˜a’¬¼ğ,375-9,,
19384-0900-11.zip,202202141041,’†‹–€ŒSº˜a’¬¼ğ,375-11,,
19384-0900-11.zip,202202141041,’†‹–€ŒSº˜a’¬¼ğ,377-1,,
19384-0900-11.zip,202202141041,’†‹–€ŒSº˜a’¬¼ğ,377-2,,
19384-0900-11.zip,202202141041,’†‹–€ŒSº˜a’¬¼ğ,378-1,,
19384-0900-11.zip,202202141041,’†‹–€ŒSº˜a’¬¼ğ,378-2,,
19384-0900-11.zip,202202141041,’†‹–€ŒSº˜a’¬¼ğ,379,,
19384-0900-11.zip,202202141041,’†‹–€ŒSº˜a’¬¼ğ,380-2,,
19384-0900-11.zip,202202141041,’†‹–€ŒSº˜a’¬¼ğ,380-3,,
19384-0900-11.zip,202202141041,’†‹–€ŒSº˜a’¬¼ğ,380-4,,
19384-0900-11.zip,202202141041,’†‹–€ŒSº˜a’¬¼ğ,381-1,,
19384-0900-11.zip,202202141041,’†‹–€ŒSº˜a’¬¼ğ,381-2,,
19384-0900-11.zip,202202141041,’†‹–€ŒSº˜a’¬¼ğ,381-4,,
19384-0900-11.zip,202202141041,’†‹–€ŒSº˜a’¬¼ğ,381-6,,
19384-0900-11.zip,202202141041,’†‹–€ŒSº˜a’¬¼ğ,381-8,,
19384-0900-11.zip,202202141041,’†‹–€ŒSº˜a’¬¼ğ,382,,
19384-0900-11.zip,202202141041,’†‹–€ŒSº˜a’¬¼ğ,383,,
19384-0900-11.zip,202202141041,’†‹–€ŒSº˜a’¬¼ğ,384-1,,
19384-0900-11.zip,202202141041,’†‹–€ŒSº˜a’¬¼ğ,384-2,,
19384-0900-11.zip,202202141041,’†‹–€ŒSº˜a’¬¼ğ,384-3,,
19384-0900-11.zip,202202141041,’†‹–€ŒSº˜a’¬¼ğ,384-5,,
19384-0900-11.zip,202202141041,’†‹–€ŒSº˜a’¬¼ğ,384-6,,
19384-0900-11.zip,202202141041,’†‹–€ŒSº˜a’¬¼ğ,385-1,,
19384-0900-11.zip,202202141041,’†‹–€ŒSº˜a’¬¼ğ,385-2,,
19384-0900-11.zip,202202141041,’†‹–€ŒSº˜a’¬¼ğ,385-3,,
19384-0900-11.zip,202202141041,’†‹–€ŒSº˜a’¬¼ğ,385-4,,
19384-0900-11.zip,202202141041,’†‹–€ŒSº˜a’¬¼ğ,386-1,,
19384-0900-11.zip,202202141041,’†‹–€ŒSº˜a’¬¼ğ,386-3,,
19384-0900-11.zip,202202141041,’†‹–€ŒSº˜a’¬¼ğ,386-4,,
19384-0900-11.zip,202202141041,’†‹–€ŒSº˜a’¬¼ğ,387-1,,
19384-0900-11.zip,202202141041,’†‹–€ŒSº˜a’¬¼ğ,387-3,,
19384-0900-11.zip,202202141041,’†‹–€ŒSº˜a’¬¼ğ,388-1,,
19384-0900-11.zip,202202141041,’†‹–€ŒSº˜a’¬¼ğ,388-2,,
19384-0900-11.zip,202202141041,’†‹–€ŒSº˜a’¬¼ğ,388-3,,
19384-0900-11.zip,202202141041,’†‹–€ŒSº˜a’¬¼ğ,389-1,,
19384-0900-11.zip,202202141041,’†‹–€ŒSº˜a’¬¼ğ,389-2,,
19384-0900-11.zip,202202141041,’†‹–€ŒSº˜a’¬¼ğ,390-1,,
19384-0900-11.zip,202202141041,’†‹–€ŒSº˜a’¬¼ğ,390-2,,
19384-0900-11.zip,202202141041,’†‹–€ŒSº˜a’¬¼ğ,390-3,,
19384-0900-11.zip,202202141041,’†‹–€ŒSº˜a’¬¼ğ,392,,
19384-0900-11.zip,202202141041,’†‹–€ŒSº˜a’¬¼ğ,393-1,,
19384-0900-11.zip,202202141041,’†‹–€ŒSº˜a’¬¼ğ,394-1,,
19384-0900-11.zip,202202141041,’†‹–€ŒSº˜a’¬¼ğ,395-1,,
19384-0900-11.zip,202202141041,’†‹–€ŒSº˜a’¬¼ğ,396-1,,
19384-0900-11.zip,202202141041,’†‹–€ŒSº˜a’¬¼ğ,396-2,,
19384-0900-11.zip,202202141041,’†‹–€ŒSº˜a’¬¼ğ,396-3,,
19384-0900-11.zip,202202141041,’†‹–€ŒSº˜a’¬¼ğ,396-4,,
19384-0900-11.zip,202202141041,’†‹–€ŒSº˜a’¬¼ğ,396-5,,
19384-0900-11.zip,202202141041,’†‹–€ŒSº˜a’¬¼ğ,396-6,,
19384-0900-11.zip,202202141041,’†‹–€ŒSº˜a’¬¼ğ,396-7,,
19384-0900-11.zip,202202141041,’†‹–€ŒSº˜a’¬¼ğ,396-8,,
19384-0900-11.zip,202202141041,’†‹–€ŒSº˜a’¬¼ğ,396-9,,
19384-0900-11.zip,202202141041,’†‹–€ŒSº˜a’¬¼ğ,396-10,,
19384-0900-11.zip,202202141041,’†‹–€ŒSº˜a’¬¼ğ,396-11,,
19384-0900-11.zip,202202141041,’†‹–€ŒSº˜a’¬¼ğ,396-12,,
19384-0900-11.zip,202202141041,’†‹–€ŒSº˜a’¬¼ğ,396-13,,
19384-0900-11.zip,202202141041,’†‹–€ŒSº˜a’¬¼ğ,396-14,,
19384-0900-11.zip,202202141041,’†‹–€ŒSº˜a’¬¼ğ,396-15,,
19384-0900-11.zip,202202141041,’†‹–€ŒSº˜a’¬¼ğ,396-16,,
19384-0900-11.zip,202202141041,’†‹–€ŒSº˜a’¬¼ğ,397-2,,
19384-0900-11.zip,202202141041,’†‹–€ŒSº˜a’¬¼ğ,398-1,,
19384-0900-11.zip,202202141041,’†‹–€ŒSº˜a’¬¼ğ,398-2,,
19384-0900-11.zip,202202141041,’†‹–€ŒSº˜a’¬¼ğ,399-1,,
19384-0900-11.zip,202202141041,’†‹–€ŒSº˜a’¬¼ğ,400-1,,
19384-0900-11.zip,202202141041,’†‹–€ŒSº˜a’¬¼ğ,401-1,,
19384-0900-11.zip,202202141041,’†‹–€ŒSº˜a’¬¼ğ,402-2,,
19384-0900-11.zip,202202141041,’†‹–€ŒSº˜a’¬¼ğ,402-4,,
19384-0900-11.zip,202202141041,’†‹–€ŒSº˜a’¬¼ğ,402-5,,
19384-0900-11.zip,202202141041,’†‹–€ŒSº˜a’¬¼ğ,402-6,,
19384-0900-11.zip,202202141041,’†‹–€ŒSº˜a’¬¼ğ,402-7,,
19384-0900-11.zip,202202141041,’†‹–€ŒSº˜a’¬¼ğ,402-8,,
19384-0900-11.zip,202202141041,’†‹–€ŒSº˜a’¬¼ğ,402-9,,
19384-0900-11.zip,202202141041,’†‹–€ŒSº˜a’¬¼ğ,402-10,,
19384-0900-11.zip,202202141041,’†‹–€ŒSº˜a’¬¼ğ,402-11,,
19384-0900-11.zip,202202141041,’†‹–€ŒSº˜a’¬¼ğ,402-12,,
19384-0900-11.zip,202202141041,’†‹–€ŒSº˜a’¬¼ğ,402-13,,
19384-0900-11.zip,202202141041,’†‹–€ŒSº˜a’¬¼ğ,403-1,,
19384-0900-11.zip,202202141041,’†‹–€ŒSº˜a’¬¼ğ,403-2,,
19384-0900-11.zip,202202141041,’†‹–€ŒSº˜a’¬¼ğ,404-1,,
19384-0900-11.zip,202202141041,’†‹–€ŒSº˜a’¬¼ğ,405-1,,
19384-0900-11.zip,202202141041,’†‹–€ŒSº˜a’¬¼ğ,406,,
19384-0900-11.zip,202202141041,’†‹–€ŒSº˜a’¬¼ğ,407,,
19384-0900-11.zip,202202141041,’†‹–€ŒSº˜a’¬¼ğ,408,,
19384-0900-11.zip,202202141041,’†‹–€ŒSº˜a’¬¼ğ,409,,
19384-0900-11.zip,202202141041,’†‹–€ŒSº˜a’¬¼ğ,410,,
19384-0900-11.zip,202202141041,’†‹–€ŒSº˜a’¬¼ğ,411-1,,
19384-0900-11.zip,202202141041,’†‹–€ŒSº˜a’¬¼ğ,412-1,,
19384-0900-11.zip,202202141041,’†‹–€ŒSº˜a’¬¼ğ,414-1,,
19384-0900-11.zip,202202141041,’†‹–€ŒSº˜a’¬¼ğ,415-1,,
19384-0900-11.zip,202202141041,’†‹–€ŒSº˜a’¬¼ğ,415-3,,
19384-0900-11.zip,202202141041,’†‹–€ŒSº˜a’¬¼ğ,416-1,,
19384-0900-11.zip,202202141041,’†‹–€ŒSº˜a’¬¼ğ,417-1,,
19384-0900-11.zip,202202141041,’†‹–€ŒSº˜a’¬¼ğ,417-2,,
19384-0900-11.zip,202202141041,’†‹–€ŒSº˜a’¬¼ğ,417-4,,
19384-0900-11.zip,202202141041,’†‹–€ŒSº˜a’¬¼ğ,417-5,,
19384-0900-11.zip,202202141041,’†‹–€ŒSº˜a’¬¼ğ,417-7,,
19384-0900-11.zip,202202141041,’†‹–€ŒSº˜a’¬¼ğ,419-2,,
19384-0900-11.zip,202202141041,’†‹–€ŒSº˜a’¬¼ğ,420-1,,
19384-0900-11.zip,202202141041,’†‹–€ŒSº˜a’¬¼ğ,420-2,,
19384-0900-11.zip,202202141041,’†‹–€ŒSº˜a’¬¼ğ,420-3,,
19384-0900-11.zip,202202141041,’†‹–€ŒSº˜a’¬¼ğ,422-1,,
19384-0900-11.zip,202202141041,’†‹–€ŒSº˜a’¬¼ğ,422-2,,
19384-0900-11.zip,202202141041,’†‹–€ŒSº˜a’¬¼ğ,422-5,,
19384-0900-11.zip,202202141041,’†‹–€ŒSº˜a’¬¼ğ,422-6,,
19384-0900-11.zip,202202141041,’†‹–€ŒSº˜a’¬¼ğ,422-7,,
19384-0900-11.zip,202202141041,’†‹–€ŒSº˜a’¬¼ğ,422-8,,
19384-0900-11.zip,202202141041,’†‹–€ŒSº˜a’¬¼ğ,422-11,,
19384-0900-11.zip,202202141041,’†‹–€ŒSº˜a’¬¼ğ,422-12,,
19384-0900-11.zip,202202141041,’†‹–€ŒSº˜a’¬¼ğ,422-13,,
19384-0900-11.zip,202202141041,’†‹–€ŒSº˜a’¬¼ğ,422-16,,
19384-0900-11.zip,202202141041,’†‹–€ŒSº˜a’¬¼ğ,422-17,,
19384-0900-11.zip,202202141041,’†‹–€ŒSº˜a’¬¼ğ,422-18,,
19384-0900-11.zip,202202141041,’†‹–€ŒSº˜a’¬¼ğ,422-19,,
19384-0900-11.zip,202202141041,’†‹–€ŒSº˜a’¬¼ğ,422-20,,
19384-0900-11.zip,202202141041,’†‹–€ŒSº˜a’¬¼ğ,424-3,,
19384-0900-11.zip,202202141041,’†‹–€ŒSº˜a’¬¼ğ,430,,
19384-0900-11.zip,202202141041,’†‹–€ŒSº˜a’¬¼ğ,431-1,,
19384-0900-11.zip,202202141041,’†‹–€ŒSº˜a’¬¼ğ,431-4,,
19384-0900-11.zip,202202141041,’†‹–€ŒSº˜a’¬¼ğ,431-6,,
19384-0900-11.zip,202202141041,’†‹–€ŒSº˜a’¬¼ğ,431-7,,
19384-0900-11.zip,202202141041,’†‹–€ŒSº˜a’¬¼ğ,431-8,,
19384-0900-11.zip,202202141041,’†‹–€ŒSº˜a’¬¼ğ,433-1,,
19384-0900-11.zip,202202141041,’†‹–€ŒSº˜a’¬¼ğ,433-2,,
19384-0900-11.zip,202202141041,’†‹–€ŒSº˜a’¬¼ğ,437-1,,
19384-0900-11.zip,202202141041,’†‹–€ŒSº˜a’¬¼ğ,439-2,,
19384-0900-11.zip,202202141041,’†‹–€ŒSº˜a’¬¼ğ,440-1,,
19384-0900-11.zip,202202141041,’†‹–€ŒSº˜a’¬¼ğ,440-2,,
19384-0900-11.zip,202202141041,’†‹–€ŒSº˜a’¬¼ğ,440-4,,
19384-0900-11.zip,202202141041,’†‹–€ŒSº˜a’¬¼ğ,441,,
19384-0900-11.zip,202202141041,’†‹–€ŒSº˜a’¬¼ğ,442,,
19384-0900-11.zip,202202141041,’†‹–€ŒSº˜a’¬¼ğ,443-2,,
19384-0900-11.zip,202202141041,’†‹–€ŒSº˜a’¬¼ğ,444-1,,
19384-0900-11.zip,202202141041,’†‹–€ŒSº˜a’¬¼ğ,444-2,,
19384-0900-11.zip,202202141041,’†‹–€ŒSº˜a’¬¼ğ,445-1,,
19384-0900-11.zip,202202141041,’†‹–€ŒSº˜a’¬¼ğ,445-3,,
19384-0900-11.zip,202202141041,’†‹–€ŒSº˜a’¬¼ğ,446-1,,
19384-0900-11.zip,202202141041,’†‹–€ŒSº˜a’¬¼ğ,446-3,,
19384-0900-11.zip,202202141041,’†‹–€ŒSº˜a’¬¼ğ,446-4,,
19384-0900-11.zip,202202141041,’†‹–€ŒSº˜a’¬¼ğ,446-5,,
19384-0900-11.zip,202202141041,’†‹–€ŒSº˜a’¬¼ğ,446-6,,
19384-0900-11.zip,202202141041,’†‹–€ŒSº˜a’¬¼ğ,451-1,,
19384-0900-11.zip,202202141041,’†‹–€ŒSº˜a’¬¼ğ,451-5,,
19384-0900-11.zip,202202141041,’†‹–€ŒSº˜a’¬¼ğ,452-1,,
19384-0900-11.zip,202202141041,’†‹–€ŒSº˜a’¬¼ğ,452-3,,
19384-0900-11.zip,202202141041,’†‹–€ŒSº˜a’¬¼ğ,452-4,,
19384-0900-11.zip,202202141041,’†‹–€ŒSº˜a’¬¼ğ,453,,
19384-0900-11.zip,202202141041,’†‹–€ŒSº˜a’¬¼ğ,456-1,,
19384-0900-11.zip,202202141041,’†‹–€ŒSº˜a’¬¼ğ,456-2,,
19384-0900-11.zip,202202141041,’†‹–€ŒSº˜a’¬¼ğ,457-1,,
19384-0900-11.zip,202202141041,’†‹–€ŒSº˜a’¬¼ğ,457-2,,
19384-0900-11.zip,202202141041,’†‹–€ŒSº˜a’¬¼ğ,457-3,,
19384-0900-11.zip,202202141041,’†‹–€ŒSº˜a’¬¼ğ,458-1,,
19384-0900-11.zip,202202141041,’†‹–€ŒSº˜a’¬¼ğ,459-2,,
19384-0900-11.zip,202202141041,’†‹–€ŒSº˜a’¬¼ğ,459-3,,
19384-0900-11.zip,202202141041,’†‹–€ŒSº˜a’¬¼ğ,461-1,,
19384-0900-11.zip,202202141041,’†‹–€ŒSº˜a’¬¼ğ,461-2,,
19384-0900-11.zip,202202141041,’†‹–€ŒSº˜a’¬¼ğ,462-1,,
19384-0900-11.zip,202202141041,’†‹–€ŒSº˜a’¬¼ğ,462-2,,
19384-0900-11.zip,202202141041,’†‹–€ŒSº˜a’¬¼ğ,462-3,,
19384-0900-11.zip,202202141041,’†‹–€ŒSº˜a’¬¼ğ,462-4,,
19384-0900-11.zip,202202141041,’†‹–€ŒSº˜a’¬¼ğ,462-5,,
19384-0900-11.zip,202202141041,’†‹–€ŒSº˜a’¬¼ğ,462-6,,
19384-0900-11.zip,202202141041,’†‹–€ŒSº˜a’¬¼ğ,462-7,,
19384-0900-11.zip,202202141041,’†‹–€ŒSº˜a’¬¼ğ,463-1,,
19384-0900-11.zip,202202141041,’†‹–€ŒSº˜a’¬¼ğ,463-3,,
19384-0900-11.zip,202202141041,’†‹–€ŒSº˜a’¬¼ğ,464,,
19384-0900-11.zip,202202141041,’†‹–€ŒSº˜a’¬¼ğ,465-1,,
19384-0900-11.zip,202202141041,’†‹–€ŒSº˜a’¬¼ğ,465-2,,
19384-0900-11.zip,202202141041,’†‹–€ŒSº˜a’¬¼ğ,465-3,,
19384-0900-11.zip,202202141041,’†‹–€ŒSº˜a’¬¼ğ,466-1,,
19384-0900-11.zip,202202141041,’†‹–€ŒSº˜a’¬¼ğ,466-2,,
19384-0900-11.zip,202202141041,’†‹–€ŒSº˜a’¬¼ğ,467-1,,
19384-0900-11.zip,202202141041,’†‹–€ŒSº˜a’¬¼ğ,467-2,,
19384-0900-11.zip,202202141041,’†‹–€ŒSº˜a’¬¼ğ,468-1,,
19384-0900-11.zip,202202141041,’†‹–€ŒSº˜a’¬¼ğ,468-2,,
19384-0900-11.zip,202202141041,’†‹–€ŒSº˜a’¬¼ğ,554-5,,
19384-0900-11.zip,202202141041,’†‹–€ŒSº˜a’¬¼ğ,•MŠE–¢’è’n-27,’†‹–€ŒSº˜a’¬¼ğ,286-4
19384-0900-11.zip,202202141041,’†‹–€ŒSº˜a’¬¼ğ,•MŠE–¢’è’n-27,’†‹–€ŒSº˜a’¬¼ğ,293-1
19384-0900-11.zip,202202141041,’†‹–€ŒSº˜a’¬¼ğ,•MŠE–¢’è’n-27,’†‹–€ŒSº˜a’¬¼ğ,…-31
19384-0900-11.zip,202202141041,’†‹–€ŒSº˜a’¬¼ğ,•MŠE–¢’è’n-28,’†‹–€ŒSº˜a’¬¼ğ,268-4
19384-0900-11.zip,202202141041,’†‹–€ŒSº˜a’¬¼ğ,•MŠE–¢’è’n-28,’†‹–€ŒSº˜a’¬¼ğ,268-5
19384-0900-11.zip,202202141041,’†‹–€ŒSº˜a’¬¼ğ,“¹-10,,
19384-0900-11.zip,202202141041,’†‹–€ŒSº˜a’¬¼ğ,“¹-12,,
19384-0900-11.zip,202202141041,’†‹–€ŒSº˜a’¬¼ğ,“¹-23,,
19384-0900-11.zip,202202141041,’†‹–€ŒSº˜a’¬¼ğ,“¹-28,,
19384-0900-11.zip,202202141041,’†‹–€ŒSº˜a’¬¼ğ,“¹-45,,
19384-0900-11.zip,202202141041,’†‹–€ŒSº˜a’¬¼ğ,“¹-51,,
19384-0900-11.zip,202202141041,’†‹–€ŒSº˜a’¬¼ğ,“¹-52,,
19384-0900-11.zip,202202141041,’†‹–€ŒSº˜a’¬¼ğ,“¹-142,,
19384-0900-11.zip,202202141041,’†‹–€ŒSº˜a’¬¼ğ,“¹-163,,
19384-0900-11.zip,202202141041,’†‹–€ŒSº˜a’¬¼ğ,“¹-180,,
19384-0900-11.zip,202202141041,’†‹–€ŒSº˜a’¬¼ğ,“¹-202,,
19384-0900-11.zip,202202141041,’†‹–€ŒSº˜a’¬¼ğ,“¹-225,,
19384-0900-11.zip,202202141041,’†‹–€ŒSº˜a’¬¼ğ,“¹-228,,
19384-0900-11.zip,202202141041,’†‹–€ŒSº˜a’¬¼ğ,“¹-258,,
19384-0900-11.zip,202202141041,’†‹–€ŒSº˜a’¬¼ğ,“¹-275,,
19384-0900-11.zip,202202141041,’†‹–€ŒSº˜a’¬¼ğ,“¹-282,,
19384-0900-11.zip,202202141041,’†‹–€ŒSº˜a’¬¼ğ,“¹-286,,
19384-0900-11.zip,202202141041,’†‹–€ŒSº˜a’¬¼ğ,“¹-288,,
19384-0900-11.zip,202202141041,’†‹–€ŒSº˜a’¬¼ğ,“¹-289,,
19384-0900-11.zip,202202141041,’†‹–€ŒSº˜a’¬¼ğ,…-12,,
19384-0900-11.zip,202202141041,’†‹–€ŒSº˜a’¬¼ğ,…-24,,
19384-0900-11.zip,202202141041,’†‹–€ŒSº˜a’¬¼ğ,…-26,,
19384-0900-11.zip,202202141041,’†‹–€ŒSº˜a’¬¼ğ,…-28,,
19384-0900-11.zip,202202141041,’†‹–€ŒSº˜a’¬¼ğ,…-29,,
19384-0900-11.zip,202202141041,’†‹–€ŒSº˜a’¬¼ğ,…-30,,
19384-0900-11.zip,202202141041,’†‹–€ŒSº˜a’¬¼ğ,…-68,,
19384-0900-11.zip,202202141041,’†‹–€ŒSº˜a’¬¼ğ,…-155,,
19384-0900-11.zip,202202141041,’†‹–€ŒSº˜a’¬¼ğ,…-212,,
19384-0900-11.zip,202202141041,’†‹–€ŒSº˜a’¬¼ğ,…-226,,
19384-0900-11.zip,202202141041,’†‹–€ŒSº˜a’¬¼ğ,…-251,,
19384-0900-11.zip,202202141041,’†‹–€ŒSº˜a’¬¼ğ,…-273,,
19384-0900-11.zip,202202141041,’†‹–€ŒSº˜a’¬¼ğ,…-294,,
19384-0900-11.zip,202202141041,’†‹–€ŒSº˜a’¬¼ğ,…-309,,
19384-0900-11.zip,202202141041,’†‹–€ŒSº˜a’¬¼ğ,…-342,,
19384-0900-11.zip,202202141041,’†‹–€ŒSº˜a’¬¼ğ,…-349,,
19384-0900-11.zip,202202141041,’†‹–€ŒSº˜a’¬¼ğ,…-354,,
19384-0900-11.zip,202202141041,’†‹–€ŒSº˜a’¬¼ğ,…-362,,
19384-0900-11.zip,202202141041,’†‹–€ŒSº˜a’¬¼ğ,…-365,,
19384-0900-11.zip,202202141041,’†‹–€ŒSº˜a’¬¼ğ,…-370,,
19384-0900-11.zip,202202141041,’†‹–€ŒSº˜a’¬¼ğ,…-372,,
19384-0900-11.zip,202202141041,’†‹–€ŒSº˜a’¬¼ğ,…-373,,
19384-0900-11.zip,202202141041,’†‹–€ŒSº˜a’¬¼ğ,417-10,,
19384-0900-11.zip,202202141041,’†‹–€ŒSº˜a’¬¼ğ,’·‹·•¨•s–¾-102,,
19384-0900-11.zip,202202141041,’†‹–€ŒSº˜a’¬¼ğ,’·‹·•¨•s–¾-125,,
19384-0900-11.zip,202202141041,’†‹–€ŒSº˜a’¬¼ğ,469-1,,
19384-0900-11.zip,202202141041,’†‹–€ŒSº˜a’¬¼ğ,470-3,,
19384-0900-11.zip,202202141041,’†‹–€ŒSº˜a’¬¼ğ,470-4,,
19384-0900-11.zip,202202141041,’†‹–€ŒSº˜a’¬¼ğ,470-5,,
19384-0900-11.zip,202202141041,’†‹–€ŒSº˜a’¬¼ğ,471-3,,
19384-0900-11.zip,202202141041,’†‹–€ŒSº˜a’¬¼ğ,471-4,,
19384-0900-11.zip,202202141041,’†‹–€ŒSº˜a’¬¼ğ,472-1,,
19384-0900-11.zip,202202141041,’†‹–€ŒSº˜a’¬¼ğ,474-1,,
19384-0900-11.zip,202202141041,’†‹–€ŒSº˜a’¬¼ğ,474-2,,
19384-0900-11.zip,202202141041,’†‹–€ŒSº˜a’¬¼ğ,474-3,,
19384-0900-11.zip,202202141041,’†‹–€ŒSº˜a’¬¼ğ,474-4,,
19384-0900-11.zip,202202141041,’†‹–€ŒSº˜a’¬¼ğ,474-5,,
19384-0900-11.zip,202202141041,’†‹–€ŒSº˜a’¬¼ğ,474-6,,
19384-0900-11.zip,202202141041,’†‹–€ŒSº˜a’¬¼ğ,476-4,,
19384-0900-11.zip,202202141041,’†‹–€ŒSº˜a’¬¼ğ,477-1,,
19384-0900-11.zip,202202141041,’†‹–€ŒSº˜a’¬¼ğ,477-3,,
19384-0900-11.zip,202202141041,’†‹–€ŒSº˜a’¬¼ğ,477-4,,
19384-0900-11.zip,202202141041,’†‹–€ŒSº˜a’¬¼ğ,477-5,,
19384-0900-11.zip,202202141041,’†‹–€ŒSº˜a’¬¼ğ,477-9,,
19384-0900-11.zip,202202141041,’†‹–€ŒSº˜a’¬¼ğ,477-10,,
19384-0900-11.zip,202202141041,’†‹–€ŒSº˜a’¬¼ğ,482-2,,
19384-0900-11.zip,202202141041,’†‹–€ŒSº˜a’¬¼ğ,483-2,,
19384-0900-11.zip,202202141041,’†‹–€ŒSº˜a’¬¼ğ,484-1,,
19384-0900-11.zip,202202141041,’†‹–€ŒSº˜a’¬¼ğ,484-2,,
19384-0900-11.zip,202202141041,’†‹–€ŒSº˜a’¬¼ğ,484-3,,
19384-0900-11.zip,202202141041,’†‹–€ŒSº˜a’¬¼ğ,484-5,,
19384-0900-11.zip,202202141041,’†‹–€ŒSº˜a’¬¼ğ,484-6,,
19384-0900-11.zip,202202141041,’†‹–€ŒSº˜a’¬¼ğ,485,,
19384-0900-11.zip,202202141041,’†‹–€ŒSº˜a’¬¼ğ,485-2,,
19384-0900-11.zip,202202141041,’†‹–€ŒSº˜a’¬¼ğ,486-1,,
19384-0900-11.zip,202202141041,’†‹–€ŒSº˜a’¬¼ğ,486-2,,
19384-0900-11.zip,202202141041,’†‹–€ŒSº˜a’¬¼ğ,486-3,,
19384-0900-11.zip,202202141041,’†‹–€ŒSº˜a’¬¼ğ,487-1,,
19384-0900-11.zip,202202141041,’†‹–€ŒSº˜a’¬¼ğ,487-2,,
19384-0900-11.zip,202202141041,’†‹–€ŒSº˜a’¬¼ğ,488,,
19384-0900-11.zip,202202141041,’†‹–€ŒSº˜a’¬¼ğ,489,,
19384-0900-11.zip,202202141041,’†‹–€ŒSº˜a’¬¼ğ,490,,
19384-0900-11.zip,202202141041,’†‹–€ŒSº˜a’¬¼ğ,491,,
19384-0900-11.zip,202202141041,’†‹–€ŒSº˜a’¬¼ğ,492,,
19384-0900-11.zip,202202141041,’†‹–€ŒSº˜a’¬¼ğ,493,,
19384-0900-11.zip,202202141041,’†‹–€ŒSº˜a’¬¼ğ,494-1,,
19384-0900-11.zip,202202141041,’†‹–€ŒSº˜a’¬¼ğ,495-1,,
19384-0900-11.zip,202202141041,’†‹–€ŒSº˜a’¬¼ğ,495-2,,
19384-0900-11.zip,202202141041,’†‹–€ŒSº˜a’¬¼ğ,495-3,,
19384-0900-11.zip,202202141041,’†‹–€ŒSº˜a’¬¼ğ,495-4,,
19384-0900-11.zip,202202141041,’†‹–€ŒSº˜a’¬¼ğ,496-3,,
19384-0900-11.zip,202202141041,’†‹–€ŒSº˜a’¬¼ğ,496-4,,
19384-0900-11.zip,202202141041,’†‹–€ŒSº˜a’¬¼ğ,497,,
19384-0900-11.zip,202202141041,’†‹–€ŒSº˜a’¬¼ğ,498,,
19384-0900-11.zip,202202141041,’†‹–€ŒSº˜a’¬¼ğ,500-5,,
19384-0900-11.zip,202202141041,’†‹–€ŒSº˜a’¬¼ğ,503-1,,
19384-0900-11.zip,202202141041,’†‹–€ŒSº˜a’¬¼ğ,503-2,,
19384-0900-11.zip,202202141041,’†‹–€ŒSº˜a’¬¼ğ,503-3,,
19384-0900-11.zip,202202141041,’†‹–€ŒSº˜a’¬¼ğ,503-4,,
19384-0900-11.zip,202202141041,’†‹–€ŒSº˜a’¬¼ğ,504,,
19384-0900-11.zip,202202141041,’†‹–€ŒSº˜a’¬¼ğ,504-2,,
19384-0900-11.zip,202202141041,’†‹–€ŒSº˜a’¬¼ğ,505,,
19384-0900-11.zip,202202141041,’†‹–€ŒSº˜a’¬¼ğ,507-2,,
19384-0900-11.zip,202202141041,’†‹–€ŒSº˜a’¬¼ğ,510-1,,
19384-0900-11.zip,202202141041,’†‹–€ŒSº˜a’¬¼ğ,510-7,,
19384-0900-11.zip,202202141041,’†‹–€ŒSº˜a’¬¼ğ,512-1,,
19384-0900-11.zip,202202141041,’†‹–€ŒSº˜a’¬¼ğ,513-1,,
19384-0900-11.zip,202202141041,’†‹–€ŒSº˜a’¬¼ğ,513-2,,
19384-0900-11.zip,202202141041,’†‹–€ŒSº˜a’¬¼ğ,513-3,,
19384-0900-11.zip,202202141041,’†‹–€ŒSº˜a’¬¼ğ,513-4,,
19384-0900-11.zip,202202141041,’†‹–€ŒSº˜a’¬¼ğ,513-5,,
19384-0900-11.zip,202202141041,’†‹–€ŒSº˜a’¬¼ğ,513-6,,
19384-0900-11.zip,202202141041,’†‹–€ŒSº˜a’¬¼ğ,513-7,,
19384-0900-11.zip,202202141041,’†‹–€ŒSº˜a’¬¼ğ,514-2,,
19384-0900-11.zip,202202141041,’†‹–€ŒSº˜a’¬¼ğ,516-2,,
19384-0900-11.zip,202202141041,’†‹–€ŒSº˜a’¬¼ğ,516-4,,
19384-0900-11.zip,202202141041,’†‹–€ŒSº˜a’¬¼ğ,516-5,,
19384-0900-11.zip,202202141041,’†‹–€ŒSº˜a’¬¼ğ,516-6,,
19384-0900-11.zip,202202141041,’†‹–€ŒSº˜a’¬¼ğ,517-1,,
19384-0900-11.zip,202202141041,’†‹–€ŒSº˜a’¬¼ğ,517-3,,
19384-0900-11.zip,202202141041,’†‹–€ŒSº˜a’¬¼ğ,517-4,,
19384-0900-11.zip,202202141041,’†‹–€ŒSº˜a’¬¼ğ,517-5,,
19384-0900-11.zip,202202141041,’†‹–€ŒSº˜a’¬¼ğ,519-1,,
19384-0900-11.zip,202202141041,’†‹–€ŒSº˜a’¬¼ğ,519-2,,
19384-0900-11.zip,202202141041,’†‹–€ŒSº˜a’¬¼ğ,520,,
19384-0900-11.zip,202202141041,’†‹–€ŒSº˜a’¬¼ğ,521-1,,
19384-0900-11.zip,202202141041,’†‹–€ŒSº˜a’¬¼ğ,521-4,,
19384-0900-11.zip,202202141041,’†‹–€ŒSº˜a’¬¼ğ,521-7,,
19384-0900-11.zip,202202141041,’†‹–€ŒSº˜a’¬¼ğ,522-1,,
19384-0900-11.zip,202202141041,’†‹–€ŒSº˜a’¬¼ğ,522-3,,
19384-0900-11.zip,202202141041,’†‹–€ŒSº˜a’¬¼ğ,522-4,,
19384-0900-11.zip,202202141041,’†‹–€ŒSº˜a’¬¼ğ,522-5,,
19384-0900-11.zip,202202141041,’†‹–€ŒSº˜a’¬¼ğ,522-6,,
19384-0900-11.zip,202202141041,’†‹–€ŒSº˜a’¬¼ğ,522-7,,
19384-0900-11.zip,202202141041,’†‹–€ŒSº˜a’¬¼ğ,522-8,,
19384-0900-11.zip,202202141041,’†‹–€ŒSº˜a’¬¼ğ,523-1,,
19384-0900-11.zip,202202141041,’†‹–€ŒSº˜a’¬¼ğ,523-3,,
19384-0900-11.zip,202202141041,’†‹–€ŒSº˜a’¬¼ğ,523-4,,
19384-0900-11.zip,202202141041,’†‹–€ŒSº˜a’¬¼ğ,523-5,,
19384-0900-11.zip,202202141041,’†‹–€ŒSº˜a’¬¼ğ,523-6,,
19384-0900-11.zip,202202141041,’†‹–€ŒSº˜a’¬¼ğ,532-1,,
19384-0900-11.zip,202202141041,’†‹–€ŒSº˜a’¬¼ğ,532-4,,
19384-0900-11.zip,202202141041,’†‹–€ŒSº˜a’¬¼ğ,532-5,,
19384-0900-11.zip,202202141041,’†‹–€ŒSº˜a’¬¼ğ,532-6,,
19384-0900-11.zip,202202141041,’†‹–€ŒSº˜a’¬¼ğ,533-1,,
19384-0900-11.zip,202202141041,’†‹–€ŒSº˜a’¬¼ğ,533-2,,
19384-0900-11.zip,202202141041,’†‹–€ŒSº˜a’¬¼ğ,533-3,,
19384-0900-11.zip,202202141041,’†‹–€ŒSº˜a’¬¼ğ,533-5,,
19384-0900-11.zip,202202141041,’†‹–€ŒSº˜a’¬¼ğ,533-6,,
19384-0900-11.zip,202202141041,’†‹–€ŒSº˜a’¬¼ğ,533-7,,
19384-0900-11.zip,202202141041,’†‹–€ŒSº˜a’¬¼ğ,533-8,,
19384-0900-11.zip,202202141041,’†‹–€ŒSº˜a’¬¼ğ,533-9,,
19384-0900-11.zip,202202141041,’†‹–€ŒSº˜a’¬¼ğ,533-10,,
19384-0900-11.zip,202202141041,’†‹–€ŒSº˜a’¬¼ğ,533-11,,
19384-0900-11.zip,202202141041,’†‹–€ŒSº˜a’¬¼ğ,533-13,,
19384-0900-11.zip,202202141041,’†‹–€ŒSº˜a’¬¼ğ,533-15,,
19384-0900-11.zip,202202141041,’†‹–€ŒSº˜a’¬¼ğ,533-16,,
19384-0900-11.zip,202202141041,’†‹–€ŒSº˜a’¬¼ğ,542,,
19384-0900-11.zip,202202141041,’†‹–€ŒSº˜a’¬¼ğ,548-3,,
19384-0900-11.zip,202202141041,’†‹–€ŒSº˜a’¬¼ğ,549-1,,
19384-0900-11.zip,202202141041,’†‹–€ŒSº˜a’¬¼ğ,550-2,,
19384-0900-11.zip,202202141041,’†‹–€ŒSº˜a’¬¼ğ,550-3,,
19384-0900-11.zip,202202141041,’†‹–€ŒSº˜a’¬¼ğ,550-4,,
19384-0900-11.zip,202202141041,’†‹–€ŒSº˜a’¬¼ğ,550-5,,
19384-0900-11.zip,202202141041,’†‹–€ŒSº˜a’¬¼ğ,551-1,,
19384-0900-11.zip,202202141041,’†‹–€ŒSº˜a’¬¼ğ,551-2,,
19384-0900-11.zip,202202141041,’†‹–€ŒSº˜a’¬¼ğ,551-3,,
19384-0900-11.zip,202202141041,’†‹–€ŒSº˜a’¬¼ğ,551-7,,
19384-0900-11.zip,202202141041,’†‹–€ŒSº˜a’¬¼ğ,553-2,,
19384-0900-11.zip,202202141041,’†‹–€ŒSº˜a’¬¼ğ,553-4,,
19384-0900-11.zip,202202141041,’†‹–€ŒSº˜a’¬¼ğ,553-5,,
19384-0900-11.zip,202202141041,’†‹–€ŒSº˜a’¬¼ğ,553-6,,
19384-0900-11.zip,202202141041,’†‹–€ŒSº˜a’¬¼ğ,554-1,,
19384-0900-11.zip,202202141041,’†‹–€ŒSº˜a’¬¼ğ,554-2,,
19384-0900-11.zip,202202141041,’†‹–€ŒSº˜a’¬¼ğ,554-4,,
19384-0900-11.zip,202202141041,’†‹–€ŒSº˜a’¬¼ğ,554-6,,
19384-0900-11.zip,202202141041,’†‹–€ŒSº˜a’¬¼ğ,555-1,,
19384-0900-11.zip,202202141041,’†‹–€ŒSº˜a’¬¼ğ,555-2,,
19384-0900-11.zip,202202141041,’†‹–€ŒSº˜a’¬¼ğ,555-4,,
19384-0900-11.zip,202202141041,’†‹–€ŒSº˜a’¬¼ğ,555-5,,
19384-0900-11.zip,202202141041,’†‹–€ŒSº˜a’¬¼ğ,555-6,,
19384-0900-11.zip,202202141041,’†‹–€ŒSº˜a’¬¼ğ,556-1,,
19384-0900-11.zip,202202141041,’†‹–€ŒSº˜a’¬¼ğ,556-4,,
19384-0900-11.zip,202202141041,’†‹–€ŒSº˜a’¬¼ğ,557,,
19384-0900-11.zip,202202141041,’†‹–€ŒSº˜a’¬¼ğ,558-1,,
19384-0900-11.zip,202202141041,’†‹–€ŒSº˜a’¬¼ğ,558-2,,
19384-0900-11.zip,202202141041,’†‹–€ŒSº˜a’¬¼ğ,558-3,,
19384-0900-11.zip,202202141041,’†‹–€ŒSº˜a’¬¼ğ,558-4,,
19384-0900-11.zip,202202141041,’†‹–€ŒSº˜a’¬¼ğ,558-5,,
19384-0900-11.zip,202202141041,’†‹–€ŒSº˜a’¬¼ğ,558-6,,
19384-0900-11.zip,202202141041,’†‹–€ŒSº˜a’¬¼ğ,558-7,,
19384-0900-11.zip,202202141041,’†‹–€ŒSº˜a’¬¼ğ,559-1,,
19384-0900-11.zip,202202141041,’†‹–€ŒSº˜a’¬¼ğ,“¹-24,,
19384-0900-11.zip,202202141041,’†‹–€ŒSº˜a’¬¼ğ,“¹-131,,
19384-0900-11.zip,202202141041,’†‹–€ŒSº˜a’¬¼ğ,“¹-152,,
19384-0900-11.zip,202202141041,’†‹–€ŒSº˜a’¬¼ğ,…-5-1,,
19384-0900-11.zip,202202141041,’†‹–€ŒSº˜a’¬¼ğ,…-32,,
19384-0900-11.zip,202202141041,’†‹–€ŒSº˜a’¬¼ğ,…-33,,
19384-0900-11.zip,202202141041,’†‹–€ŒSº˜a’¬¼ğ,…-34,,
19384-0900-11.zip,202202141041,’†‹–€ŒSº˜a’¬¼ğ,…-35,,
19384-0900-11.zip,202202141041,’†‹–€ŒSº˜a’¬¼ğ,…-37,,
19384-0900-11.zip,202202141041,’†‹–€ŒSº˜a’¬¼ğ,…-38,,
19384-0900-11.zip,202202141041,’†‹–€ŒSº˜a’¬¼ğ,…-146,,
19384-0900-11.zip,202202141041,’†‹–€ŒSº˜a’¬¼ğ,…-150,,
19384-0900-11.zip,202202141041,’†‹–€ŒSº˜a’¬¼ğ,…-198,,
19384-0900-11.zip,202202141041,’†‹–€ŒSº˜a’¬¼ğ,…-249,,
19384-0900-11.zip,202202141041,’†‹–€ŒSº˜a’¬¼ğ,…-269,,
19384-0900-11.zip,202202141041,’†‹–€ŒSº˜a’¬¼ğ,…-10-1,,
19384-0900-11.zip,202202141041,’†‹–€ŒSº˜a’¬¼ğ,…-10-2,,
19384-0900-11.zip,202202141041,’†‹–€ŒSº˜a’¬¼ğ,561-1,,
19384-0900-11.zip,202202141041,’†‹–€ŒSº˜a’¬¼ğ,561-4,,
19384-0900-11.zip,202202141041,’†‹–€ŒSº˜a’¬¼ğ,561-5,,
19384-0900-11.zip,202202141041,’†‹–€ŒSº˜a’¬¼ğ,561-6,,
19384-0900-11.zip,202202141041,’†‹–€ŒSº˜a’¬¼ğ,561-7,,
19384-0900-11.zip,202202141041,’†‹–€ŒSº˜a’¬¼ğ,561-8,,
19384-0900-11.zip,202202141041,’†‹–€ŒSº˜a’¬¼ğ,561-9,,
19384-0900-11.zip,202202141041,’†‹–€ŒSº˜a’¬¼ğ,562-2,,
19384-0900-11.zip,202202141041,’†‹–€ŒSº˜a’¬¼ğ,562-4,,
19384-0900-11.zip,202202141041,’†‹–€ŒSº˜a’¬¼ğ,562-5,,
19384-0900-11.zip,202202141041,’†‹–€ŒSº˜a’¬¼ğ,566-2,,
19384-0900-11.zip,202202141041,’†‹–€ŒSº˜a’¬¼ğ,566-3,,
19384-0900-11.zip,202202141041,’†‹–€ŒSº˜a’¬¼ğ,566-4,,
19384-0900-11.zip,202202141041,’†‹–€ŒSº˜a’¬¼ğ,566-5,,
19384-0900-11.zip,202202141041,’†‹–€ŒSº˜a’¬¼ğ,566-6,,
19384-0900-11.zip,202202141041,’†‹–€ŒSº˜a’¬¼ğ,566-7,,
19384-0900-11.zip,202202141041,’†‹–€ŒSº˜a’¬¼ğ,567-1,,
19384-0900-11.zip,202202141041,’†‹–€ŒSº˜a’¬¼ğ,567-4,,
19384-0900-11.zip,202202141041,’†‹–€ŒSº˜a’¬¼ğ,567-5,,
19384-0900-11.zip,202202141041,’†‹–€ŒSº˜a’¬¼ğ,567-6,,
19384-0900-11.zip,202202141041,’†‹–€ŒSº˜a’¬¼ğ,567-7,,
19384-0900-11.zip,202202141041,’†‹–€ŒSº˜a’¬¼ğ,567-8,,
19384-0900-11.zip,202202141041,’†‹–€ŒSº˜a’¬¼ğ,567-10,,
19384-0900-11.zip,202202141041,’†‹–€ŒSº˜a’¬¼ğ,567-11,,
19384-0900-11.zip,202202141041,’†‹–€ŒSº˜a’¬¼ğ,567-12,,
19384-0900-11.zip,202202141041,’†‹–€ŒSº˜a’¬¼ğ,567-9W1,,
19384-0900-11.zip,202202141041,’†‹–€ŒSº˜a’¬¼ğ,568-1,,
19384-0900-11.zip,202202141041,’†‹–€ŒSº˜a’¬¼ğ,568-2,,
19384-0900-11.zip,202202141041,’†‹–€ŒSº˜a’¬¼ğ,568-4,,
19384-0900-11.zip,202202141041,’†‹–€ŒSº˜a’¬¼ğ,568-5,,
19384-0900-11.zip,202202141041,’†‹–€ŒSº˜a’¬¼ğ,568-6,,
19384-0900-11.zip,202202141041,’†‹–€ŒSº˜a’¬¼ğ,568-8,,
19384-0900-11.zip,202202141041,’†‹–€ŒSº˜a’¬¼ğ,568-9,,
19384-0900-11.zip,202202141041,’†‹–€ŒSº˜a’¬¼ğ,568-10,,
19384-0900-11.zip,202202141041,’†‹–€ŒSº˜a’¬¼ğ,568-11,,
19384-0900-11.zip,202202141041,’†‹–€ŒSº˜a’¬¼ğ,568-12,,
19384-0900-11.zip,202202141041,’†‹–€ŒSº˜a’¬¼ğ,569-2,,
19384-0900-11.zip,202202141041,’†‹–€ŒSº˜a’¬¼ğ,571-1,,
19384-0900-11.zip,202202141041,’†‹–€ŒSº˜a’¬¼ğ,571-4,,
19384-0900-11.zip,202202141041,’†‹–€ŒSº˜a’¬¼ğ,571-5,,
19384-0900-11.zip,202202141041,’†‹–€ŒSº˜a’¬¼ğ,571-6,,
19384-0900-11.zip,202202141041,’†‹–€ŒSº˜a’¬¼ğ,571-7,,
19384-0900-11.zip,202202141041,’†‹–€ŒSº˜a’¬¼ğ,571-9,,
19384-0900-11.zip,202202141041,’†‹–€ŒSº˜a’¬¼ğ,572,,
19384-0900-11.zip,202202141041,’†‹–€ŒSº˜a’¬¼ğ,574-3,,
19384-0900-11.zip,202202141041,’†‹–€ŒSº˜a’¬¼ğ,574-5,,
19384-0900-11.zip,202202141041,’†‹–€ŒSº˜a’¬¼ğ,574-6,,
19384-0900-11.zip,202202141041,’†‹–€ŒSº˜a’¬¼ğ,574-7,,
19384-0900-11.zip,202202141041,’†‹–€ŒSº˜a’¬¼ğ,574-8,,
19384-0900-11.zip,202202141041,’†‹–€ŒSº˜a’¬¼ğ,580-1,,
19384-0900-11.zip,202202141041,’†‹–€ŒSº˜a’¬¼ğ,580-2,,
19384-0900-11.zip,202202141041,’†‹–€ŒSº˜a’¬¼ğ,583-1,,
19384-0900-11.zip,202202141041,’†‹–€ŒSº˜a’¬¼ğ,584-1,,
19384-0900-11.zip,202202141041,’†‹–€ŒSº˜a’¬¼ğ,584-6,,
19384-0900-11.zip,202202141041,’†‹–€ŒSº˜a’¬¼ğ,585-1,,
19384-0900-11.zip,202202141041,’†‹–€ŒSº˜a’¬¼ğ,585-2,,
19384-0900-11.zip,202202141041,’†‹–€ŒSº˜a’¬¼ğ,595-3,,
19384-0900-11.zip,202202141041,’†‹–€ŒSº˜a’¬¼ğ,596-5,,
19384-0900-11.zip,202202141041,’†‹–€ŒSº˜a’¬¼ğ,597-1,,
19384-0900-11.zip,202202141041,’†‹–€ŒSº˜a’¬¼ğ,597-6,,
19384-0900-11.zip,202202141041,’†‹–€ŒSº˜a’¬¼ğ,597-10,,
19384-0900-11.zip,202202141041,’†‹–€ŒSº˜a’¬¼ğ,597-11,,
19384-0900-11.zip,202202141041,’†‹–€ŒSº˜a’¬¼ğ,597-13,,
19384-0900-11.zip,202202141041,’†‹–€ŒSº˜a’¬¼ğ,598-1,,
19384-0900-11.zip,202202141041,’†‹–€ŒSº˜a’¬¼ğ,598-5,,
19384-0900-11.zip,202202141041,’†‹–€ŒSº˜a’¬¼ğ,598-6,,
19384-0900-11.zip,202202141041,’†‹–€ŒSº˜a’¬¼ğ,598-7,,
19384-0900-11.zip,202202141041,’†‹–€ŒSº˜a’¬¼ğ,598-8,,
19384-0900-11.zip,202202141041,’†‹–€ŒSº˜a’¬¼ğ,598-10,,
19384-0900-11.zip,202202141041,’†‹–€ŒSº˜a’¬¼ğ,599-1,,
19384-0900-11.zip,202202141041,’†‹–€ŒSº˜a’¬¼ğ,599-3,,
19384-0900-11.zip,202202141041,’†‹–€ŒSº˜a’¬¼ğ,599-5,,
19384-0900-11.zip,202202141041,’†‹–€ŒSº˜a’¬¼ğ,599-6,,
19384-0900-11.zip,202202141041,’†‹–€ŒSº˜a’¬¼ğ,599-7,,
19384-0900-11.zip,202202141041,’†‹–€ŒSº˜a’¬¼ğ,599-9,,
19384-0900-11.zip,202202141041,’†‹–€ŒSº˜a’¬¼ğ,600-1,,
19384-0900-11.zip,202202141041,’†‹–€ŒSº˜a’¬¼ğ,600-2,,
19384-0900-11.zip,202202141041,’†‹–€ŒSº˜a’¬¼ğ,600-3,,
19384-0900-11.zip,202202141041,’†‹–€ŒSº˜a’¬¼ğ,600-4,,
19384-0900-11.zip,202202141041,’†‹–€ŒSº˜a’¬¼ğ,601-1,,
19384-0900-11.zip,202202141041,’†‹–€ŒSº˜a’¬¼ğ,601-3,,
19384-0900-11.zip,202202141041,’†‹–€ŒSº˜a’¬¼ğ,601-6,,
19384-0900-11.zip,202202141041,’†‹–€ŒSº˜a’¬¼ğ,602-3,,
19384-0900-11.zip,202202141041,’†‹–€ŒSº˜a’¬¼ğ,602-4,,
19384-0900-11.zip,202202141041,’†‹–€ŒSº˜a’¬¼ğ,602-6,,
19384-0900-11.zip,202202141041,’†‹–€ŒSº˜a’¬¼ğ,602-7,,
19384-0900-11.zip,202202141041,’†‹–€ŒSº˜a’¬¼ğ,603-1,,
19384-0900-11.zip,202202141041,’†‹–€ŒSº˜a’¬¼ğ,603-4,,
19384-0900-11.zip,202202141041,’†‹–€ŒSº˜a’¬¼ğ,603-5,,
19384-0900-11.zip,202202141041,’†‹–€ŒSº˜a’¬¼ğ,603-8,,
19384-0900-11.zip,202202141041,’†‹–€ŒSº˜a’¬¼ğ,603-9,,
19384-0900-11.zip,202202141041,’†‹–€ŒSº˜a’¬¼ğ,604-1,,
19384-0900-11.zip,202202141041,’†‹–€ŒSº˜a’¬¼ğ,604-3,,
19384-0900-11.zip,202202141041,’†‹–€ŒSº˜a’¬¼ğ,604-4,,
19384-0900-11.zip,202202141041,’†‹–€ŒSº˜a’¬¼ğ,604-5,,
19384-0900-11.zip,202202141041,’†‹–€ŒSº˜a’¬¼ğ,605-1,,
19384-0900-11.zip,202202141041,’†‹–€ŒSº˜a’¬¼ğ,605-2,,
19384-0900-11.zip,202202141041,’†‹–€ŒSº˜a’¬¼ğ,605-4,,
19384-0900-11.zip,202202141041,’†‹–€ŒSº˜a’¬¼ğ,605-9,,
19384-0900-11.zip,202202141041,’†‹–€ŒSº˜a’¬¼ğ,605-11,,
19384-0900-11.zip,202202141041,’†‹–€ŒSº˜a’¬¼ğ,606-5,,
19384-0900-11.zip,202202141041,’†‹–€ŒSº˜a’¬¼ğ,606-6,,
19384-0900-11.zip,202202141041,’†‹–€ŒSº˜a’¬¼ğ,607-3,,
19384-0900-11.zip,202202141041,’†‹–€ŒSº˜a’¬¼ğ,607-4,,
19384-0900-11.zip,202202141041,’†‹–€ŒSº˜a’¬¼ğ,607-5,,
19384-0900-11.zip,202202141041,’†‹–€ŒSº˜a’¬¼ğ,607-6,,
19384-0900-11.zip,202202141041,’†‹–€ŒSº˜a’¬¼ğ,608-1,,
19384-0900-11.zip,202202141041,’†‹–€ŒSº˜a’¬¼ğ,608-5,,
19384-0900-11.zip,202202141041,’†‹–€ŒSº˜a’¬¼ğ,608-6,,
19384-0900-11.zip,202202141041,’†‹–€ŒSº˜a’¬¼ğ,609-1,,
19384-0900-11.zip,202202141041,’†‹–€ŒSº˜a’¬¼ğ,609-2,,
19384-0900-11.zip,202202141041,’†‹–€ŒSº˜a’¬¼ğ,609-3,,
19384-0900-11.zip,202202141041,’†‹–€ŒSº˜a’¬¼ğ,609-4,,
19384-0900-11.zip,202202141041,’†‹–€ŒSº˜a’¬¼ğ,609-5,,
19384-0900-11.zip,202202141041,’†‹–€ŒSº˜a’¬¼ğ,609-6,,
19384-0900-11.zip,202202141041,’†‹–€ŒSº˜a’¬¼ğ,609-7,,
19384-0900-11.zip,202202141041,’†‹–€ŒSº˜a’¬¼ğ,611-1,,
19384-0900-11.zip,202202141041,’†‹–€ŒSº˜a’¬¼ğ,611-3,,
19384-0900-11.zip,202202141041,’†‹–€ŒSº˜a’¬¼ğ,612,,
19384-0900-11.zip,202202141041,’†‹–€ŒSº˜a’¬¼ğ,614,,
19384-0900-11.zip,202202141041,’†‹–€ŒSº˜a’¬¼ğ,616,,
19384-0900-11.zip,202202141041,’†‹–€ŒSº˜a’¬¼ğ,617,,
19384-0900-11.zip,202202141041,’†‹–€ŒSº˜a’¬¼ğ,618,,
19384-0900-11.zip,202202141041,’†‹–€ŒSº˜a’¬¼ğ,619,,
19384-0900-11.zip,202202141041,’†‹–€ŒSº˜a’¬¼ğ,620-1,,
19384-0900-11.zip,202202141041,’†‹–€ŒSº˜a’¬¼ğ,620-4,,
19384-0900-11.zip,202202141041,’†‹–€ŒSº˜a’¬¼ğ,621-1,,
19384-0900-11.zip,202202141041,’†‹–€ŒSº˜a’¬¼ğ,622-2,,
19384-0900-11.zip,202202141041,’†‹–€ŒSº˜a’¬¼ğ,624-1,,
19384-0900-11.zip,202202141041,’†‹–€ŒSº˜a’¬¼ğ,625-1,,
19384-0900-11.zip,202202141041,’†‹–€ŒSº˜a’¬¼ğ,625-2,,
19384-0900-11.zip,202202141041,’†‹–€ŒSº˜a’¬¼ğ,625-3,,
19384-0900-11.zip,202202141041,’†‹–€ŒSº˜a’¬¼ğ,626-1,,
19384-0900-11.zip,202202141041,’†‹–€ŒSº˜a’¬¼ğ,626-2,,
19384-0900-11.zip,202202141041,’†‹–€ŒSº˜a’¬¼ğ,627-1,,
19384-0900-11.zip,202202141041,’†‹–€ŒSº˜a’¬¼ğ,628-1,,
19384-0900-11.zip,202202141041,’†‹–€ŒSº˜a’¬¼ğ,628-2,,
19384-0900-11.zip,202202141041,’†‹–€ŒSº˜a’¬¼ğ,628-3,,
19384-0900-11.zip,202202141041,’†‹–€ŒSº˜a’¬¼ğ,628-4,,
19384-0900-11.zip,202202141041,’†‹–€ŒSº˜a’¬¼ğ,628-5,,
19384-0900-11.zip,202202141041,’†‹–€ŒSº˜a’¬¼ğ,629-1,,
19384-0900-11.zip,202202141041,’†‹–€ŒSº˜a’¬¼ğ,630-1,,
19384-0900-11.zip,202202141041,’†‹–€ŒSº˜a’¬¼ğ,631-1,,
19384-0900-11.zip,202202141041,’†‹–€ŒSº˜a’¬¼ğ,631-2,,
19384-0900-11.zip,202202141041,’†‹–€ŒSº˜a’¬¼ğ,631-3,,
19384-0900-11.zip,202202141041,’†‹–€ŒSº˜a’¬¼ğ,634-2,,
19384-0900-11.zip,202202141041,’†‹–€ŒSº˜a’¬¼ğ,640,,
19384-0900-11.zip,202202141041,’†‹–€ŒSº˜a’¬¼ğ,641,,
19384-0900-11.zip,202202141041,’†‹–€ŒSº˜a’¬¼ğ,642-1,,
19384-0900-11.zip,202202141041,’†‹–€ŒSº˜a’¬¼ğ,643,,
19384-0900-11.zip,202202141041,’†‹–€ŒSº˜a’¬¼ğ,644-1,,
19384-0900-11.zip,202202141041,’†‹–€ŒSº˜a’¬¼ğ,644-4,,
19384-0900-11.zip,202202141041,’†‹–€ŒSº˜a’¬¼ğ,645-1,,
19384-0900-11.zip,202202141041,’†‹–€ŒSº˜a’¬¼ğ,646-3,,
19384-0900-11.zip,202202141041,’†‹–€ŒSº˜a’¬¼ğ,651-3,,
19384-0900-11.zip,202202141041,’†‹–€ŒSº˜a’¬¼ğ,652-2,,
19384-0900-11.zip,202202141041,’†‹–€ŒSº˜a’¬¼ğ,660-2,,
19384-0900-11.zip,202202141041,’†‹–€ŒSº˜a’¬¼ğ,662,,
19384-0900-11.zip,202202141041,’†‹–€ŒSº˜a’¬¼ğ,664-1,,
19384-0900-11.zip,202202141041,’†‹–€ŒSº˜a’¬¼ğ,666,,
19384-0900-11.zip,202202141041,’†‹–€ŒSº˜a’¬¼ğ,667-1,,
19384-0900-11.zip,202202141041,’†‹–€ŒSº˜a’¬¼ğ,667-2,,
19384-0900-11.zip,202202141041,’†‹–€ŒSº˜a’¬¼ğ,667-3,,
19384-0900-11.zip,202202141041,’†‹–€ŒSº˜a’¬¼ğ,667-4,,
19384-0900-11.zip,202202141041,’†‹–€ŒSº˜a’¬¼ğ,667-5,,
19384-0900-11.zip,202202141041,’†‹–€ŒSº˜a’¬¼ğ,670-1,,
19384-0900-11.zip,202202141041,’†‹–€ŒSº˜a’¬¼ğ,673,,
19384-0900-11.zip,202202141041,’†‹–€ŒSº˜a’¬¼ğ,674-1,,
19384-0900-11.zip,202202141041,’†‹–€ŒSº˜a’¬¼ğ,674-2,,
19384-0900-11.zip,202202141041,’†‹–€ŒSº˜a’¬¼ğ,674-3,,
19384-0900-11.zip,202202141041,’†‹–€ŒSº˜a’¬¼ğ,675,,
19384-0900-11.zip,202202141041,’†‹–€ŒSº˜a’¬¼ğ,678,,
19384-0900-11.zip,202202141041,’†‹–€ŒSº˜a’¬¼ğ,681,,
19384-0900-11.zip,202202141041,’†‹–€ŒSº˜a’¬¼ğ,682,,
19384-0900-11.zip,202202141041,’†‹–€ŒSº˜a’¬¼ğ,683,,
19384-0900-11.zip,202202141041,’†‹–€ŒSº˜a’¬¼ğ,684,,
19384-0900-11.zip,202202141041,’†‹–€ŒSº˜a’¬¼ğ,686-2,,
19384-0900-11.zip,202202141041,’†‹–€ŒSº˜a’¬¼ğ,686-3,,
19384-0900-11.zip,202202141041,’†‹–€ŒSº˜a’¬¼ğ,686-4,,
19384-0900-11.zip,202202141041,’†‹–€ŒSº˜a’¬¼ğ,686-5,,
19384-0900-11.zip,202202141041,’†‹–€ŒSº˜a’¬¼ğ,687-3,,
19384-0900-11.zip,202202141041,’†‹–€ŒSº˜a’¬¼ğ,688,,
19384-0900-11.zip,202202141041,’†‹–€ŒSº˜a’¬¼ğ,689-1,,
19384-0900-11.zip,202202141041,’†‹–€ŒSº˜a’¬¼ğ,691,,
19384-0900-11.zip,202202141041,’†‹–€ŒSº˜a’¬¼ğ,692-1,,
19384-0900-11.zip,202202141041,’†‹–€ŒSº˜a’¬¼ğ,692-2,,
19384-0900-11.zip,202202141041,’†‹–€ŒSº˜a’¬¼ğ,693-1,,
19384-0900-11.zip,202202141041,’†‹–€ŒSº˜a’¬¼ğ,693-2,,
19384-0900-11.zip,202202141041,’†‹–€ŒSº˜a’¬¼ğ,694-1,,
19384-0900-11.zip,202202141041,’†‹–€ŒSº˜a’¬¼ğ,695-1,,
19384-0900-11.zip,202202141041,’†‹–€ŒSº˜a’¬¼ğ,695-2,,
19384-0900-11.zip,202202141041,’†‹–€ŒSº˜a’¬¼ğ,696,,
19384-0900-11.zip,202202141041,’†‹–€ŒSº˜a’¬¼ğ,698-1,,
19384-0900-11.zip,202202141041,’†‹–€ŒSº˜a’¬¼ğ,698-2,,
19384-0900-11.zip,202202141041,’†‹–€ŒSº˜a’¬¼ğ,698-3,,
19384-0900-11.zip,202202141041,’†‹–€ŒSº˜a’¬¼ğ,698-4,,
19384-0900-11.zip,202202141041,’†‹–€ŒSº˜a’¬¼ğ,698-5,,
19384-0900-11.zip,202202141041,’†‹–€ŒSº˜a’¬¼ğ,698-6,,
19384-0900-11.zip,202202141041,’†‹–€ŒSº˜a’¬¼ğ,698-7,,
19384-0900-11.zip,202202141041,’†‹–€ŒSº˜a’¬¼ğ,698-8,,
19384-0900-11.zip,202202141041,’†‹–€ŒSº˜a’¬¼ğ,702-1,,
19384-0900-11.zip,202202141041,’†‹–€ŒSº˜a’¬¼ğ,702-2,,
19384-0900-11.zip,202202141041,’†‹–€ŒSº˜a’¬¼ğ,703-1,,
19384-0900-11.zip,202202141041,’†‹–€ŒSº˜a’¬¼ğ,704-2,,
19384-0900-11.zip,202202141041,’†‹–€ŒSº˜a’¬¼ğ,704-3,,
19384-0900-11.zip,202202141041,’†‹–€ŒSº˜a’¬¼ğ,705-1,,
19384-0900-11.zip,202202141041,’†‹–€ŒSº˜a’¬¼ğ,705-2,,
19384-0900-11.zip,202202141041,’†‹–€ŒSº˜a’¬¼ğ,705-3,,
19384-0900-11.zip,202202141041,’†‹–€ŒSº˜a’¬¼ğ,705-4,,
19384-0900-11.zip,202202141041,’†‹–€ŒSº˜a’¬¼ğ,705-5,,
19384-0900-11.zip,202202141041,’†‹–€ŒSº˜a’¬¼ğ,705-6,,
19384-0900-11.zip,202202141041,’†‹–€ŒSº˜a’¬¼ğ,705-7,,
19384-0900-11.zip,202202141041,’†‹–€ŒSº˜a’¬¼ğ,705-8,,
19384-0900-11.zip,202202141041,’†‹–€ŒSº˜a’¬¼ğ,707-2,,
19384-0900-11.zip,202202141041,’†‹–€ŒSº˜a’¬¼ğ,707-3,,
19384-0900-11.zip,202202141041,’†‹–€ŒSº˜a’¬¼ğ,707-4,,
19384-0900-11.zip,202202141041,’†‹–€ŒSº˜a’¬¼ğ,709,,
19384-0900-11.zip,202202141041,’†‹–€ŒSº˜a’¬¼ğ,710,,
19384-0900-11.zip,202202141041,’†‹–€ŒSº˜a’¬¼ğ,“¹-25,,
19384-0900-11.zip,202202141041,’†‹–€ŒSº˜a’¬¼ğ,“¹-100,,
19384-0900-11.zip,202202141041,’†‹–€ŒSº˜a’¬¼ğ,“¹-101,,
19384-0900-11.zip,202202141041,’†‹–€ŒSº˜a’¬¼ğ,“¹-150,,
19384-0900-11.zip,202202141041,’†‹–€ŒSº˜a’¬¼ğ,“¹-221,,
19384-0900-11.zip,202202141041,’†‹–€ŒSº˜a’¬¼ğ,“¹-400,,
19384-0900-11.zip,202202141041,’†‹–€ŒSº˜a’¬¼ğ,…-50,,
19384-0900-11.zip,202202141041,’†‹–€ŒSº˜a’¬¼ğ,…-56,,
19384-0900-11.zip,202202141041,’†‹–€ŒSº˜a’¬¼ğ,…-70,,
19384-0900-11.zip,202202141041,’†‹–€ŒSº˜a’¬¼ğ,…-90,,
19384-0900-11.zip,202202141041,’†‹–€ŒSº˜a’¬¼ğ,…-145,,
19384-0900-11.zip,202202141041,’†‹–€ŒSº˜a’¬¼ğ,…-270,,
19384-0900-11.zip,202202141041,’†‹–€ŒSº˜a’¬¼ğ,…-313,,
19384-0900-11.zip,202202141041,’†‹–€ŒSº˜a’¬¼ğ,…-319,,
19384-0900-11.zip,202202141041,’†‹–€ŒSº˜a’¬¼ğ,…-325,,
19384-0900-11.zip,202202141041,’†‹–€ŒSº˜a’¬¼ğ,…-341,,
19384-0900-11.zip,202202141041,’†‹–€ŒSº˜a’¬¼ğ,…-343,,
19384-0900-11.zip,202202141041,’†‹–€ŒSº˜a’¬¼ğ,…-501,,
19384-0900-11.zip,202202141041,’†‹–€ŒSº˜a’¬¼ğ,’·‹·•¨•s–¾-3,,
19384-0900-11.zip,202202141041,’†‹–€ŒSº˜a’¬¼ğ,’·‹·•¨•s–¾-33,,
19384-0900-11.zip,202202141041,’†‹–€ŒSº˜a’¬¼ğ,711-1,,
19384-0900-11.zip,202202141041,’†‹–€ŒSº˜a’¬¼ğ,711-2,,
19384-0900-11.zip,202202141041,’†‹–€ŒSº˜a’¬¼ğ,711-3,,
19384-0900-11.zip,202202141041,’†‹–€ŒSº˜a’¬¼ğ,711-5,,
19384-0900-11.zip,202202141041,’†‹–€ŒSº˜a’¬¼ğ,715-1,,
19384-0900-11.zip,202202141041,’†‹–€ŒSº˜a’¬¼ğ,717-1,,
19384-0900-11.zip,202202141041,’†‹–€ŒSº˜a’¬¼ğ,717-4,,
19384-0900-11.zip,202202141041,’†‹–€ŒSº˜a’¬¼ğ,717-5,,
19384-0900-11.zip,202202141041,’†‹–€ŒSº˜a’¬¼ğ,718-1,,
19384-0900-11.zip,202202141041,’†‹–€ŒSº˜a’¬¼ğ,719-1,,
19384-0900-11.zip,202202141041,’†‹–€ŒSº˜a’¬¼ğ,720-1,,
19384-0900-11.zip,202202141041,’†‹–€ŒSº˜a’¬¼ğ,720-2,,
19384-0900-11.zip,202202141041,’†‹–€ŒSº˜a’¬¼ğ,720-3,,
19384-0900-11.zip,202202141041,’†‹–€ŒSº˜a’¬¼ğ,721-1,,
19384-0900-11.zip,202202141041,’†‹–€ŒSº˜a’¬¼ğ,721-2,,
19384-0900-11.zip,202202141041,’†‹–€ŒSº˜a’¬¼ğ,722-1,,
19384-0900-11.zip,202202141041,’†‹–€ŒSº˜a’¬¼ğ,722-3,,
19384-0900-11.zip,202202141041,’†‹–€ŒSº˜a’¬¼ğ,722-4,,
19384-0900-11.zip,202202141041,’†‹–€ŒSº˜a’¬¼ğ,723-1,,
19384-0900-11.zip,202202141041,’†‹–€ŒSº˜a’¬¼ğ,723-4,,
19384-0900-11.zip,202202141041,’†‹–€ŒSº˜a’¬¼ğ,723-5,,
19384-0900-11.zip,202202141041,’†‹–€ŒSº˜a’¬¼ğ,724,,
19384-0900-11.zip,202202141041,’†‹–€ŒSº˜a’¬¼ğ,725-2,,
19384-0900-11.zip,202202141041,’†‹–€ŒSº˜a’¬¼ğ,726-1,,
19384-0900-11.zip,202202141041,’†‹–€ŒSº˜a’¬¼ğ,726-2,,
19384-0900-11.zip,202202141041,’†‹–€ŒSº˜a’¬¼ğ,726-3,,
19384-0900-11.zip,202202141041,’†‹–€ŒSº˜a’¬¼ğ,729-1,,
19384-0900-11.zip,202202141041,’†‹–€ŒSº˜a’¬¼ğ,729-4,,
19384-0900-11.zip,202202141041,’†‹–€ŒSº˜a’¬¼ğ,729-5,,
19384-0900-11.zip,202202141041,’†‹–€ŒSº˜a’¬¼ğ,733-1,,
19384-0900-11.zip,202202141041,’†‹–€ŒSº˜a’¬¼ğ,733-3,,
19384-0900-11.zip,202202141041,’†‹–€ŒSº˜a’¬¼ğ,733-4,,
19384-0900-11.zip,202202141041,’†‹–€ŒSº˜a’¬¼ğ,733-5,,
19384-0900-11.zip,202202141041,’†‹–€ŒSº˜a’¬¼ğ,733-6,,
19384-0900-11.zip,202202141041,’†‹–€ŒSº˜a’¬¼ğ,734-1,,
19384-0900-11.zip,202202141041,’†‹–€ŒSº˜a’¬¼ğ,734-2,,
19384-0900-11.zip,202202141041,’†‹–€ŒSº˜a’¬¼ğ,734-3,,
19384-0900-11.zip,202202141041,’†‹–€ŒSº˜a’¬¼ğ,735-1,,
19384-0900-11.zip,202202141041,’†‹–€ŒSº˜a’¬¼ğ,735-2,,
19384-0900-11.zip,202202141041,’†‹–€ŒSº˜a’¬¼ğ,736-1,,
19384-0900-11.zip,202202141041,’†‹–€ŒSº˜a’¬¼ğ,736-2,,
19384-0900-11.zip,202202141041,’†‹–€ŒSº˜a’¬¼ğ,737-1,,
19384-0900-11.zip,202202141041,’†‹–€ŒSº˜a’¬¼ğ,737-2,,
19384-0900-11.zip,202202141041,’†‹–€ŒSº˜a’¬¼ğ,737-3,,
19384-0900-11.zip,202202141041,’†‹–€ŒSº˜a’¬¼ğ,738-1,,
19384-0900-11.zip,202202141041,’†‹–€ŒSº˜a’¬¼ğ,738-2,,
19384-0900-11.zip,202202141041,’†‹–€ŒSº˜a’¬¼ğ,740,,
19384-0900-11.zip,202202141041,’†‹–€ŒSº˜a’¬¼ğ,742-2,,
19384-0900-11.zip,202202141041,’†‹–€ŒSº˜a’¬¼ğ,742-3,,
19384-0900-11.zip,202202141041,’†‹–€ŒSº˜a’¬¼ğ,743-2,,
19384-0900-11.zip,202202141041,’†‹–€ŒSº˜a’¬¼ğ,744-1,,
19384-0900-11.zip,202202141041,’†‹–€ŒSº˜a’¬¼ğ,744-2,,
19384-0900-11.zip,202202141041,’†‹–€ŒSº˜a’¬¼ğ,744-3,,
19384-0900-11.zip,202202141041,’†‹–€ŒSº˜a’¬¼ğ,744-4,,
19384-0900-11.zip,202202141041,’†‹–€ŒSº˜a’¬¼ğ,746-1,,
19384-0900-11.zip,202202141041,’†‹–€ŒSº˜a’¬¼ğ,746-2,,
19384-0900-11.zip,202202141041,’†‹–€ŒSº˜a’¬¼ğ,748-1,,
19384-0900-11.zip,202202141041,’†‹–€ŒSº˜a’¬¼ğ,748-5,,
19384-0900-11.zip,202202141041,’†‹–€ŒSº˜a’¬¼ğ,748-6,,
19384-0900-11.zip,202202141041,’†‹–€ŒSº˜a’¬¼ğ,749-1,,
19384-0900-11.zip,202202141041,’†‹–€ŒSº˜a’¬¼ğ,749-6,,
19384-0900-11.zip,202202141041,’†‹–€ŒSº˜a’¬¼ğ,750-1,,
19384-0900-11.zip,202202141041,’†‹–€ŒSº˜a’¬¼ğ,750-4,,
19384-0900-11.zip,202202141041,’†‹–€ŒSº˜a’¬¼ğ,751,,
19384-0900-11.zip,202202141041,’†‹–€ŒSº˜a’¬¼ğ,751-2,,
19384-0900-11.zip,202202141041,’†‹–€ŒSº˜a’¬¼ğ,752,,
19384-0900-11.zip,202202141041,’†‹–€ŒSº˜a’¬¼ğ,754,,
19384-0900-11.zip,202202141041,’†‹–€ŒSº˜a’¬¼ğ,755-1,,
19384-0900-11.zip,202202141041,’†‹–€ŒSº˜a’¬¼ğ,755-2,,
19384-0900-11.zip,202202141041,’†‹–€ŒSº˜a’¬¼ğ,757-1,,
19384-0900-11.zip,202202141041,’†‹–€ŒSº˜a’¬¼ğ,758,,
19384-0900-11.zip,202202141041,’†‹–€ŒSº˜a’¬¼ğ,759-1,,
19384-0900-11.zip,202202141041,’†‹–€ŒSº˜a’¬¼ğ,759-2,,
19384-0900-11.zip,202202141041,’†‹–€ŒSº˜a’¬¼ğ,761-1,,
19384-0900-11.zip,202202141041,’†‹–€ŒSº˜a’¬¼ğ,762-1,,
19384-0900-11.zip,202202141041,’†‹–€ŒSº˜a’¬¼ğ,762-3,,
19384-0900-11.zip,202202141041,’†‹–€ŒSº˜a’¬¼ğ,763-1,,
19384-0900-11.zip,202202141041,’†‹–€ŒSº˜a’¬¼ğ,764-1,,
19384-0900-11.zip,202202141041,’†‹–€ŒSº˜a’¬¼ğ,764-2,,
19384-0900-11.zip,202202141041,’†‹–€ŒSº˜a’¬¼ğ,765,,
19384-0900-11.zip,202202141041,’†‹–€ŒSº˜a’¬¼ğ,765-2,,
19384-0900-11.zip,202202141041,’†‹–€ŒSº˜a’¬¼ğ,765-3,,
19384-0900-11.zip,202202141041,’†‹–€ŒSº˜a’¬¼ğ,766,,
19384-0900-11.zip,202202141041,’†‹–€ŒSº˜a’¬¼ğ,766-2,,
19384-0900-11.zip,202202141041,’†‹–€ŒSº˜a’¬¼ğ,767-1,,
19384-0900-11.zip,202202141041,’†‹–€ŒSº˜a’¬¼ğ,768-1,,
19384-0900-11.zip,202202141041,’†‹–€ŒSº˜a’¬¼ğ,771,,
19384-0900-11.zip,202202141041,’†‹–€ŒSº˜a’¬¼ğ,772-1,,
19384-0900-11.zip,202202141041,’†‹–€ŒSº˜a’¬¼ğ,772-3,,
19384-0900-11.zip,202202141041,’†‹–€ŒSº˜a’¬¼ğ,772-4,,
19384-0900-11.zip,202202141041,’†‹–€ŒSº˜a’¬¼ğ,773,,
19384-0900-11.zip,202202141041,’†‹–€ŒSº˜a’¬¼ğ,773-2,,
19384-0900-11.zip,202202141041,’†‹–€ŒSº˜a’¬¼ğ,774,,
19384-0900-11.zip,202202141041,’†‹–€ŒSº˜a’¬¼ğ,775,,
19384-0900-11.zip,202202141041,’†‹–€ŒSº˜a’¬¼ğ,776,,
19384-0900-11.zip,202202141041,’†‹–€ŒSº˜a’¬¼ğ,777,,
19384-0900-11.zip,202202141041,’†‹–€ŒSº˜a’¬¼ğ,778,,
19384-0900-11.zip,202202141041,’†‹–€ŒSº˜a’¬¼ğ,779,,
19384-0900-11.zip,202202141041,’†‹–€ŒSº˜a’¬¼ğ,780,,
19384-0900-11.zip,202202141041,’†‹–€ŒSº˜a’¬¼ğ,781-2,,
19384-0900-11.zip,202202141041,’†‹–€ŒSº˜a’¬¼ğ,783-1,,
19384-0900-11.zip,202202141041,’†‹–€ŒSº˜a’¬¼ğ,783-2,,
19384-0900-11.zip,202202141041,’†‹–€ŒSº˜a’¬¼ğ,783-3,,
19384-0900-11.zip,202202141041,’†‹–€ŒSº˜a’¬¼ğ,783-6,,
19384-0900-11.zip,202202141041,’†‹–€ŒSº˜a’¬¼ğ,783-7,,
19384-0900-11.zip,202202141041,’†‹–€ŒSº˜a’¬¼ğ,783-8,,
19384-0900-11.zip,202202141041,’†‹–€ŒSº˜a’¬¼ğ,783-9,,
19384-0900-11.zip,202202141041,’†‹–€ŒSº˜a’¬¼ğ,783-11,,
19384-0900-11.zip,202202141041,’†‹–€ŒSº˜a’¬¼ğ,784-1,,
19384-0900-11.zip,202202141041,’†‹–€ŒSº˜a’¬¼ğ,784-2,,
19384-0900-11.zip,202202141041,’†‹–€ŒSº˜a’¬¼ğ,784-3,,
19384-0900-11.zip,202202141041,’†‹–€ŒSº˜a’¬¼ğ,784-4,,
19384-0900-11.zip,202202141041,’†‹–€ŒSº˜a’¬¼ğ,785-1,,
19384-0900-11.zip,202202141041,’†‹–€ŒSº˜a’¬¼ğ,785-8,,
19384-0900-11.zip,202202141041,’†‹–€ŒSº˜a’¬¼ğ,785-9,,
19384-0900-11.zip,202202141041,’†‹–€ŒSº˜a’¬¼ğ,785-10,,
19384-0900-11.zip,202202141041,’†‹–€ŒSº˜a’¬¼ğ,785-12,,
19384-0900-11.zip,202202141041,’†‹–€ŒSº˜a’¬¼ğ,785-15,,
19384-0900-11.zip,202202141041,’†‹–€ŒSº˜a’¬¼ğ,785-17,,
19384-0900-11.zip,202202141041,’†‹–€ŒSº˜a’¬¼ğ,785-18,,
19384-0900-11.zip,202202141041,’†‹–€ŒSº˜a’¬¼ğ,785-19,,
19384-0900-11.zip,202202141041,’†‹–€ŒSº˜a’¬¼ğ,785-20,,
19384-0900-11.zip,202202141041,’†‹–€ŒSº˜a’¬¼ğ,786-1,,
19384-0900-11.zip,202202141041,’†‹–€ŒSº˜a’¬¼ğ,786-2,,
19384-0900-11.zip,202202141041,’†‹–€ŒSº˜a’¬¼ğ,786-3,,
19384-0900-11.zip,202202141041,’†‹–€ŒSº˜a’¬¼ğ,786-4,,
19384-0900-11.zip,202202141041,’†‹–€ŒSº˜a’¬¼ğ,786-5,,
19384-0900-11.zip,202202141041,’†‹–€ŒSº˜a’¬¼ğ,788-1,,
19384-0900-11.zip,202202141041,’†‹–€ŒSº˜a’¬¼ğ,789-3,,
19384-0900-11.zip,202202141041,’†‹–€ŒSº˜a’¬¼ğ,789-4,,
19384-0900-11.zip,202202141041,’†‹–€ŒSº˜a’¬¼ğ,790-1,,
19384-0900-11.zip,202202141041,’†‹–€ŒSº˜a’¬¼ğ,790-4,,
19384-0900-11.zip,202202141041,’†‹–€ŒSº˜a’¬¼ğ,790-5,,
19384-0900-11.zip,202202141041,’†‹–€ŒSº˜a’¬¼ğ,791-2,,
19384-0900-11.zip,202202141041,’†‹–€ŒSº˜a’¬¼ğ,792,,
19384-0900-11.zip,202202141041,’†‹–€ŒSº˜a’¬¼ğ,792-2,,
19384-0900-11.zip,202202141041,’†‹–€ŒSº˜a’¬¼ğ,792-3,,
19384-0900-11.zip,202202141041,’†‹–€ŒSº˜a’¬¼ğ,793,,
19384-0900-11.zip,202202141041,’†‹–€ŒSº˜a’¬¼ğ,795,,
19384-0900-11.zip,202202141041,’†‹–€ŒSº˜a’¬¼ğ,795-2,,
19384-0900-11.zip,202202141041,’†‹–€ŒSº˜a’¬¼ğ,796,,
19384-0900-11.zip,202202141041,’†‹–€ŒSº˜a’¬¼ğ,797,,
19384-0900-11.zip,202202141041,’†‹–€ŒSº˜a’¬¼ğ,798,,
19384-0900-11.zip,202202141041,’†‹–€ŒSº˜a’¬¼ğ,799-1,,
19384-0900-11.zip,202202141041,’†‹–€ŒSº˜a’¬¼ğ,801-1,,
19384-0900-11.zip,202202141041,’†‹–€ŒSº˜a’¬¼ğ,801-2,,
19384-0900-11.zip,202202141041,’†‹–€ŒSº˜a’¬¼ğ,801-3,,
19384-0900-11.zip,202202141041,’†‹–€ŒSº˜a’¬¼ğ,802-4,,
19384-0900-11.zip,202202141041,’†‹–€ŒSº˜a’¬¼ğ,803,,
19384-0900-11.zip,202202141041,’†‹–€ŒSº˜a’¬¼ğ,805,,
19384-0900-11.zip,202202141041,’†‹–€ŒSº˜a’¬¼ğ,807-1,,
19384-0900-11.zip,202202141041,’†‹–€ŒSº˜a’¬¼ğ,807-2,,
19384-0900-11.zip,202202141041,’†‹–€ŒSº˜a’¬¼ğ,807-3,,
19384-0900-11.zip,202202141041,’†‹–€ŒSº˜a’¬¼ğ,807-4,,
19384-0900-11.zip,202202141041,’†‹–€ŒSº˜a’¬¼ğ,807-5,,
19384-0900-11.zip,202202141041,’†‹–€ŒSº˜a’¬¼ğ,807-6,,
19384-0900-11.zip,202202141041,’†‹–€ŒSº˜a’¬¼ğ,808-1,,
19384-0900-11.zip,202202141041,’†‹–€ŒSº˜a’¬¼ğ,808-4,,
19384-0900-11.zip,202202141041,’†‹–€ŒSº˜a’¬¼ğ,808-5,,
19384-0900-11.zip,202202141041,’†‹–€ŒSº˜a’¬¼ğ,808-6,,
19384-0900-11.zip,202202141041,’†‹–€ŒSº˜a’¬¼ğ,808-7,,
19384-0900-11.zip,202202141041,’†‹–€ŒSº˜a’¬¼ğ,808-8,,
19384-0900-11.zip,202202141041,’†‹–€ŒSº˜a’¬¼ğ,808-9,,
19384-0900-11.zip,202202141041,’†‹–€ŒSº˜a’¬¼ğ,808-10,,
19384-0900-11.zip,202202141041,’†‹–€ŒSº˜a’¬¼ğ,811-1,,
19384-0900-11.zip,202202141041,’†‹–€ŒSº˜a’¬¼ğ,811-2,,
19384-0900-11.zip,202202141041,’†‹–€ŒSº˜a’¬¼ğ,815-1,,
19384-0900-11.zip,202202141041,’†‹–€ŒSº˜a’¬¼ğ,815-2,,
19384-0900-11.zip,202202141041,’†‹–€ŒSº˜a’¬¼ğ,816-1,,
19384-0900-11.zip,202202141041,’†‹–€ŒSº˜a’¬¼ğ,816-2,,
19384-0900-11.zip,202202141041,’†‹–€ŒSº˜a’¬¼ğ,816-3,,
19384-0900-11.zip,202202141041,’†‹–€ŒSº˜a’¬¼ğ,817,,
19384-0900-11.zip,202202141041,’†‹–€ŒSº˜a’¬¼ğ,819-2,,
19384-0900-11.zip,202202141041,’†‹–€ŒSº˜a’¬¼ğ,819-3,,
19384-0900-11.zip,202202141041,’†‹–€ŒSº˜a’¬¼ğ,819-5,,
19384-0900-11.zip,202202141041,’†‹–€ŒSº˜a’¬¼ğ,820-1,,
19384-0900-11.zip,202202141041,’†‹–€ŒSº˜a’¬¼ğ,820-2,,
19384-0900-11.zip,202202141041,’†‹–€ŒSº˜a’¬¼ğ,821-1,,
19384-0900-11.zip,202202141041,’†‹–€ŒSº˜a’¬¼ğ,821-2,,
19384-0900-11.zip,202202141041,’†‹–€ŒSº˜a’¬¼ğ,822-1,,
19384-0900-11.zip,202202141041,’†‹–€ŒSº˜a’¬¼ğ,822-3,,
19384-0900-11.zip,202202141041,’†‹–€ŒSº˜a’¬¼ğ,823-1,,
19384-0900-11.zip,202202141041,’†‹–€ŒSº˜a’¬¼ğ,829-1,,
19384-0900-11.zip,202202141041,’†‹–€ŒSº˜a’¬¼ğ,830-3,,
19384-0900-11.zip,202202141041,’†‹–€ŒSº˜a’¬¼ğ,830-4,,
19384-0900-11.zip,202202141041,’†‹–€ŒSº˜a’¬¼ğ,832-1,,
19384-0900-11.zip,202202141041,’†‹–€ŒSº˜a’¬¼ğ,832-3,,
19384-0900-11.zip,202202141041,’†‹–€ŒSº˜a’¬¼ğ,832-4,,
19384-0900-11.zip,202202141041,’†‹–€ŒSº˜a’¬¼ğ,833,,
19384-0900-11.zip,202202141041,’†‹–€ŒSº˜a’¬¼ğ,834,,
19384-0900-11.zip,202202141041,’†‹–€ŒSº˜a’¬¼ğ,838,,
19384-0900-11.zip,202202141041,’†‹–€ŒSº˜a’¬¼ğ,839,,
19384-0900-11.zip,202202141041,’†‹–€ŒSº˜a’¬¼ğ,840-1,,
19384-0900-11.zip,202202141041,’†‹–€ŒSº˜a’¬¼ğ,840-3,,
19384-0900-11.zip,202202141041,’†‹–€ŒSº˜a’¬¼ğ,841,,
19384-0900-11.zip,202202141041,’†‹–€ŒSº˜a’¬¼ğ,845,,
19384-0900-11.zip,202202141041,’†‹–€ŒSº˜a’¬¼ğ,848,,
19384-0900-11.zip,202202141041,’†‹–€ŒSº˜a’¬¼ğ,850-1,,
19384-0900-11.zip,202202141041,’†‹–€ŒSº˜a’¬¼ğ,850-2,,
19384-0900-11.zip,202202141041,’†‹–€ŒSº˜a’¬¼ğ,852,,
19384-0900-11.zip,202202141041,’†‹–€ŒSº˜a’¬¼ğ,853,,
19384-0900-11.zip,202202141041,’†‹–€ŒSº˜a’¬¼ğ,854,,
19384-0900-11.zip,202202141041,’†‹–€ŒSº˜a’¬¼ğ,855,,
19384-0900-11.zip,202202141041,’†‹–€ŒSº˜a’¬¼ğ,856-1,,
19384-0900-11.zip,202202141041,’†‹–€ŒSº˜a’¬¼ğ,856-2,,
19384-0900-11.zip,202202141041,’†‹–€ŒSº˜a’¬¼ğ,856-3,,
19384-0900-11.zip,202202141041,’†‹–€ŒSº˜a’¬¼ğ,856-4,,
19384-0900-11.zip,202202141041,’†‹–€ŒSº˜a’¬¼ğ,858-1,,
19384-0900-11.zip,202202141041,’†‹–€ŒSº˜a’¬¼ğ,858-3,,
19384-0900-11.zip,202202141041,’†‹–€ŒSº˜a’¬¼ğ,859-1,,
19384-0900-11.zip,202202141041,’†‹–€ŒSº˜a’¬¼ğ,859-3,,
19384-0900-11.zip,202202141041,’†‹–€ŒSº˜a’¬¼ğ,859-4,,
19384-0900-11.zip,202202141041,’†‹–€ŒSº˜a’¬¼ğ,860-1,,
19384-0900-11.zip,202202141041,’†‹–€ŒSº˜a’¬¼ğ,860-2,,
19384-0900-11.zip,202202141041,’†‹–€ŒSº˜a’¬¼ğ,860-3,,
19384-0900-11.zip,202202141041,’†‹–€ŒSº˜a’¬¼ğ,861-1,,
19384-0900-11.zip,202202141041,’†‹–€ŒSº˜a’¬¼ğ,861-2,,
19384-0900-11.zip,202202141041,’†‹–€ŒSº˜a’¬¼ğ,861-3,,
19384-0900-11.zip,202202141041,’†‹–€ŒSº˜a’¬¼ğ,862-1,,
19384-0900-11.zip,202202141041,’†‹–€ŒSº˜a’¬¼ğ,863,,
19384-0900-11.zip,202202141041,’†‹–€ŒSº˜a’¬¼ğ,864,,
19384-0900-11.zip,202202141041,’†‹–€ŒSº˜a’¬¼ğ,865,,
19384-0900-11.zip,202202141041,’†‹–€ŒSº˜a’¬¼ğ,866,,
19384-0900-11.zip,202202141041,’†‹–€ŒSº˜a’¬¼ğ,867-1,,
19384-0900-11.zip,202202141041,’†‹–€ŒSº˜a’¬¼ğ,867-2,,
19384-0900-11.zip,202202141041,’†‹–€ŒSº˜a’¬¼ğ,868,,
19384-0900-11.zip,202202141041,’†‹–€ŒSº˜a’¬¼ğ,869-1,,
19384-0900-11.zip,202202141041,’†‹–€ŒSº˜a’¬¼ğ,869-2,,
19384-0900-11.zip,202202141041,’†‹–€ŒSº˜a’¬¼ğ,870-1,,
19384-0900-11.zip,202202141041,’†‹–€ŒSº˜a’¬¼ğ,870-2,,
19384-0900-11.zip,202202141041,’†‹–€ŒSº˜a’¬¼ğ,870-3,,
19384-0900-11.zip,202202141041,’†‹–€ŒSº˜a’¬¼ğ,870-4,,
19384-0900-11.zip,202202141041,’†‹–€ŒSº˜a’¬¼ğ,870-5,,
19384-0900-11.zip,202202141041,’†‹–€ŒSº˜a’¬¼ğ,871-1,,
19384-0900-11.zip,202202141041,’†‹–€ŒSº˜a’¬¼ğ,871-2,,
19384-0900-11.zip,202202141041,’†‹–€ŒSº˜a’¬¼ğ,871-3,,
19384-0900-11.zip,202202141041,’†‹–€ŒSº˜a’¬¼ğ,871-4,,
19384-0900-11.zip,202202141041,’†‹–€ŒSº˜a’¬¼ğ,871-5,,
19384-0900-11.zip,202202141041,’†‹–€ŒSº˜a’¬¼ğ,872-1,,
19384-0900-11.zip,202202141041,’†‹–€ŒSº˜a’¬¼ğ,872-2,,
19384-0900-11.zip,202202141041,’†‹–€ŒSº˜a’¬¼ğ,872-3,,
19384-0900-11.zip,202202141041,’†‹–€ŒSº˜a’¬¼ğ,873-2,,
19384-0900-11.zip,202202141041,’†‹–€ŒSº˜a’¬¼ğ,873-5,,
19384-0900-11.zip,202202141041,’†‹–€ŒSº˜a’¬¼ğ,873-6,,
19384-0900-11.zip,202202141041,’†‹–€ŒSº˜a’¬¼ğ,873-7,,
19384-0900-11.zip,202202141041,’†‹–€ŒSº˜a’¬¼ğ,874-1,,
19384-0900-11.zip,202202141041,’†‹–€ŒSº˜a’¬¼ğ,875-1,,
19384-0900-11.zip,202202141041,’†‹–€ŒSº˜a’¬¼ğ,876-1,,
19384-0900-11.zip,202202141041,’†‹–€ŒSº˜a’¬¼ğ,876-2,,
19384-0900-11.zip,202202141041,’†‹–€ŒSº˜a’¬¼ğ,877,,
19384-0900-11.zip,202202141041,’†‹–€ŒSº˜a’¬¼ğ,882,,
19384-0900-11.zip,202202141041,’†‹–€ŒSº˜a’¬¼ğ,888-3,,
19384-0900-11.zip,202202141041,’†‹–€ŒSº˜a’¬¼ğ,888-4,,
19384-0900-11.zip,202202141041,’†‹–€ŒSº˜a’¬¼ğ,888-5,,
19384-0900-11.zip,202202141041,’†‹–€ŒSº˜a’¬¼ğ,888-6,,
19384-0900-11.zip,202202141041,’†‹–€ŒSº˜a’¬¼ğ,895-1,,
19384-0900-11.zip,202202141041,’†‹–€ŒSº˜a’¬¼ğ,896-1,,
19384-0900-11.zip,202202141041,’†‹–€ŒSº˜a’¬¼ğ,900-1,,
19384-0900-11.zip,202202141041,’†‹–€ŒSº˜a’¬¼ğ,900-2,,
19384-0900-11.zip,202202141041,’†‹–€ŒSº˜a’¬¼ğ,902-1,,
19384-0900-11.zip,202202141041,’†‹–€ŒSº˜a’¬¼ğ,907-2,,
19384-0900-11.zip,202202141041,’†‹–€ŒSº˜a’¬¼ğ,“¹-33,,
19384-0900-11.zip,202202141041,’†‹–€ŒSº˜a’¬¼ğ,“¹-34,,
19384-0900-11.zip,202202141041,’†‹–€ŒSº˜a’¬¼ğ,“¹-165,,
19384-0900-11.zip,202202141041,’†‹–€ŒSº˜a’¬¼ğ,“¹-191,,
19384-0900-11.zip,202202141041,’†‹–€ŒSº˜a’¬¼ğ,“¹-205,,
19384-0900-11.zip,202202141041,’†‹–€ŒSº˜a’¬¼ğ,“¹-232,,
19384-0900-11.zip,202202141041,’†‹–€ŒSº˜a’¬¼ğ,“¹-252,,
19384-0900-11.zip,202202141041,’†‹–€ŒSº˜a’¬¼ğ,…-134,,
19384-0900-11.zip,202202141041,’†‹–€ŒSº˜a’¬¼ğ,…-159,,
19384-0900-11.zip,202202141041,’†‹–€ŒSº˜a’¬¼ğ,…-208,,
19384-0900-11.zip,202202141041,’†‹–€ŒSº˜a’¬¼ğ,…-239,,
19384-0900-11.zip,202202141041,’†‹–€ŒSº˜a’¬¼ğ,…-255,,
19384-0900-11.zip,202202141041,’†‹–€ŒSº˜a’¬¼ğ,…-277,,
19384-0900-11.zip,202202141041,’†‹–€ŒSº˜a’¬¼ğ,…-287,,
19384-0900-11.zip,202202141041,’†‹–€ŒSº˜a’¬¼ğ,…-302,,
19384-0900-11.zip,202202141041,’†‹–€ŒSº˜a’¬¼ğ,…-320,,
19384-0900-11.zip,202202141041,’†‹–€ŒSº˜a’¬¼ğ,…-331,,
19384-0900-11.zip,202202141041,’†‹–€ŒSº˜a’¬¼ğ,908-2,,
19384-0900-11.zip,202202141041,’†‹–€ŒSº˜a’¬¼ğ,908-4,,
19384-0900-11.zip,202202141041,’†‹–€ŒSº˜a’¬¼ğ,908-5,,
19384-0900-11.zip,202202141041,’†‹–€ŒSº˜a’¬¼ğ,908-6,,
19384-0900-11.zip,202202141041,’†‹–€ŒSº˜a’¬¼ğ,908-7,,
19384-0900-11.zip,202202141041,’†‹–€ŒSº˜a’¬¼ğ,908-8,,
19384-0900-11.zip,202202141041,’†‹–€ŒSº˜a’¬¼ğ,908-9,,
19384-0900-11.zip,202202141041,’†‹–€ŒSº˜a’¬¼ğ,908-10,,
19384-0900-11.zip,202202141041,’†‹–€ŒSº˜a’¬¼ğ,909-1,,
19384-0900-11.zip,202202141041,’†‹–€ŒSº˜a’¬¼ğ,909-3,,
19384-0900-11.zip,202202141041,’†‹–€ŒSº˜a’¬¼ğ,909-4,,
19384-0900-11.zip,202202141041,’†‹–€ŒSº˜a’¬¼ğ,909-5,,
19384-0900-11.zip,202202141041,’†‹–€ŒSº˜a’¬¼ğ,909-6,,
19384-0900-11.zip,202202141041,’†‹–€ŒSº˜a’¬¼ğ,911-2,,
19384-0900-11.zip,202202141041,’†‹–€ŒSº˜a’¬¼ğ,917-3,,
19384-0900-11.zip,202202141041,’†‹–€ŒSº˜a’¬¼ğ,917-4,,
19384-0900-11.zip,202202141041,’†‹–€ŒSº˜a’¬¼ğ,917-5,,
19384-0900-11.zip,202202141041,’†‹–€ŒSº˜a’¬¼ğ,917-6,,
19384-0900-11.zip,202202141041,’†‹–€ŒSº˜a’¬¼ğ,917-7,,
19384-0900-11.zip,202202141041,’†‹–€ŒSº˜a’¬¼ğ,917-8,,
19384-0900-11.zip,202202141041,’†‹–€ŒSº˜a’¬¼ğ,917-9,,
19384-0900-11.zip,202202141041,’†‹–€ŒSº˜a’¬¼ğ,917-10,,
19384-0900-11.zip,202202141041,’†‹–€ŒSº˜a’¬¼ğ,920-2,,
19384-0900-11.zip,202202141041,’†‹–€ŒSº˜a’¬¼ğ,920-3,,
19384-0900-11.zip,202202141041,’†‹–€ŒSº˜a’¬¼ğ,920-4,,
19384-0900-11.zip,202202141041,’†‹–€ŒSº˜a’¬¼ğ,920-5,,
19384-0900-11.zip,202202141041,’†‹–€ŒSº˜a’¬¼ğ,920-6,,
19384-0900-11.zip,202202141041,’†‹–€ŒSº˜a’¬¼ğ,920-7,,
19384-0900-11.zip,202202141041,’†‹–€ŒSº˜a’¬¼ğ,926-1,,
19384-0900-11.zip,202202141041,’†‹–€ŒSº˜a’¬¼ğ,926-2,,
19384-0900-11.zip,202202141041,’†‹–€ŒSº˜a’¬¼ğ,926-3,,
19384-0900-11.zip,202202141041,’†‹–€ŒSº˜a’¬¼ğ,926-4,,
19384-0900-11.zip,202202141041,’†‹–€ŒSº˜a’¬¼ğ,926-5,,
19384-0900-11.zip,202202141041,’†‹–€ŒSº˜a’¬¼ğ,926-6,,
19384-0900-11.zip,202202141041,’†‹–€ŒSº˜a’¬¼ğ,926-7,,
19384-0900-11.zip,202202141041,’†‹–€ŒSº˜a’¬¼ğ,926-8,,
19384-0900-11.zip,202202141041,’†‹–€ŒSº˜a’¬¼ğ,926-9,,
19384-0900-11.zip,202202141041,’†‹–€ŒSº˜a’¬¼ğ,926-10,,
19384-0900-11.zip,202202141041,’†‹–€ŒSº˜a’¬¼ğ,926-11,,
19384-0900-11.zip,202202141041,’†‹–€ŒSº˜a’¬¼ğ,926-12,,
19384-0900-11.zip,202202141041,’†‹–€ŒSº˜a’¬¼ğ,926-13,,
19384-0900-11.zip,202202141041,’†‹–€ŒSº˜a’¬¼ğ,926-14,,
19384-0900-11.zip,202202141041,’†‹–€ŒSº˜a’¬¼ğ,926-15,,
19384-0900-11.zip,202202141041,’†‹–€ŒSº˜a’¬¼ğ,926-16,,
19384-0900-11.zip,202202141041,’†‹–€ŒSº˜a’¬¼ğ,926-17,,
19384-0900-11.zip,202202141041,’†‹–€ŒSº˜a’¬¼ğ,927-2,,
19384-0900-11.zip,202202141041,’†‹–€ŒSº˜a’¬¼ğ,927-3,,
19384-0900-11.zip,202202141041,’†‹–€ŒSº˜a’¬¼ğ,930-2,,
19384-0900-11.zip,202202141041,’†‹–€ŒSº˜a’¬¼ğ,932-2,,
19384-0900-11.zip,202202141041,’†‹–€ŒSº˜a’¬¼ğ,933-2,,
19384-0900-11.zip,202202141041,’†‹–€ŒSº˜a’¬¼ğ,933-3,,
19384-0900-11.zip,202202141041,’†‹–€ŒSº˜a’¬¼ğ,933-4,,
19384-0900-11.zip,202202141041,’†‹–€ŒSº˜a’¬¼ğ,933-7,,
19384-0900-11.zip,202202141041,’†‹–€ŒSº˜a’¬¼ğ,934-4,,
19384-0900-11.zip,202202141041,’†‹–€ŒSº˜a’¬¼ğ,934-5,,
19384-0900-11.zip,202202141041,’†‹–€ŒSº˜a’¬¼ğ,938-1,,
19384-0900-11.zip,202202141041,’†‹–€ŒSº˜a’¬¼ğ,938-2,,
19384-0900-11.zip,202202141041,’†‹–€ŒSº˜a’¬¼ğ,939,,
19384-0900-11.zip,202202141041,’†‹–€ŒSº˜a’¬¼ğ,940-1,,
19384-0900-11.zip,202202141041,’†‹–€ŒSº˜a’¬¼ğ,940-2,,
19384-0900-11.zip,202202141041,’†‹–€ŒSº˜a’¬¼ğ,940-3,,
19384-0900-11.zip,202202141041,’†‹–€ŒSº˜a’¬¼ğ,940-4,,
19384-0900-11.zip,202202141041,’†‹–€ŒSº˜a’¬¼ğ,941-2,,
19384-0900-11.zip,202202141041,’†‹–€ŒSº˜a’¬¼ğ,942-2,,
19384-0900-11.zip,202202141041,’†‹–€ŒSº˜a’¬¼ğ,943-1,,
19384-0900-11.zip,202202141041,’†‹–€ŒSº˜a’¬¼ğ,943-3,,
19384-0900-11.zip,202202141041,’†‹–€ŒSº˜a’¬¼ğ,943-4,,
19384-0900-11.zip,202202141041,’†‹–€ŒSº˜a’¬¼ğ,943-5,,
19384-0900-11.zip,202202141041,’†‹–€ŒSº˜a’¬¼ğ,943-9,,
19384-0900-11.zip,202202141041,’†‹–€ŒSº˜a’¬¼ğ,943-10,,
19384-0900-11.zip,202202141041,’†‹–€ŒSº˜a’¬¼ğ,943-11,,
19384-0900-11.zip,202202141041,’†‹–€ŒSº˜a’¬¼ğ,944-1,,
19384-0900-11.zip,202202141041,’†‹–€ŒSº˜a’¬¼ğ,945-1,,
19384-0900-11.zip,202202141041,’†‹–€ŒSº˜a’¬¼ğ,945-2,,
19384-0900-11.zip,202202141041,’†‹–€ŒSº˜a’¬¼ğ,947-1,,
19384-0900-11.zip,202202141041,’†‹–€ŒSº˜a’¬¼ğ,947-4,,
19384-0900-11.zip,202202141041,’†‹–€ŒSº˜a’¬¼ğ,950-2,,
19384-0900-11.zip,202202141041,’†‹–€ŒSº˜a’¬¼ğ,950-5,,
19384-0900-11.zip,202202141041,’†‹–€ŒSº˜a’¬¼ğ,951-1,,
19384-0900-11.zip,202202141041,’†‹–€ŒSº˜a’¬¼ğ,951-4,,
19384-0900-11.zip,202202141041,’†‹–€ŒSº˜a’¬¼ğ,953,,
19384-0900-11.zip,202202141041,’†‹–€ŒSº˜a’¬¼ğ,954-1,,
19384-0900-11.zip,202202141041,’†‹–€ŒSº˜a’¬¼ğ,954-10,,
19384-0900-11.zip,202202141041,’†‹–€ŒSº˜a’¬¼ğ,954-11,,
19384-0900-11.zip,202202141041,’†‹–€ŒSº˜a’¬¼ğ,954-12,,
19384-0900-11.zip,202202141041,’†‹–€ŒSº˜a’¬¼ğ,954-13,,
19384-0900-11.zip,202202141041,’†‹–€ŒSº˜a’¬¼ğ,954-14,,
19384-0900-11.zip,202202141041,’†‹–€ŒSº˜a’¬¼ğ,954-15,,
19384-0900-11.zip,202202141041,’†‹–€ŒSº˜a’¬¼ğ,954-17,,
19384-0900-11.zip,202202141041,’†‹–€ŒSº˜a’¬¼ğ,954-18,,
19384-0900-11.zip,202202141041,’†‹–€ŒSº˜a’¬¼ğ,954-19,,
19384-0900-11.zip,202202141041,’†‹–€ŒSº˜a’¬¼ğ,954-20,,
19384-0900-11.zip,202202141041,’†‹–€ŒSº˜a’¬¼ğ,954-21,,
19384-0900-11.zip,202202141041,’†‹–€ŒSº˜a’¬¼ğ,954-22,,
19384-0900-11.zip,202202141041,’†‹–€ŒSº˜a’¬¼ğ,954-23,,
19384-0900-11.zip,202202141041,’†‹–€ŒSº˜a’¬¼ğ,955-1,,
19384-0900-11.zip,202202141041,’†‹–€ŒSº˜a’¬¼ğ,955-2,,
19384-0900-11.zip,202202141041,’†‹–€ŒSº˜a’¬¼ğ,955-6,,
19384-0900-11.zip,202202141041,’†‹–€ŒSº˜a’¬¼ğ,958-1,,
19384-0900-11.zip,202202141041,’†‹–€ŒSº˜a’¬¼ğ,958-3,,
19384-0900-11.zip,202202141041,’†‹–€ŒSº˜a’¬¼ğ,958-4,,
19384-0900-11.zip,202202141041,’†‹–€ŒSº˜a’¬¼ğ,958-5,,
19384-0900-11.zip,202202141041,’†‹–€ŒSº˜a’¬¼ğ,960-2,,
19384-0900-11.zip,202202141041,’†‹–€ŒSº˜a’¬¼ğ,960-3,,
19384-0900-11.zip,202202141041,’†‹–€ŒSº˜a’¬¼ğ,960-4,,
19384-0900-11.zip,202202141041,’†‹–€ŒSº˜a’¬¼ğ,960-5,,
19384-0900-11.zip,202202141041,’†‹–€ŒSº˜a’¬¼ğ,960-6,,
19384-0900-11.zip,202202141041,’†‹–€ŒSº˜a’¬¼ğ,960-7,,
19384-0900-11.zip,202202141041,’†‹–€ŒSº˜a’¬¼ğ,960-10,,
19384-0900-11.zip,202202141041,’†‹–€ŒSº˜a’¬¼ğ,960-11,,
19384-0900-11.zip,202202141041,’†‹–€ŒSº˜a’¬¼ğ,960-12,,
19384-0900-11.zip,202202141041,’†‹–€ŒSº˜a’¬¼ğ,960-15,,
19384-0900-11.zip,202202141041,’†‹–€ŒSº˜a’¬¼ğ,960-16,,
19384-0900-11.zip,202202141041,’†‹–€ŒSº˜a’¬¼ğ,960-17,,
19384-0900-11.zip,202202141041,’†‹–€ŒSº˜a’¬¼ğ,960-19,,
19384-0900-11.zip,202202141041,’†‹–€ŒSº˜a’¬¼ğ,960-22,,
19384-0900-11.zip,202202141041,’†‹–€ŒSº˜a’¬¼ğ,960-25,,
19384-0900-11.zip,202202141041,’†‹–€ŒSº˜a’¬¼ğ,960-26,,
19384-0900-11.zip,202202141041,’†‹–€ŒSº˜a’¬¼ğ,960-27,,
19384-0900-11.zip,202202141041,’†‹–€ŒSº˜a’¬¼ğ,960-28,,
19384-0900-11.zip,202202141041,’†‹–€ŒSº˜a’¬¼ğ,960-29,,
19384-0900-11.zip,202202141041,’†‹–€ŒSº˜a’¬¼ğ,960-30,,
19384-0900-11.zip,202202141041,’†‹–€ŒSº˜a’¬¼ğ,960-31,,
19384-0900-11.zip,202202141041,’†‹–€ŒSº˜a’¬¼ğ,960-32,,
19384-0900-11.zip,202202141041,’†‹–€ŒSº˜a’¬¼ğ,960-36,,
19384-0900-11.zip,202202141041,’†‹–€ŒSº˜a’¬¼ğ,960-38,,
19384-0900-11.zip,202202141041,’†‹–€ŒSº˜a’¬¼ğ,960-41,,
19384-0900-11.zip,202202141041,’†‹–€ŒSº˜a’¬¼ğ,960-42,,
19384-0900-11.zip,202202141041,’†‹–€ŒSº˜a’¬¼ğ,960-43,,
19384-0900-11.zip,202202141041,’†‹–€ŒSº˜a’¬¼ğ,960-44,,
19384-0900-11.zip,202202141041,’†‹–€ŒSº˜a’¬¼ğ,960-47,,
19384-0900-11.zip,202202141041,’†‹–€ŒSº˜a’¬¼ğ,971,,
19384-0900-11.zip,202202141041,’†‹–€ŒSº˜a’¬¼ğ,972-1,,
19384-0900-11.zip,202202141041,’†‹–€ŒSº˜a’¬¼ğ,972-2,,
19384-0900-11.zip,202202141041,’†‹–€ŒSº˜a’¬¼ğ,974,,
19384-0900-11.zip,202202141041,’†‹–€ŒSº˜a’¬¼ğ,976,,
19384-0900-11.zip,202202141041,’†‹–€ŒSº˜a’¬¼ğ,978-1,,
19384-0900-11.zip,202202141041,’†‹–€ŒSº˜a’¬¼ğ,980-1,,
19384-0900-11.zip,202202141041,’†‹–€ŒSº˜a’¬¼ğ,980-2,,
19384-0900-11.zip,202202141041,’†‹–€ŒSº˜a’¬¼ğ,980-3,,
19384-0900-11.zip,202202141041,’†‹–€ŒSº˜a’¬¼ğ,983-1,,
19384-0900-11.zip,202202141041,’†‹–€ŒSº˜a’¬¼ğ,983-2,,
19384-0900-11.zip,202202141041,’†‹–€ŒSº˜a’¬¼ğ,983-3,,
19384-0900-11.zip,202202141041,’†‹–€ŒSº˜a’¬¼ğ,983-4,,
19384-0900-11.zip,202202141041,’†‹–€ŒSº˜a’¬¼ğ,983-5,,
19384-0900-11.zip,202202141041,’†‹–€ŒSº˜a’¬¼ğ,984-1,,
19384-0900-11.zip,202202141041,’†‹–€ŒSº˜a’¬¼ğ,984-2,,
19384-0900-11.zip,202202141041,’†‹–€ŒSº˜a’¬¼ğ,984-4,,
19384-0900-11.zip,202202141041,’†‹–€ŒSº˜a’¬¼ğ,984-5,,
19384-0900-11.zip,202202141041,’†‹–€ŒSº˜a’¬¼ğ,985-3,,
19384-0900-11.zip,202202141041,’†‹–€ŒSº˜a’¬¼ğ,992-1,,
19384-0900-11.zip,202202141041,’†‹–€ŒSº˜a’¬¼ğ,992-2,,
19384-0900-11.zip,202202141041,’†‹–€ŒSº˜a’¬¼ğ,992-3,,
19384-0900-11.zip,202202141041,’†‹–€ŒSº˜a’¬¼ğ,992-4,,
19384-0900-11.zip,202202141041,’†‹–€ŒSº˜a’¬¼ğ,995-2,,
19384-0900-11.zip,202202141041,’†‹–€ŒSº˜a’¬¼ğ,1015-3,,
19384-0900-11.zip,202202141041,’†‹–€ŒSº˜a’¬¼ğ,1015-4,,
19384-0900-11.zip,202202141041,’†‹–€ŒSº˜a’¬¼ğ,1017,,
19384-0900-11.zip,202202141041,’†‹–€ŒSº˜a’¬¼ğ,1018-2,,
19384-0900-11.zip,202202141041,’†‹–€ŒSº˜a’¬¼ğ,1021-2,,
19384-0900-11.zip,202202141041,’†‹–€ŒSº˜a’¬¼ğ,1031-1,,
19384-0900-11.zip,202202141041,’†‹–€ŒSº˜a’¬¼ğ,1033-1,,
19384-0900-11.zip,202202141041,’†‹–€ŒSº˜a’¬¼ğ,1033-3,,
19384-0900-11.zip,202202141041,’†‹–€ŒSº˜a’¬¼ğ,1033-4,,
19384-0900-11.zip,202202141041,’†‹–€ŒSº˜a’¬¼ğ,1033-5,,
19384-0900-11.zip,202202141041,’†‹–€ŒSº˜a’¬¼ğ,1033-6,,
19384-0900-11.zip,202202141041,’†‹–€ŒSº˜a’¬¼ğ,1034-2,,
19384-0900-11.zip,202202141041,’†‹–€ŒSº˜a’¬¼ğ,1035-1,,
19384-0900-11.zip,202202141041,’†‹–€ŒSº˜a’¬¼ğ,1035-2,,
19384-0900-11.zip,202202141041,’†‹–€ŒSº˜a’¬¼ğ,1035-3,,
19384-0900-11.zip,202202141041,’†‹–€ŒSº˜a’¬¼ğ,1036-1,,
19384-0900-11.zip,202202141041,’†‹–€ŒSº˜a’¬¼ğ,1036-2,,
19384-0900-11.zip,202202141041,’†‹–€ŒSº˜a’¬¼ğ,1036-3,,
19384-0900-11.zip,202202141041,’†‹–€ŒSº˜a’¬¼ğ,1038-2,,
19384-0900-11.zip,202202141041,’†‹–€ŒSº˜a’¬¼ğ,1039-3,,
19384-0900-11.zip,202202141041,’†‹–€ŒSº˜a’¬¼ğ,1039-4,,
19384-0900-11.zip,202202141041,’†‹–€ŒSº˜a’¬¼ğ,1039-5,,
19384-0900-11.zip,202202141041,’†‹–€ŒSº˜a’¬¼ğ,1039-6,,
19384-0900-11.zip,202202141041,’†‹–€ŒSº˜a’¬¼ğ,1040-1,,
19384-0900-11.zip,202202141041,’†‹–€ŒSº˜a’¬¼ğ,1040-2,,
19384-0900-11.zip,202202141041,’†‹–€ŒSº˜a’¬¼ğ,1044-3,,
19384-0900-11.zip,202202141041,’†‹–€ŒSº˜a’¬¼ğ,1044-4,,
19384-0900-11.zip,202202141041,’†‹–€ŒSº˜a’¬¼ğ,1044-5,,
19384-0900-11.zip,202202141041,’†‹–€ŒSº˜a’¬¼ğ,1048-1,,
19384-0900-11.zip,202202141041,’†‹–€ŒSº˜a’¬¼ğ,1048-2,,
19384-0900-11.zip,202202141041,’†‹–€ŒSº˜a’¬¼ğ,1048-3,,
19384-0900-11.zip,202202141041,’†‹–€ŒSº˜a’¬¼ğ,1049,,
19384-0900-11.zip,202202141041,’†‹–€ŒSº˜a’¬¼ğ,1050,,
19384-0900-11.zip,202202141041,’†‹–€ŒSº˜a’¬¼ğ,1051-1,,
19384-0900-11.zip,202202141041,’†‹–€ŒSº˜a’¬¼ğ,1052-1,,
19384-0900-11.zip,202202141041,’†‹–€ŒSº˜a’¬¼ğ,1054-1,,
19384-0900-11.zip,202202141041,’†‹–€ŒSº˜a’¬¼ğ,1054-2,,
19384-0900-11.zip,202202141041,’†‹–€ŒSº˜a’¬¼ğ,1054-5,,
19384-0900-11.zip,202202141041,’†‹–€ŒSº˜a’¬¼ğ,1054-6,,
19384-0900-11.zip,202202141041,’†‹–€ŒSº˜a’¬¼ğ,1054-7,,
19384-0900-11.zip,202202141041,’†‹–€ŒSº˜a’¬¼ğ,1054-10,,
19384-0900-11.zip,202202141041,’†‹–€ŒSº˜a’¬¼ğ,1058-2,,
19384-0900-11.zip,202202141041,’†‹–€ŒSº˜a’¬¼ğ,1059-2,,
19384-0900-11.zip,202202141041,’†‹–€ŒSº˜a’¬¼ğ,1059-4,,
19384-0900-11.zip,202202141041,’†‹–€ŒSº˜a’¬¼ğ,1060-3,,
19384-0900-11.zip,202202141041,’†‹–€ŒSº˜a’¬¼ğ,1060-4,,
19384-0900-11.zip,202202141041,’†‹–€ŒSº˜a’¬¼ğ,1061-1,,
19384-0900-11.zip,202202141041,’†‹–€ŒSº˜a’¬¼ğ,1061-2,,
19384-0900-11.zip,202202141041,’†‹–€ŒSº˜a’¬¼ğ,1061-3,,
19384-0900-11.zip,202202141041,’†‹–€ŒSº˜a’¬¼ğ,1061-4,,
19384-0900-11.zip,202202141041,’†‹–€ŒSº˜a’¬¼ğ,1061-5,,
19384-0900-11.zip,202202141041,’†‹–€ŒSº˜a’¬¼ğ,1061-6,,
19384-0900-11.zip,202202141041,’†‹–€ŒSº˜a’¬¼ğ,1062-1,,
19384-0900-11.zip,202202141041,’†‹–€ŒSº˜a’¬¼ğ,1062-2,,
19384-0900-11.zip,202202141041,’†‹–€ŒSº˜a’¬¼ğ,1062-3,,
19384-0900-11.zip,202202141041,’†‹–€ŒSº˜a’¬¼ğ,1062-4,,
19384-0900-11.zip,202202141041,’†‹–€ŒSº˜a’¬¼ğ,1063-1,,
19384-0900-11.zip,202202141041,’†‹–€ŒSº˜a’¬¼ğ,1063-2,,
19384-0900-11.zip,202202141041,’†‹–€ŒSº˜a’¬¼ğ,1065-1,,
19384-0900-11.zip,202202141041,’†‹–€ŒSº˜a’¬¼ğ,1065-2,,
19384-0900-11.zip,202202141041,’†‹–€ŒSº˜a’¬¼ğ,1065-4,,
19384-0900-11.zip,202202141041,’†‹–€ŒSº˜a’¬¼ğ,1066-1,,
19384-0900-11.zip,202202141041,’†‹–€ŒSº˜a’¬¼ğ,1066-2,,
19384-0900-11.zip,202202141041,’†‹–€ŒSº˜a’¬¼ğ,1067-1,,
19384-0900-11.zip,202202141041,’†‹–€ŒSº˜a’¬¼ğ,1067-2,,
19384-0900-11.zip,202202141041,’†‹–€ŒSº˜a’¬¼ğ,1070,,
19384-0900-11.zip,202202141041,’†‹–€ŒSº˜a’¬¼ğ,1072-1,,
19384-0900-11.zip,202202141041,’†‹–€ŒSº˜a’¬¼ğ,1072-2,,
19384-0900-11.zip,202202141041,’†‹–€ŒSº˜a’¬¼ğ,1072-3,,
19384-0900-11.zip,202202141041,’†‹–€ŒSº˜a’¬¼ğ,1072-4,,
19384-0900-11.zip,202202141041,’†‹–€ŒSº˜a’¬¼ğ,1072-5,,
19384-0900-11.zip,202202141041,’†‹–€ŒSº˜a’¬¼ğ,1072-6,,
19384-0900-11.zip,202202141041,’†‹–€ŒSº˜a’¬¼ğ,1072-7,,
19384-0900-11.zip,202202141041,’†‹–€ŒSº˜a’¬¼ğ,1072-8,,
19384-0900-11.zip,202202141041,’†‹–€ŒSº˜a’¬¼ğ,1072-9,,
19384-0900-11.zip,202202141041,’†‹–€ŒSº˜a’¬¼ğ,1072-10,,
19384-0900-11.zip,202202141041,’†‹–€ŒSº˜a’¬¼ğ,1072-11,,
19384-0900-11.zip,202202141041,’†‹–€ŒSº˜a’¬¼ğ,1072-12,,
19384-0900-11.zip,202202141041,’†‹–€ŒSº˜a’¬¼ğ,1072-13,,
19384-0900-11.zip,202202141041,’†‹–€ŒSº˜a’¬¼ğ,1074-1,,
19384-0900-11.zip,202202141041,’†‹–€ŒSº˜a’¬¼ğ,1074-2,,
19384-0900-11.zip,202202141041,’†‹–€ŒSº˜a’¬¼ğ,1074-3,,
19384-0900-11.zip,202202141041,’†‹–€ŒSº˜a’¬¼ğ,1074-4,,
19384-0900-11.zip,202202141041,’†‹–€ŒSº˜a’¬¼ğ,1077,,
19384-0900-11.zip,202202141041,’†‹–€ŒSº˜a’¬¼ğ,1078-1,,
19384-0900-11.zip,202202141041,’†‹–€ŒSº˜a’¬¼ğ,1078-2,,
19384-0900-11.zip,202202141041,’†‹–€ŒSº˜a’¬¼ğ,1078-3,,
19384-0900-11.zip,202202141041,’†‹–€ŒSº˜a’¬¼ğ,1078-4,,
19384-0900-11.zip,202202141041,’†‹–€ŒSº˜a’¬¼ğ,1078-5,,
19384-0900-11.zip,202202141041,’†‹–€ŒSº˜a’¬¼ğ,1078-6,,
19384-0900-11.zip,202202141041,’†‹–€ŒSº˜a’¬¼ğ,1079,,
19384-0900-11.zip,202202141041,’†‹–€ŒSº˜a’¬¼ğ,1080-1,,
19384-0900-11.zip,202202141041,’†‹–€ŒSº˜a’¬¼ğ,1080-2,,
19384-0900-11.zip,202202141041,’†‹–€ŒSº˜a’¬¼ğ,1081-1,,
19384-0900-11.zip,202202141041,’†‹–€ŒSº˜a’¬¼ğ,1081-3,,
19384-0900-11.zip,202202141041,’†‹–€ŒSº˜a’¬¼ğ,1082-2,,
19384-0900-11.zip,202202141041,’†‹–€ŒSº˜a’¬¼ğ,1083-1,,
19384-0900-11.zip,202202141041,’†‹–€ŒSº˜a’¬¼ğ,1083-2,,
19384-0900-11.zip,202202141041,’†‹–€ŒSº˜a’¬¼ğ,1084-2,,
19384-0900-11.zip,202202141041,’†‹–€ŒSº˜a’¬¼ğ,1085,,
19384-0900-11.zip,202202141041,’†‹–€ŒSº˜a’¬¼ğ,1086,,
19384-0900-11.zip,202202141041,’†‹–€ŒSº˜a’¬¼ğ,1087-1,,
19384-0900-11.zip,202202141041,’†‹–€ŒSº˜a’¬¼ğ,1087-2,,
19384-0900-11.zip,202202141041,’†‹–€ŒSº˜a’¬¼ğ,1088-2,,
19384-0900-11.zip,202202141041,’†‹–€ŒSº˜a’¬¼ğ,1089-1,,
19384-0900-11.zip,202202141041,’†‹–€ŒSº˜a’¬¼ğ,1090-1,,
19384-0900-11.zip,202202141041,’†‹–€ŒSº˜a’¬¼ğ,1090-3,,
19384-0900-11.zip,202202141041,’†‹–€ŒSº˜a’¬¼ğ,1090-4,,
19384-0900-11.zip,202202141041,’†‹–€ŒSº˜a’¬¼ğ,1091-2,,
19384-0900-11.zip,202202141041,’†‹–€ŒSº˜a’¬¼ğ,1093-1,,
19384-0900-11.zip,202202141041,’†‹–€ŒSº˜a’¬¼ğ,1094-1,,
19384-0900-11.zip,202202141041,’†‹–€ŒSº˜a’¬¼ğ,1094-4,,
19384-0900-11.zip,202202141041,’†‹–€ŒSº˜a’¬¼ğ,1094-5,,
19384-0900-11.zip,202202141041,’†‹–€ŒSº˜a’¬¼ğ,1094-6,,
19384-0900-11.zip,202202141041,’†‹–€ŒSº˜a’¬¼ğ,1095-1,,
19384-0900-11.zip,202202141041,’†‹–€ŒSº˜a’¬¼ğ,1095-4,,
19384-0900-11.zip,202202141041,’†‹–€ŒSº˜a’¬¼ğ,1095-5,,
19384-0900-11.zip,202202141041,’†‹–€ŒSº˜a’¬¼ğ,1095-6,,
19384-0900-11.zip,202202141041,’†‹–€ŒSº˜a’¬¼ğ,1095-9,,
19384-0900-11.zip,202202141041,’†‹–€ŒSº˜a’¬¼ğ,1095-10,,
19384-0900-11.zip,202202141041,’†‹–€ŒSº˜a’¬¼ğ,1095-11,,
19384-0900-11.zip,202202141041,’†‹–€ŒSº˜a’¬¼ğ,1095-12,,
19384-0900-11.zip,202202141041,’†‹–€ŒSº˜a’¬¼ğ,1095-13,,
19384-0900-11.zip,202202141041,’†‹–€ŒSº˜a’¬¼ğ,1096-1,,
19384-0900-11.zip,202202141041,’†‹–€ŒSº˜a’¬¼ğ,1096-7,,
19384-0900-11.zip,202202141041,’†‹–€ŒSº˜a’¬¼ğ,1096-9,,
19384-0900-11.zip,202202141041,’†‹–€ŒSº˜a’¬¼ğ,1097,,
19384-0900-11.zip,202202141041,’†‹–€ŒSº˜a’¬¼ğ,1098-2,,
19384-0900-11.zip,202202141041,’†‹–€ŒSº˜a’¬¼ğ,1098-3,,
19384-0900-11.zip,202202141041,’†‹–€ŒSº˜a’¬¼ğ,1098-6,,
19384-0900-11.zip,202202141041,’†‹–€ŒSº˜a’¬¼ğ,1099,,
19384-0900-11.zip,202202141041,’†‹–€ŒSº˜a’¬¼ğ,1099-2,,
19384-0900-11.zip,202202141041,’†‹–€ŒSº˜a’¬¼ğ,1100,,
19384-0900-11.zip,202202141041,’†‹–€ŒSº˜a’¬¼ğ,1101-2,,
19384-0900-11.zip,202202141041,’†‹–€ŒSº˜a’¬¼ğ,1101-3,,
19384-0900-11.zip,202202141041,’†‹–€ŒSº˜a’¬¼ğ,1101-4,,
19384-0900-11.zip,202202141041,’†‹–€ŒSº˜a’¬¼ğ,1101-5,,
19384-0900-11.zip,202202141041,’†‹–€ŒSº˜a’¬¼ğ,1102,,
19384-0900-11.zip,202202141041,’†‹–€ŒSº˜a’¬¼ğ,1110-1,,
19384-0900-11.zip,202202141041,’†‹–€ŒSº˜a’¬¼ğ,1110-2,,
19384-0900-11.zip,202202141041,’†‹–€ŒSº˜a’¬¼ğ,1110-3,,
19384-0900-11.zip,202202141041,’†‹–€ŒSº˜a’¬¼ğ,1110-4,,
19384-0900-11.zip,202202141041,’†‹–€ŒSº˜a’¬¼ğ,1110-5,,
19384-0900-11.zip,202202141041,’†‹–€ŒSº˜a’¬¼ğ,1110-6,,
19384-0900-11.zip,202202141041,’†‹–€ŒSº˜a’¬¼ğ,1110-8,,
19384-0900-11.zip,202202141041,’†‹–€ŒSº˜a’¬¼ğ,1110-9,,
19384-0900-11.zip,202202141041,’†‹–€ŒSº˜a’¬¼ğ,1110-10,,
19384-0900-11.zip,202202141041,’†‹–€ŒSº˜a’¬¼ğ,1110-11,,
19384-0900-11.zip,202202141041,’†‹–€ŒSº˜a’¬¼ğ,1110-12,,
19384-0900-11.zip,202202141041,’†‹–€ŒSº˜a’¬¼ğ,1110-13,,
19384-0900-11.zip,202202141041,’†‹–€ŒSº˜a’¬¼ğ,1110-14,,
19384-0900-11.zip,202202141041,’†‹–€ŒSº˜a’¬¼ğ,1113-2,,
19384-0900-11.zip,202202141041,’†‹–€ŒSº˜a’¬¼ğ,1118-4,,
19384-0900-11.zip,202202141041,’†‹–€ŒSº˜a’¬¼ğ,1119-1,,
19384-0900-11.zip,202202141041,’†‹–€ŒSº˜a’¬¼ğ,1119-3,,
19384-0900-11.zip,202202141041,’†‹–€ŒSº˜a’¬¼ğ,1119-5,,
19384-0900-11.zip,202202141041,’†‹–€ŒSº˜a’¬¼ğ,1120-1,,
19384-0900-11.zip,202202141041,’†‹–€ŒSº˜a’¬¼ğ,1120-2,,
19384-0900-11.zip,202202141041,’†‹–€ŒSº˜a’¬¼ğ,1120-3,,
19384-0900-11.zip,202202141041,’†‹–€ŒSº˜a’¬¼ğ,1120-6,,
19384-0900-11.zip,202202141041,’†‹–€ŒSº˜a’¬¼ğ,1120-8,,
19384-0900-11.zip,202202141041,’†‹–€ŒSº˜a’¬¼ğ,1121-2,,
19384-0900-11.zip,202202141041,’†‹–€ŒSº˜a’¬¼ğ,1122-2,,
19384-0900-11.zip,202202141041,’†‹–€ŒSº˜a’¬¼ğ,1123-2,,
19384-0900-11.zip,202202141041,’†‹–€ŒSº˜a’¬¼ğ,1123-3,,
19384-0900-11.zip,202202141041,’†‹–€ŒSº˜a’¬¼ğ,“¹-26,,
19384-0900-11.zip,202202141041,’†‹–€ŒSº˜a’¬¼ğ,“¹-47,,
19384-0900-11.zip,202202141041,’†‹–€ŒSº˜a’¬¼ğ,“¹-137,,
19384-0900-11.zip,202202141041,’†‹–€ŒSº˜a’¬¼ğ,“¹-144,,
19384-0900-11.zip,202202141041,’†‹–€ŒSº˜a’¬¼ğ,“¹-190,,
19384-0900-11.zip,202202141041,’†‹–€ŒSº˜a’¬¼ğ,“¹-234,,
19384-0900-11.zip,202202141041,’†‹–€ŒSº˜a’¬¼ğ,“¹-247,,
19384-0900-11.zip,202202141041,’†‹–€ŒSº˜a’¬¼ğ,…-39,,
19384-0900-11.zip,202202141041,’†‹–€ŒSº˜a’¬¼ğ,…-127,,
19384-0900-11.zip,202202141041,’†‹–€ŒSº˜a’¬¼ğ,…-171,,
19384-0900-11.zip,202202141041,’†‹–€ŒSº˜a’¬¼ğ,…-193,,
19384-0900-11.zip,202202141041,’†‹–€ŒSº˜a’¬¼ğ,…-237,,
19384-0900-11.zip,202202141041,’†‹–€ŒSº˜a’¬¼ğ,…-247,,
19384-0900-11.zip,202202141041,’†‹–€ŒSº˜a’¬¼ğ,…-262,,
19384-0900-11.zip,202202141041,’†‹–€ŒSº˜a’¬¼ğ,…-271,,
19384-0900-11.zip,202202141041,’†‹–€ŒSº˜a’¬¼ğ,…-291,,
19384-0900-11.zip,202202141041,’†‹–€ŒSº˜a’¬¼ğ,…-310,,
19384-0900-11.zip,202202141041,’†‹–€ŒSº˜a’¬¼ğ,…-338,,
19384-0900-11.zip,202202141041,’†‹–€ŒSº˜a’¬¼ğ,…-344,,
19384-0900-11.zip,202202141041,’†‹–€ŒSº˜a’¬¼ğ,1124-2,,
19384-0900-11.zip,202202141041,’†‹–€ŒSº˜a’¬¼ğ,1124-3,,
19384-0900-11.zip,202202141041,’†‹–€ŒSº˜a’¬¼ğ,1125,,
19384-0900-11.zip,202202141041,’†‹–€ŒSº˜a’¬¼ğ,1126,,
19384-0900-11.zip,202202141041,’†‹–€ŒSº˜a’¬¼ğ,1127,,
19384-0900-11.zip,202202141041,’†‹–€ŒSº˜a’¬¼ğ,1128,,
19384-0900-11.zip,202202141041,’†‹–€ŒSº˜a’¬¼ğ,1129,,
19384-0900-11.zip,202202141041,’†‹–€ŒSº˜a’¬¼ğ,1130-1,,
19384-0900-11.zip,202202141041,’†‹–€ŒSº˜a’¬¼ğ,1131,,
19384-0900-11.zip,202202141041,’†‹–€ŒSº˜a’¬¼ğ,1132-1,,
19384-0900-11.zip,202202141041,’†‹–€ŒSº˜a’¬¼ğ,1133-1,,
19384-0900-11.zip,202202141041,’†‹–€ŒSº˜a’¬¼ğ,1134-1,,
19384-0900-11.zip,202202141041,’†‹–€ŒSº˜a’¬¼ğ,1134-3,,
19384-0900-11.zip,202202141041,’†‹–€ŒSº˜a’¬¼ğ,1135-1,,
19384-0900-11.zip,202202141041,’†‹–€ŒSº˜a’¬¼ğ,1135-2,,
19384-0900-11.zip,202202141041,’†‹–€ŒSº˜a’¬¼ğ,1136,,
19384-0900-11.zip,202202141041,’†‹–€ŒSº˜a’¬¼ğ,1137-1,,
19384-0900-11.zip,202202141041,’†‹–€ŒSº˜a’¬¼ğ,1137-2,,
19384-0900-11.zip,202202141041,’†‹–€ŒSº˜a’¬¼ğ,1137-3,,
19384-0900-11.zip,202202141041,’†‹–€ŒSº˜a’¬¼ğ,1137-4,,
19384-0900-11.zip,202202141041,’†‹–€ŒSº˜a’¬¼ğ,1138-1,,
19384-0900-11.zip,202202141041,’†‹–€ŒSº˜a’¬¼ğ,1138-2,,
19384-0900-11.zip,202202141041,’†‹–€ŒSº˜a’¬¼ğ,1138-3,,
19384-0900-11.zip,202202141041,’†‹–€ŒSº˜a’¬¼ğ,1138-4,,
19384-0900-11.zip,202202141041,’†‹–€ŒSº˜a’¬¼ğ,1138-5,,
19384-0900-11.zip,202202141041,’†‹–€ŒSº˜a’¬¼ğ,1139-2,,
19384-0900-11.zip,202202141041,’†‹–€ŒSº˜a’¬¼ğ,1139-3,,
19384-0900-11.zip,202202141041,’†‹–€ŒSº˜a’¬¼ğ,1140-1,,
19384-0900-11.zip,202202141041,’†‹–€ŒSº˜a’¬¼ğ,1140-2,,
19384-0900-11.zip,202202141041,’†‹–€ŒSº˜a’¬¼ğ,1140-3,,
19384-0900-11.zip,202202141041,’†‹–€ŒSº˜a’¬¼ğ,1141-1,,
19384-0900-11.zip,202202141041,’†‹–€ŒSº˜a’¬¼ğ,1141-2,,
19384-0900-11.zip,202202141041,’†‹–€ŒSº˜a’¬¼ğ,1142,,
19384-0900-11.zip,202202141041,’†‹–€ŒSº˜a’¬¼ğ,1143-2,,
19384-0900-11.zip,202202141041,’†‹–€ŒSº˜a’¬¼ğ,1144-1,,
19384-0900-11.zip,202202141041,’†‹–€ŒSº˜a’¬¼ğ,1144-2,,
19384-0900-11.zip,202202141041,’†‹–€ŒSº˜a’¬¼ğ,1144-3,,
19384-0900-11.zip,202202141041,’†‹–€ŒSº˜a’¬¼ğ,1144-4,,
19384-0900-11.zip,202202141041,’†‹–€ŒSº˜a’¬¼ğ,1145-1,,
19384-0900-11.zip,202202141041,’†‹–€ŒSº˜a’¬¼ğ,1145-3,,
19384-0900-11.zip,202202141041,’†‹–€ŒSº˜a’¬¼ğ,1145-5,,
19384-0900-11.zip,202202141041,’†‹–€ŒSº˜a’¬¼ğ,1145-6,,
19384-0900-11.zip,202202141041,’†‹–€ŒSº˜a’¬¼ğ,1145-7,,
19384-0900-11.zip,202202141041,’†‹–€ŒSº˜a’¬¼ğ,1146-1,,
19384-0900-11.zip,202202141041,’†‹–€ŒSº˜a’¬¼ğ,1146-4,,
19384-0900-11.zip,202202141041,’†‹–€ŒSº˜a’¬¼ğ,1146-6,,
19384-0900-11.zip,202202141041,’†‹–€ŒSº˜a’¬¼ğ,1146-7,,
19384-0900-11.zip,202202141041,’†‹–€ŒSº˜a’¬¼ğ,1147-2,,
19384-0900-11.zip,202202141041,’†‹–€ŒSº˜a’¬¼ğ,1147-3,,
19384-0900-11.zip,202202141041,’†‹–€ŒSº˜a’¬¼ğ,1147-4,,
19384-0900-11.zip,202202141041,’†‹–€ŒSº˜a’¬¼ğ,1148,,
19384-0900-11.zip,202202141041,’†‹–€ŒSº˜a’¬¼ğ,1149,,
19384-0900-11.zip,202202141041,’†‹–€ŒSº˜a’¬¼ğ,1150,,
19384-0900-11.zip,202202141041,’†‹–€ŒSº˜a’¬¼ğ,1151,,
19384-0900-11.zip,202202141041,’†‹–€ŒSº˜a’¬¼ğ,1152-1,,
19384-0900-11.zip,202202141041,’†‹–€ŒSº˜a’¬¼ğ,1152-2,,
19384-0900-11.zip,202202141041,’†‹–€ŒSº˜a’¬¼ğ,1152-3,,
19384-0900-11.zip,202202141041,’†‹–€ŒSº˜a’¬¼ğ,1152-4,,
19384-0900-11.zip,202202141041,’†‹–€ŒSº˜a’¬¼ğ,1153-1,,
19384-0900-11.zip,202202141041,’†‹–€ŒSº˜a’¬¼ğ,1153-2,,
19384-0900-11.zip,202202141041,’†‹–€ŒSº˜a’¬¼ğ,1153-3,,
19384-0900-11.zip,202202141041,’†‹–€ŒSº˜a’¬¼ğ,1154-2,,
19384-0900-11.zip,202202141041,’†‹–€ŒSº˜a’¬¼ğ,1154-3,,
19384-0900-11.zip,202202141041,’†‹–€ŒSº˜a’¬¼ğ,1154-4,,
19384-0900-11.zip,202202141041,’†‹–€ŒSº˜a’¬¼ğ,1155-1,,
19384-0900-11.zip,202202141041,’†‹–€ŒSº˜a’¬¼ğ,1155-2,,
19384-0900-11.zip,202202141041,’†‹–€ŒSº˜a’¬¼ğ,1155-3,,
19384-0900-11.zip,202202141041,’†‹–€ŒSº˜a’¬¼ğ,1155-4,,
19384-0900-11.zip,202202141041,’†‹–€ŒSº˜a’¬¼ğ,1155-5,,
19384-0900-11.zip,202202141041,’†‹–€ŒSº˜a’¬¼ğ,1155-6,,
19384-0900-11.zip,202202141041,’†‹–€ŒSº˜a’¬¼ğ,1157-2,,
19384-0900-11.zip,202202141041,’†‹–€ŒSº˜a’¬¼ğ,1157-3,,
19384-0900-11.zip,202202141041,’†‹–€ŒSº˜a’¬¼ğ,1157-4,,
19384-0900-11.zip,202202141041,’†‹–€ŒSº˜a’¬¼ğ,1158-2,,
19384-0900-11.zip,202202141041,’†‹–€ŒSº˜a’¬¼ğ,1158-3,,
19384-0900-11.zip,202202141041,’†‹–€ŒSº˜a’¬¼ğ,1159,,
19384-0900-11.zip,202202141041,’†‹–€ŒSº˜a’¬¼ğ,1160-1,,
19384-0900-11.zip,202202141041,’†‹–€ŒSº˜a’¬¼ğ,1160-3,,
19384-0900-11.zip,202202141041,’†‹–€ŒSº˜a’¬¼ğ,1160-5,,
19384-0900-11.zip,202202141041,’†‹–€ŒSº˜a’¬¼ğ,1162-3,,
19384-0900-11.zip,202202141041,’†‹–€ŒSº˜a’¬¼ğ,1162-6,,
19384-0900-11.zip,202202141041,’†‹–€ŒSº˜a’¬¼ğ,“¹-31,,
19384-0900-11.zip,202202141041,’†‹–€ŒSº˜a’¬¼ğ,“¹-139,,
19384-0900-11.zip,202202141041,’†‹–€ŒSº˜a’¬¼ğ,…-141,,
19384-0900-11.zip,202202141041,’†‹–€ŒSº˜a’¬¼ğ,…-157,,
19384-0900-11.zip,202202141041,’†‹–€ŒSº˜a’¬¼ğ,…-175,,
19384-0900-11.zip,202202141041,’†‹–€ŒSº˜a’¬¼ğ,…-197,,
19384-0900-11.zip,202202141041,’†‹–€ŒSº˜a’¬¼ğ,…-222,,
19384-0900-11.zip,202202141041,’†‹–€ŒSº˜a’¬¼ğ,…-242,,
19384-0900-11.zip,202202141041,’†‹–€ŒSº˜a’¬¼ğ,’·‹·•¨•s–¾-6,,
19384-0900-11.zip,202202141041,’†‹–€ŒSº˜a’¬¼ğ,1163-1,,
19384-0900-11.zip,202202141041,’†‹–€ŒSº˜a’¬¼ğ,1163-4,,
19384-0900-11.zip,202202141041,’†‹–€ŒSº˜a’¬¼ğ,1163-7,,
19384-0900-11.zip,202202141041,’†‹–€ŒSº˜a’¬¼ğ,1165-3,,
19384-0900-11.zip,202202141041,’†‹–€ŒSº˜a’¬¼ğ,1165-4,,
19384-0900-11.zip,202202141041,’†‹–€ŒSº˜a’¬¼ğ,1166-1,,
19384-0900-11.zip,202202141041,’†‹–€ŒSº˜a’¬¼ğ,1166-2,,
19384-0900-11.zip,202202141041,’†‹–€ŒSº˜a’¬¼ğ,1167-1,,
19384-0900-11.zip,202202141041,’†‹–€ŒSº˜a’¬¼ğ,1167-4,,
19384-0900-11.zip,202202141041,’†‹–€ŒSº˜a’¬¼ğ,1168-1,,
19384-0900-11.zip,202202141041,’†‹–€ŒSº˜a’¬¼ğ,1168-3,,
19384-0900-11.zip,202202141041,’†‹–€ŒSº˜a’¬¼ğ,1168-4,,
19384-0900-11.zip,202202141041,’†‹–€ŒSº˜a’¬¼ğ,1168-7,,
19384-0900-11.zip,202202141041,’†‹–€ŒSº˜a’¬¼ğ,1168-8,,
19384-0900-11.zip,202202141041,’†‹–€ŒSº˜a’¬¼ğ,1168-9,,
19384-0900-11.zip,202202141041,’†‹–€ŒSº˜a’¬¼ğ,1168-10,,
19384-0900-11.zip,202202141041,’†‹–€ŒSº˜a’¬¼ğ,1170-1,,
19384-0900-11.zip,202202141041,’†‹–€ŒSº˜a’¬¼ğ,1172,,
19384-0900-11.zip,202202141041,’†‹–€ŒSº˜a’¬¼ğ,1173-1,,
19384-0900-11.zip,202202141041,’†‹–€ŒSº˜a’¬¼ğ,1173-3,,
19384-0900-11.zip,202202141041,’†‹–€ŒSº˜a’¬¼ğ,1173-4,,
19384-0900-11.zip,202202141041,’†‹–€ŒSº˜a’¬¼ğ,1174-5,,
19384-0900-11.zip,202202141041,’†‹–€ŒSº˜a’¬¼ğ,1175,,
19384-0900-11.zip,202202141041,’†‹–€ŒSº˜a’¬¼ğ,1176-1,,
19384-0900-11.zip,202202141041,’†‹–€ŒSº˜a’¬¼ğ,1180,,
19384-0900-11.zip,202202141041,’†‹–€ŒSº˜a’¬¼ğ,1182-1,,
19384-0900-11.zip,202202141041,’†‹–€ŒSº˜a’¬¼ğ,1183-1,,
19384-0900-11.zip,202202141041,’†‹–€ŒSº˜a’¬¼ğ,1183-3,,
19384-0900-11.zip,202202141041,’†‹–€ŒSº˜a’¬¼ğ,1184-1,,
19384-0900-11.zip,202202141041,’†‹–€ŒSº˜a’¬¼ğ,1184-2,,
19384-0900-11.zip,202202141041,’†‹–€ŒSº˜a’¬¼ğ,1185-1,,
19384-0900-11.zip,202202141041,’†‹–€ŒSº˜a’¬¼ğ,1185-3,,
19384-0900-11.zip,202202141041,’†‹–€ŒSº˜a’¬¼ğ,1185-4,,
19384-0900-11.zip,202202141041,’†‹–€ŒSº˜a’¬¼ğ,1185-5,,
19384-0900-11.zip,202202141041,’†‹–€ŒSº˜a’¬¼ğ,1185-6,,
19384-0900-11.zip,202202141041,’†‹–€ŒSº˜a’¬¼ğ,1185-7,,
19384-0900-11.zip,202202141041,’†‹–€ŒSº˜a’¬¼ğ,1185-8,,
19384-0900-11.zip,202202141041,’†‹–€ŒSº˜a’¬¼ğ,1186-1,,
19384-0900-11.zip,202202141041,’†‹–€ŒSº˜a’¬¼ğ,1186-4,,
19384-0900-11.zip,202202141041,’†‹–€ŒSº˜a’¬¼ğ,1186-5,,
19384-0900-11.zip,202202141041,’†‹–€ŒSº˜a’¬¼ğ,1186-6,,
19384-0900-11.zip,202202141041,’†‹–€ŒSº˜a’¬¼ğ,1189-1,,
19384-0900-11.zip,202202141041,’†‹–€ŒSº˜a’¬¼ğ,1189-7,,
19384-0900-11.zip,202202141041,’†‹–€ŒSº˜a’¬¼ğ,1190,,
19384-0900-11.zip,202202141041,’†‹–€ŒSº˜a’¬¼ğ,1190-2,,
19384-0900-11.zip,202202141041,’†‹–€ŒSº˜a’¬¼ğ,1191,,
19384-0900-11.zip,202202141041,’†‹–€ŒSº˜a’¬¼ğ,1193,,
19384-0900-11.zip,202202141041,’†‹–€ŒSº˜a’¬¼ğ,1194,,
19384-0900-11.zip,202202141041,’†‹–€ŒSº˜a’¬¼ğ,1195,,
19384-0900-11.zip,202202141041,’†‹–€ŒSº˜a’¬¼ğ,1196-1,,
19384-0900-11.zip,202202141041,’†‹–€ŒSº˜a’¬¼ğ,1196-2,,
19384-0900-11.zip,202202141041,’†‹–€ŒSº˜a’¬¼ğ,1196-3,,
19384-0900-11.zip,202202141041,’†‹–€ŒSº˜a’¬¼ğ,1197-1,,
19384-0900-11.zip,202202141041,’†‹–€ŒSº˜a’¬¼ğ,1197-2,,
19384-0900-11.zip,202202141041,’†‹–€ŒSº˜a’¬¼ğ,1197-3,,
19384-0900-11.zip,202202141041,’†‹–€ŒSº˜a’¬¼ğ,1197-5,,
19384-0900-11.zip,202202141041,’†‹–€ŒSº˜a’¬¼ğ,1198-1,,
19384-0900-11.zip,202202141041,’†‹–€ŒSº˜a’¬¼ğ,1202-1,,
19384-0900-11.zip,202202141041,’†‹–€ŒSº˜a’¬¼ğ,1203,,
19384-0900-11.zip,202202141041,’†‹–€ŒSº˜a’¬¼ğ,1204-1,,
19384-0900-11.zip,202202141041,’†‹–€ŒSº˜a’¬¼ğ,1204-2,,
19384-0900-11.zip,202202141041,’†‹–€ŒSº˜a’¬¼ğ,1205-2,,
19384-0900-11.zip,202202141041,’†‹–€ŒSº˜a’¬¼ğ,1205-6,,
19384-0900-11.zip,202202141041,’†‹–€ŒSº˜a’¬¼ğ,1206-1,,
19384-0900-11.zip,202202141041,’†‹–€ŒSº˜a’¬¼ğ,1206-2,,
19384-0900-11.zip,202202141041,’†‹–€ŒSº˜a’¬¼ğ,1208-1,,
19384-0900-11.zip,202202141041,’†‹–€ŒSº˜a’¬¼ğ,1209-1,,
19384-0900-11.zip,202202141041,’†‹–€ŒSº˜a’¬¼ğ,1209-2,,
19384-0900-11.zip,202202141041,’†‹–€ŒSº˜a’¬¼ğ,1210,,
19384-0900-11.zip,202202141041,’†‹–€ŒSº˜a’¬¼ğ,1210-2,,
19384-0900-11.zip,202202141041,’†‹–€ŒSº˜a’¬¼ğ,1211-1,,
19384-0900-11.zip,202202141041,’†‹–€ŒSº˜a’¬¼ğ,1211-3,,
19384-0900-11.zip,202202141041,’†‹–€ŒSº˜a’¬¼ğ,1212-1,,
19384-0900-11.zip,202202141041,’†‹–€ŒSº˜a’¬¼ğ,1212-2,,
19384-0900-11.zip,202202141041,’†‹–€ŒSº˜a’¬¼ğ,1213-1,,
19384-0900-11.zip,202202141041,’†‹–€ŒSº˜a’¬¼ğ,1213-2,,
19384-0900-11.zip,202202141041,’†‹–€ŒSº˜a’¬¼ğ,1215-1,,
19384-0900-11.zip,202202141041,’†‹–€ŒSº˜a’¬¼ğ,1215-2,,
19384-0900-11.zip,202202141041,’†‹–€ŒSº˜a’¬¼ğ,1215-3,,
19384-0900-11.zip,202202141041,’†‹–€ŒSº˜a’¬¼ğ,1216-1,,
19384-0900-11.zip,202202141041,’†‹–€ŒSº˜a’¬¼ğ,1216-2,,
19384-0900-11.zip,202202141041,’†‹–€ŒSº˜a’¬¼ğ,1216-3,,
19384-0900-11.zip,202202141041,’†‹–€ŒSº˜a’¬¼ğ,1218-1,,
19384-0900-11.zip,202202141041,’†‹–€ŒSº˜a’¬¼ğ,1218-4,,
19384-0900-11.zip,202202141041,’†‹–€ŒSº˜a’¬¼ğ,1219-1,,
19384-0900-11.zip,202202141041,’†‹–€ŒSº˜a’¬¼ğ,1219-2,,
19384-0900-11.zip,202202141041,’†‹–€ŒSº˜a’¬¼ğ,“¹-39,,
19384-0900-11.zip,202202141041,’†‹–€ŒSº˜a’¬¼ğ,“¹-40,,
19384-0900-11.zip,202202141041,’†‹–€ŒSº˜a’¬¼ğ,“¹-171,,
19384-0900-11.zip,202202141041,’†‹–€ŒSº˜a’¬¼ğ,“¹-189,,
19384-0900-11.zip,202202141041,’†‹–€ŒSº˜a’¬¼ğ,“¹-290,,
19384-0900-11.zip,202202141041,’†‹–€ŒSº˜a’¬¼ğ,…-185,,
19384-0900-11.zip,202202141041,’†‹–€ŒSº˜a’¬¼ğ,…-205,,
19384-0900-11.zip,202202141041,’†‹–€ŒSº˜a’¬¼ğ,…-252,,
19384-0900-11.zip,202202141041,’†‹–€ŒSº˜a’¬¼ğ,1222-2,,
19384-0900-11.zip,202202141041,’†‹–€ŒSº˜a’¬¼ğ,1222-3,,
19384-0900-11.zip,202202141041,’†‹–€ŒSº˜a’¬¼ğ,1224,,
19384-0900-11.zip,202202141041,’†‹–€ŒSº˜a’¬¼ğ,1225-2,,
19384-0900-11.zip,202202141041,’†‹–€ŒSº˜a’¬¼ğ,1226-3,,
19384-0900-11.zip,202202141041,’†‹–€ŒSº˜a’¬¼ğ,1227,,
19384-0900-11.zip,202202141041,’†‹–€ŒSº˜a’¬¼ğ,1230-4,,
19384-0900-11.zip,202202141041,’†‹–€ŒSº˜a’¬¼ğ,1231,,
19384-0900-11.zip,202202141041,’†‹–€ŒSº˜a’¬¼ğ,1232-1,,
19384-0900-11.zip,202202141041,’†‹–€ŒSº˜a’¬¼ğ,1232-2,,
19384-0900-11.zip,202202141041,’†‹–€ŒSº˜a’¬¼ğ,1234,,
19384-0900-11.zip,202202141041,’†‹–€ŒSº˜a’¬¼ğ,1236,,
19384-0900-11.zip,202202141041,’†‹–€ŒSº˜a’¬¼ğ,1241,,
19384-0900-11.zip,202202141041,’†‹–€ŒSº˜a’¬¼ğ,1244,,
19384-0900-11.zip,202202141041,’†‹–€ŒSº˜a’¬¼ğ,1245-3,,
19384-0900-11.zip,202202141041,’†‹–€ŒSº˜a’¬¼ğ,1252,,
19384-0900-11.zip,202202141041,’†‹–€ŒSº˜a’¬¼ğ,1254,,
19384-0900-11.zip,202202141041,’†‹–€ŒSº˜a’¬¼ğ,1255,,
19384-0900-11.zip,202202141041,’†‹–€ŒSº˜a’¬¼ğ,1256-3,,
19384-0900-11.zip,202202141041,’†‹–€ŒSº˜a’¬¼ğ,1257-3,,
19384-0900-11.zip,202202141041,’†‹–€ŒSº˜a’¬¼ğ,1258-3,,
19384-0900-11.zip,202202141041,’†‹–€ŒSº˜a’¬¼ğ,1259,,
19384-0900-11.zip,202202141041,’†‹–€ŒSº˜a’¬¼ğ,1260,,
19384-0900-11.zip,202202141041,’†‹–€ŒSº˜a’¬¼ğ,1261,,
19384-0900-11.zip,202202141041,’†‹–€ŒSº˜a’¬¼ğ,1262,,
19384-0900-11.zip,202202141041,’†‹–€ŒSº˜a’¬¼ğ,1264-2,,
19384-0900-11.zip,202202141041,’†‹–€ŒSº˜a’¬¼ğ,1265-2,,
19384-0900-11.zip,202202141041,’†‹–€ŒSº˜a’¬¼ğ,1268,,
19384-0900-11.zip,202202141041,’†‹–€ŒSº˜a’¬¼ğ,1269-1,,
19384-0900-11.zip,202202141041,’†‹–€ŒSº˜a’¬¼ğ,1269-3,,
19384-0900-11.zip,202202141041,’†‹–€ŒSº˜a’¬¼ğ,1272-1,,
19384-0900-11.zip,202202141041,’†‹–€ŒSº˜a’¬¼ğ,1272-3,,
19384-0900-11.zip,202202141041,’†‹–€ŒSº˜a’¬¼ğ,1274,,
19384-0900-11.zip,202202141041,’†‹–€ŒSº˜a’¬¼ğ,1275-1,,
19384-0900-11.zip,202202141041,’†‹–€ŒSº˜a’¬¼ğ,1280,,
19384-0900-11.zip,202202141041,’†‹–€ŒSº˜a’¬¼ğ,1281-3,,
19384-0900-11.zip,202202141041,’†‹–€ŒSº˜a’¬¼ğ,1286-1,,
19384-0900-11.zip,202202141041,’†‹–€ŒSº˜a’¬¼ğ,1286-2,,
19384-0900-11.zip,202202141041,’†‹–€ŒSº˜a’¬¼ğ,1287-2,,
19384-0900-11.zip,202202141041,’†‹–€ŒSº˜a’¬¼ğ,1287-3,,
19384-0900-11.zip,202202141041,’†‹–€ŒSº˜a’¬¼ğ,1288-1,,
19384-0900-11.zip,202202141041,’†‹–€ŒSº˜a’¬¼ğ,1288-2,,
19384-0900-11.zip,202202141041,’†‹–€ŒSº˜a’¬¼ğ,1289-1,,
19384-0900-11.zip,202202141041,’†‹–€ŒSº˜a’¬¼ğ,1289-2,,
19384-0900-11.zip,202202141041,’†‹–€ŒSº˜a’¬¼ğ,1289-3,,
19384-0900-11.zip,202202141041,’†‹–€ŒSº˜a’¬¼ğ,1289-4,,
19384-0900-11.zip,202202141041,’†‹–€ŒSº˜a’¬¼ğ,1289-5,,
19384-0900-11.zip,202202141041,’†‹–€ŒSº˜a’¬¼ğ,1289-6,,
19384-0900-11.zip,202202141041,’†‹–€ŒSº˜a’¬¼ğ,1290-2,,
19384-0900-11.zip,202202141041,’†‹–€ŒSº˜a’¬¼ğ,1290-3,,
19384-0900-11.zip,202202141041,’†‹–€ŒSº˜a’¬¼ğ,1291,,
19384-0900-11.zip,202202141041,’†‹–€ŒSº˜a’¬¼ğ,1291-2,,
19384-0900-11.zip,202202141041,’†‹–€ŒSº˜a’¬¼ğ,1296,,
19384-0900-11.zip,202202141041,’†‹–€ŒSº˜a’¬¼ğ,1296-2,,
19384-0900-11.zip,202202141041,’†‹–€ŒSº˜a’¬¼ğ,1297-2,,
19384-0900-11.zip,202202141041,’†‹–€ŒSº˜a’¬¼ğ,1300,,
19384-0900-11.zip,202202141041,’†‹–€ŒSº˜a’¬¼ğ,1301,,
19384-0900-11.zip,202202141041,’†‹–€ŒSº˜a’¬¼ğ,1304,,
19384-0900-11.zip,202202141041,’†‹–€ŒSº˜a’¬¼ğ,1305,,
19384-0900-11.zip,202202141041,’†‹–€ŒSº˜a’¬¼ğ,1306,,
19384-0900-11.zip,202202141041,’†‹–€ŒSº˜a’¬¼ğ,1307,,
19384-0900-11.zip,202202141041,’†‹–€ŒSº˜a’¬¼ğ,1308,,
19384-0900-11.zip,202202141041,’†‹–€ŒSº˜a’¬¼ğ,1309-1,,
19384-0900-11.zip,202202141041,’†‹–€ŒSº˜a’¬¼ğ,1309-2,,
19384-0900-11.zip,202202141041,’†‹–€ŒSº˜a’¬¼ğ,1310,,
19384-0900-11.zip,202202141041,’†‹–€ŒSº˜a’¬¼ğ,1314-1,,
19384-0900-11.zip,202202141041,’†‹–€ŒSº˜a’¬¼ğ,1314-2,,
19384-0900-11.zip,202202141041,’†‹–€ŒSº˜a’¬¼ğ,1314-3,,
19384-0900-11.zip,202202141041,’†‹–€ŒSº˜a’¬¼ğ,1315-1,,
19384-0900-11.zip,202202141041,’†‹–€ŒSº˜a’¬¼ğ,1315-2,,
19384-0900-11.zip,202202141041,’†‹–€ŒSº˜a’¬¼ğ,1316-1,,
19384-0900-11.zip,202202141041,’†‹–€ŒSº˜a’¬¼ğ,1316-3,,
19384-0900-11.zip,202202141041,’†‹–€ŒSº˜a’¬¼ğ,1316-4,,
19384-0900-11.zip,202202141041,’†‹–€ŒSº˜a’¬¼ğ,1316-5,,
19384-0900-11.zip,202202141041,’†‹–€ŒSº˜a’¬¼ğ,1317-1,,
19384-0900-11.zip,202202141041,’†‹–€ŒSº˜a’¬¼ğ,1317-3,,
19384-0900-11.zip,202202141041,’†‹–€ŒSº˜a’¬¼ğ,1317-5,,
19384-0900-11.zip,202202141041,’†‹–€ŒSº˜a’¬¼ğ,1317-6,,
19384-0900-11.zip,202202141041,’†‹–€ŒSº˜a’¬¼ğ,1317-7,,
19384-0900-11.zip,202202141041,’†‹–€ŒSº˜a’¬¼ğ,1317-8,,
19384-0900-11.zip,202202141041,’†‹–€ŒSº˜a’¬¼ğ,1318-2,,
19384-0900-11.zip,202202141041,’†‹–€ŒSº˜a’¬¼ğ,1319,,
19384-0900-11.zip,202202141041,’†‹–€ŒSº˜a’¬¼ğ,1320,,
19384-0900-11.zip,202202141041,’†‹–€ŒSº˜a’¬¼ğ,1321-1,,
19384-0900-11.zip,202202141041,’†‹–€ŒSº˜a’¬¼ğ,1321-2,,
19384-0900-11.zip,202202141041,’†‹–€ŒSº˜a’¬¼ğ,1322-3,,
19384-0900-11.zip,202202141041,’†‹–€ŒSº˜a’¬¼ğ,1323-1,,
19384-0900-11.zip,202202141041,’†‹–€ŒSº˜a’¬¼ğ,1323-3,,
19384-0900-11.zip,202202141041,’†‹–€ŒSº˜a’¬¼ğ,1323-5,,
19384-0900-11.zip,202202141041,’†‹–€ŒSº˜a’¬¼ğ,1325,,
19384-0900-11.zip,202202141041,’†‹–€ŒSº˜a’¬¼ğ,1326-1,,
19384-0900-11.zip,202202141041,’†‹–€ŒSº˜a’¬¼ğ,1326-2,,
19384-0900-11.zip,202202141041,’†‹–€ŒSº˜a’¬¼ğ,1327,,
19384-0900-11.zip,202202141041,’†‹–€ŒSº˜a’¬¼ğ,1328-1,,
19384-0900-11.zip,202202141041,’†‹–€ŒSº˜a’¬¼ğ,1328-4,,
19384-0900-11.zip,202202141041,’†‹–€ŒSº˜a’¬¼ğ,1329-1,,
19384-0900-11.zip,202202141041,’†‹–€ŒSº˜a’¬¼ğ,1329-4,,
19384-0900-11.zip,202202141041,’†‹–€ŒSº˜a’¬¼ğ,1329-5,,
19384-0900-11.zip,202202141041,’†‹–€ŒSº˜a’¬¼ğ,1330-1,,
19384-0900-11.zip,202202141041,’†‹–€ŒSº˜a’¬¼ğ,1330-2,,
19384-0900-11.zip,202202141041,’†‹–€ŒSº˜a’¬¼ğ,1330-3,,
19384-0900-11.zip,202202141041,’†‹–€ŒSº˜a’¬¼ğ,1330-4,,
19384-0900-11.zip,202202141041,’†‹–€ŒSº˜a’¬¼ğ,1330-5,,
19384-0900-11.zip,202202141041,’†‹–€ŒSº˜a’¬¼ğ,1331,,
19384-0900-11.zip,202202141041,’†‹–€ŒSº˜a’¬¼ğ,1332,,
19384-0900-11.zip,202202141041,’†‹–€ŒSº˜a’¬¼ğ,1333,,
19384-0900-11.zip,202202141041,’†‹–€ŒSº˜a’¬¼ğ,1334,,
19384-0900-11.zip,202202141041,’†‹–€ŒSº˜a’¬¼ğ,1335-1,,
19384-0900-11.zip,202202141041,’†‹–€ŒSº˜a’¬¼ğ,1335-2,,
19384-0900-11.zip,202202141041,’†‹–€ŒSº˜a’¬¼ğ,1335-3,,
19384-0900-11.zip,202202141041,’†‹–€ŒSº˜a’¬¼ğ,1336-1,,
19384-0900-11.zip,202202141041,’†‹–€ŒSº˜a’¬¼ğ,1336-2,,
19384-0900-11.zip,202202141041,’†‹–€ŒSº˜a’¬¼ğ,1336-3,,
19384-0900-11.zip,202202141041,’†‹–€ŒSº˜a’¬¼ğ,1337,,
19384-0900-11.zip,202202141041,’†‹–€ŒSº˜a’¬¼ğ,1338,,
19384-0900-11.zip,202202141041,’†‹–€ŒSº˜a’¬¼ğ,1339,,
19384-0900-11.zip,202202141041,’†‹–€ŒSº˜a’¬¼ğ,1342-1,,
19384-0900-11.zip,202202141041,’†‹–€ŒSº˜a’¬¼ğ,1342-3,,
19384-0900-11.zip,202202141041,’†‹–€ŒSº˜a’¬¼ğ,1344-5,,
19384-0900-11.zip,202202141041,’†‹–€ŒSº˜a’¬¼ğ,1346-1,,
19384-0900-11.zip,202202141041,’†‹–€ŒSº˜a’¬¼ğ,1347,,
19384-0900-11.zip,202202141041,’†‹–€ŒSº˜a’¬¼ğ,1348,,
19384-0900-11.zip,202202141041,’†‹–€ŒSº˜a’¬¼ğ,1349,,
19384-0900-11.zip,202202141041,’†‹–€ŒSº˜a’¬¼ğ,1350,,
19384-0900-11.zip,202202141041,’†‹–€ŒSº˜a’¬¼ğ,1351-2,,
19384-0900-11.zip,202202141041,’†‹–€ŒSº˜a’¬¼ğ,1353,,
19384-0900-11.zip,202202141041,’†‹–€ŒSº˜a’¬¼ğ,1353-2,,
19384-0900-11.zip,202202141041,’†‹–€ŒSº˜a’¬¼ğ,1354,,
19384-0900-11.zip,202202141041,’†‹–€ŒSº˜a’¬¼ğ,1354-2,,
19384-0900-11.zip,202202141041,’†‹–€ŒSº˜a’¬¼ğ,1354-3,,
19384-0900-11.zip,202202141041,’†‹–€ŒSº˜a’¬¼ğ,1354-4,,
19384-0900-11.zip,202202141041,’†‹–€ŒSº˜a’¬¼ğ,1355,,
19384-0900-11.zip,202202141041,’†‹–€ŒSº˜a’¬¼ğ,1355-2,,
19384-0900-11.zip,202202141041,’†‹–€ŒSº˜a’¬¼ğ,1356,,
19384-0900-11.zip,202202141041,’†‹–€ŒSº˜a’¬¼ğ,1356-2,,
19384-0900-11.zip,202202141041,’†‹–€ŒSº˜a’¬¼ğ,1358,,
19384-0900-11.zip,202202141041,’†‹–€ŒSº˜a’¬¼ğ,1359-1,,
19384-0900-11.zip,202202141041,’†‹–€ŒSº˜a’¬¼ğ,1359-2,,
19384-0900-11.zip,202202141041,’†‹–€ŒSº˜a’¬¼ğ,1360,,
19384-0900-11.zip,202202141041,’†‹–€ŒSº˜a’¬¼ğ,1363,,
19384-0900-11.zip,202202141041,’†‹–€ŒSº˜a’¬¼ğ,1364,,
19384-0900-11.zip,202202141041,’†‹–€ŒSº˜a’¬¼ğ,1365,,
19384-0900-11.zip,202202141041,’†‹–€ŒSº˜a’¬¼ğ,1367-1,,
19384-0900-11.zip,202202141041,’†‹–€ŒSº˜a’¬¼ğ,1367-2,,
19384-0900-11.zip,202202141041,’†‹–€ŒSº˜a’¬¼ğ,1369,,
19384-0900-11.zip,202202141041,’†‹–€ŒSº˜a’¬¼ğ,1369-2,,
19384-0900-11.zip,202202141041,’†‹–€ŒSº˜a’¬¼ğ,1370,,
19384-0900-11.zip,202202141041,’†‹–€ŒSº˜a’¬¼ğ,1370-2,,
19384-0900-11.zip,202202141041,’†‹–€ŒSº˜a’¬¼ğ,1371,,
19384-0900-11.zip,202202141041,’†‹–€ŒSº˜a’¬¼ğ,1372,,
19384-0900-11.zip,202202141041,’†‹–€ŒSº˜a’¬¼ğ,1372-2,,
19384-0900-11.zip,202202141041,’†‹–€ŒSº˜a’¬¼ğ,1373,,
19384-0900-11.zip,202202141041,’†‹–€ŒSº˜a’¬¼ğ,1374,,
19384-0900-11.zip,202202141041,’†‹–€ŒSº˜a’¬¼ğ,1376,,
19384-0900-11.zip,202202141041,’†‹–€ŒSº˜a’¬¼ğ,1377,,
19384-0900-11.zip,202202141041,’†‹–€ŒSº˜a’¬¼ğ,1378,,
19384-0900-11.zip,202202141041,’†‹–€ŒSº˜a’¬¼ğ,1379,,
19384-0900-11.zip,202202141041,’†‹–€ŒSº˜a’¬¼ğ,1380,,
19384-0900-11.zip,202202141041,’†‹–€ŒSº˜a’¬¼ğ,1381,,
19384-0900-11.zip,202202141041,’†‹–€ŒSº˜a’¬¼ğ,1382,,
19384-0900-11.zip,202202141041,’†‹–€ŒSº˜a’¬¼ğ,1383,,
19384-0900-11.zip,202202141041,’†‹–€ŒSº˜a’¬¼ğ,1385,,
19384-0900-11.zip,202202141041,’†‹–€ŒSº˜a’¬¼ğ,1386,,
19384-0900-11.zip,202202141041,’†‹–€ŒSº˜a’¬¼ğ,1390,,
19384-0900-11.zip,202202141041,’†‹–€ŒSº˜a’¬¼ğ,1391-1,,
19384-0900-11.zip,202202141041,’†‹–€ŒSº˜a’¬¼ğ,1391-2,,
19384-0900-11.zip,202202141041,’†‹–€ŒSº˜a’¬¼ğ,1396,,
19384-0900-11.zip,202202141041,’†‹–€ŒSº˜a’¬¼ğ,1397,,
19384-0900-11.zip,202202141041,’†‹–€ŒSº˜a’¬¼ğ,1403,,
19384-0900-11.zip,202202141041,’†‹–€ŒSº˜a’¬¼ğ,1403-2,,
19384-0900-11.zip,202202141041,’†‹–€ŒSº˜a’¬¼ğ,1405,,
19384-0900-11.zip,202202141041,’†‹–€ŒSº˜a’¬¼ğ,1406,,
19384-0900-11.zip,202202141041,’†‹–€ŒSº˜a’¬¼ğ,1407,,
19384-0900-11.zip,202202141041,’†‹–€ŒSº˜a’¬¼ğ,1408-2,,
19384-0900-11.zip,202202141041,’†‹–€ŒSº˜a’¬¼ğ,1410,,
19384-0900-11.zip,202202141041,’†‹–€ŒSº˜a’¬¼ğ,1411,,
19384-0900-11.zip,202202141041,’†‹–€ŒSº˜a’¬¼ğ,1411-2,,
19384-0900-11.zip,202202141041,’†‹–€ŒSº˜a’¬¼ğ,1412-1,,
19384-0900-11.zip,202202141041,’†‹–€ŒSº˜a’¬¼ğ,1412-2,,
19384-0900-11.zip,202202141041,’†‹–€ŒSº˜a’¬¼ğ,1412-3,,
19384-0900-11.zip,202202141041,’†‹–€ŒSº˜a’¬¼ğ,1412-4,,
19384-0900-11.zip,202202141041,’†‹–€ŒSº˜a’¬¼ğ,1412-5,,
19384-0900-11.zip,202202141041,’†‹–€ŒSº˜a’¬¼ğ,1412-6,,
19384-0900-11.zip,202202141041,’†‹–€ŒSº˜a’¬¼ğ,1412-7,,
19384-0900-11.zip,202202141041,’†‹–€ŒSº˜a’¬¼ğ,1413-1,,
19384-0900-11.zip,202202141041,’†‹–€ŒSº˜a’¬¼ğ,1413-11,,
19384-0900-11.zip,202202141041,’†‹–€ŒSº˜a’¬¼ğ,1413-12,,
19384-0900-11.zip,202202141041,’†‹–€ŒSº˜a’¬¼ğ,1413-13,,
19384-0900-11.zip,202202141041,’†‹–€ŒSº˜a’¬¼ğ,1413-14,,
19384-0900-11.zip,202202141041,’†‹–€ŒSº˜a’¬¼ğ,1413-16,,
19384-0900-11.zip,202202141041,’†‹–€ŒSº˜a’¬¼ğ,1413-17,,
19384-0900-11.zip,202202141041,’†‹–€ŒSº˜a’¬¼ğ,1413-18,,
19384-0900-11.zip,202202141041,’†‹–€ŒSº˜a’¬¼ğ,1413-19,,
19384-0900-11.zip,202202141041,’†‹–€ŒSº˜a’¬¼ğ,1413-21,,
19384-0900-11.zip,202202141041,’†‹–€ŒSº˜a’¬¼ğ,1413-22,,
19384-0900-11.zip,202202141041,’†‹–€ŒSº˜a’¬¼ğ,1413-23,,
19384-0900-11.zip,202202141041,’†‹–€ŒSº˜a’¬¼ğ,1413-24,,
19384-0900-11.zip,202202141041,’†‹–€ŒSº˜a’¬¼ğ,1413-25,,
19384-0900-11.zip,202202141041,’†‹–€ŒSº˜a’¬¼ğ,1413-26,,
19384-0900-11.zip,202202141041,’†‹–€ŒSº˜a’¬¼ğ,1413-27,,
19384-0900-11.zip,202202141041,’†‹–€ŒSº˜a’¬¼ğ,1413-28,,
19384-0900-11.zip,202202141041,’†‹–€ŒSº˜a’¬¼ğ,1413-29,,
19384-0900-11.zip,202202141041,’†‹–€ŒSº˜a’¬¼ğ,1413-30,,
19384-0900-11.zip,202202141041,’†‹–€ŒSº˜a’¬¼ğ,1413-31,,
19384-0900-11.zip,202202141041,’†‹–€ŒSº˜a’¬¼ğ,1413-32,,
19384-0900-11.zip,202202141041,’†‹–€ŒSº˜a’¬¼ğ,1413-33,,
19384-0900-11.zip,202202141041,’†‹–€ŒSº˜a’¬¼ğ,1413-34,,
19384-0900-11.zip,202202141041,’†‹–€ŒSº˜a’¬¼ğ,1413-35,,
19384-0900-11.zip,202202141041,’†‹–€ŒSº˜a’¬¼ğ,1413-36,,
19384-0900-11.zip,202202141041,’†‹–€ŒSº˜a’¬¼ğ,1413-37,,
19384-0900-11.zip,202202141041,’†‹–€ŒSº˜a’¬¼ğ,1413-38,,
19384-0900-11.zip,202202141041,’†‹–€ŒSº˜a’¬¼ğ,1413-39,,
19384-0900-11.zip,202202141041,’†‹–€ŒSº˜a’¬¼ğ,1413-40,,
19384-0900-11.zip,202202141041,’†‹–€ŒSº˜a’¬¼ğ,1413-41,,
19384-0900-11.zip,202202141041,’†‹–€ŒSº˜a’¬¼ğ,1413-42,,
19384-0900-11.zip,202202141041,’†‹–€ŒSº˜a’¬¼ğ,1413-43,,
19384-0900-11.zip,202202141041,’†‹–€ŒSº˜a’¬¼ğ,1413-44,,
19384-0900-11.zip,202202141041,’†‹–€ŒSº˜a’¬¼ğ,1413-45,,
19384-0900-11.zip,202202141041,’†‹–€ŒSº˜a’¬¼ğ,1413-46,,
19384-0900-11.zip,202202141041,’†‹–€ŒSº˜a’¬¼ğ,1413-47,,
19384-0900-11.zip,202202141041,’†‹–€ŒSº˜a’¬¼ğ,1413-48,,
19384-0900-11.zip,202202141041,’†‹–€ŒSº˜a’¬¼ğ,1413-49,,
19384-0900-11.zip,202202141041,’†‹–€ŒSº˜a’¬¼ğ,1413-50,,
19384-0900-11.zip,202202141041,’†‹–€ŒSº˜a’¬¼ğ,1413-51,,
19384-0900-11.zip,202202141041,’†‹–€ŒSº˜a’¬¼ğ,1413-52,,
19384-0900-11.zip,202202141041,’†‹–€ŒSº˜a’¬¼ğ,1413-53,,
19384-0900-11.zip,202202141041,’†‹–€ŒSº˜a’¬¼ğ,1413-54,,
19384-0900-11.zip,202202141041,’†‹–€ŒSº˜a’¬¼ğ,1413-55,,
19384-0900-11.zip,202202141041,’†‹–€ŒSº˜a’¬¼ğ,1413-56,,
19384-0900-11.zip,202202141041,’†‹–€ŒSº˜a’¬¼ğ,1413-57,,
19384-0900-11.zip,202202141041,’†‹–€ŒSº˜a’¬¼ğ,1413-58,,
19384-0900-11.zip,202202141041,’†‹–€ŒSº˜a’¬¼ğ,1413-59,,
19384-0900-11.zip,202202141041,’†‹–€ŒSº˜a’¬¼ğ,1413-60,,
19384-0900-11.zip,202202141041,’†‹–€ŒSº˜a’¬¼ğ,1413-61,,
19384-0900-11.zip,202202141041,’†‹–€ŒSº˜a’¬¼ğ,1413-62,,
19384-0900-11.zip,202202141041,’†‹–€ŒSº˜a’¬¼ğ,1413-63,,
19384-0900-11.zip,202202141041,’†‹–€ŒSº˜a’¬¼ğ,1413-64,,
19384-0900-11.zip,202202141041,’†‹–€ŒSº˜a’¬¼ğ,1413-65,,
19384-0900-11.zip,202202141041,’†‹–€ŒSº˜a’¬¼ğ,1420-1,,
19384-0900-11.zip,202202141041,’†‹–€ŒSº˜a’¬¼ğ,1421,,
19384-0900-11.zip,202202141041,’†‹–€ŒSº˜a’¬¼ğ,1424,,
19384-0900-11.zip,202202141041,’†‹–€ŒSº˜a’¬¼ğ,1429-2,,
19384-0900-11.zip,202202141041,’†‹–€ŒSº˜a’¬¼ğ,1432,,
19384-0900-11.zip,202202141041,’†‹–€ŒSº˜a’¬¼ğ,1433,,
19384-0900-11.zip,202202141041,’†‹–€ŒSº˜a’¬¼ğ,1434-2,,
19384-0900-11.zip,202202141041,’†‹–€ŒSº˜a’¬¼ğ,1435-1,,
19384-0900-11.zip,202202141041,’†‹–€ŒSº˜a’¬¼ğ,1435-2,,
19384-0900-11.zip,202202141041,’†‹–€ŒSº˜a’¬¼ğ,1435-4,,
19384-0900-11.zip,202202141041,’†‹–€ŒSº˜a’¬¼ğ,1436-2,,
19384-0900-11.zip,202202141041,’†‹–€ŒSº˜a’¬¼ğ,1437,,
19384-0900-11.zip,202202141041,’†‹–€ŒSº˜a’¬¼ğ,1438,,
19384-0900-11.zip,202202141041,’†‹–€ŒSº˜a’¬¼ğ,1439,,
19384-0900-11.zip,202202141041,’†‹–€ŒSº˜a’¬¼ğ,1440,,
19384-0900-11.zip,202202141041,’†‹–€ŒSº˜a’¬¼ğ,1441,,
19384-0900-11.zip,202202141041,’†‹–€ŒSº˜a’¬¼ğ,1443,,
19384-0900-11.zip,202202141041,’†‹–€ŒSº˜a’¬¼ğ,1447-1,,
19384-0900-11.zip,202202141041,’†‹–€ŒSº˜a’¬¼ğ,1447-2,,
19384-0900-11.zip,202202141041,’†‹–€ŒSº˜a’¬¼ğ,1450-2,,
19384-0900-11.zip,202202141041,’†‹–€ŒSº˜a’¬¼ğ,1450-3,,
19384-0900-11.zip,202202141041,’†‹–€ŒSº˜a’¬¼ğ,1450-4,,
19384-0900-11.zip,202202141041,’†‹–€ŒSº˜a’¬¼ğ,1451-1,,
19384-0900-11.zip,202202141041,’†‹–€ŒSº˜a’¬¼ğ,1451-2,,
19384-0900-11.zip,202202141041,’†‹–€ŒSº˜a’¬¼ğ,1451-3,,
19384-0900-11.zip,202202141041,’†‹–€ŒSº˜a’¬¼ğ,1452-1,,
19384-0900-11.zip,202202141041,’†‹–€ŒSº˜a’¬¼ğ,1452-2,,
19384-0900-11.zip,202202141041,’†‹–€ŒSº˜a’¬¼ğ,1453-1,,
19384-0900-11.zip,202202141041,’†‹–€ŒSº˜a’¬¼ğ,1453-2,,
19384-0900-11.zip,202202141041,’†‹–€ŒSº˜a’¬¼ğ,1454-2,,
19384-0900-11.zip,202202141041,’†‹–€ŒSº˜a’¬¼ğ,1454-3,,
19384-0900-11.zip,202202141041,’†‹–€ŒSº˜a’¬¼ğ,1455-1,,
19384-0900-11.zip,202202141041,’†‹–€ŒSº˜a’¬¼ğ,1455-2,,
19384-0900-11.zip,202202141041,’†‹–€ŒSº˜a’¬¼ğ,1455-3,,
19384-0900-11.zip,202202141041,’†‹–€ŒSº˜a’¬¼ğ,1455-4,,
19384-0900-11.zip,202202141041,’†‹–€ŒSº˜a’¬¼ğ,1457,,
19384-0900-11.zip,202202141041,’†‹–€ŒSº˜a’¬¼ğ,1458-1,,
19384-0900-11.zip,202202141041,’†‹–€ŒSº˜a’¬¼ğ,1458-2,,
19384-0900-11.zip,202202141041,’†‹–€ŒSº˜a’¬¼ğ,1458-3,,
19384-0900-11.zip,202202141041,’†‹–€ŒSº˜a’¬¼ğ,1458-4,,
19384-0900-11.zip,202202141041,’†‹–€ŒSº˜a’¬¼ğ,1460,,
19384-0900-11.zip,202202141041,’†‹–€ŒSº˜a’¬¼ğ,1461-1,,
19384-0900-11.zip,202202141041,’†‹–€ŒSº˜a’¬¼ğ,1461-2,,
19384-0900-11.zip,202202141041,’†‹–€ŒSº˜a’¬¼ğ,1462-2,,
19384-0900-11.zip,202202141041,’†‹–€ŒSº˜a’¬¼ğ,1466,,
19384-0900-11.zip,202202141041,’†‹–€ŒSº˜a’¬¼ğ,1469-1,,
19384-0900-11.zip,202202141041,’†‹–€ŒSº˜a’¬¼ğ,1469-2,,
19384-0900-11.zip,202202141041,’†‹–€ŒSº˜a’¬¼ğ,1469-3,,
19384-0900-11.zip,202202141041,’†‹–€ŒSº˜a’¬¼ğ,1469-4,,
19384-0900-11.zip,202202141041,’†‹–€ŒSº˜a’¬¼ğ,1472,,
19384-0900-11.zip,202202141041,’†‹–€ŒSº˜a’¬¼ğ,1474-1,,
19384-0900-11.zip,202202141041,’†‹–€ŒSº˜a’¬¼ğ,1474-2,,
19384-0900-11.zip,202202141041,’†‹–€ŒSº˜a’¬¼ğ,1474-3,,
19384-0900-11.zip,202202141041,’†‹–€ŒSº˜a’¬¼ğ,1475-1,,
19384-0900-11.zip,202202141041,’†‹–€ŒSº˜a’¬¼ğ,1475-5,,
19384-0900-11.zip,202202141041,’†‹–€ŒSº˜a’¬¼ğ,1475-6,,
19384-0900-11.zip,202202141041,’†‹–€ŒSº˜a’¬¼ğ,1475-7,,
19384-0900-11.zip,202202141041,’†‹–€ŒSº˜a’¬¼ğ,1475-8,,
19384-0900-11.zip,202202141041,’†‹–€ŒSº˜a’¬¼ğ,1476-2,,
19384-0900-11.zip,202202141041,’†‹–€ŒSº˜a’¬¼ğ,1480-2,,
19384-0900-11.zip,202202141041,’†‹–€ŒSº˜a’¬¼ğ,1481-1,,
19384-0900-11.zip,202202141041,’†‹–€ŒSº˜a’¬¼ğ,1481-2,,
19384-0900-11.zip,202202141041,’†‹–€ŒSº˜a’¬¼ğ,1481-3,,
19384-0900-11.zip,202202141041,’†‹–€ŒSº˜a’¬¼ğ,1481-4,,
19384-0900-11.zip,202202141041,’†‹–€ŒSº˜a’¬¼ğ,1481-5,,
19384-0900-11.zip,202202141041,’†‹–€ŒSº˜a’¬¼ğ,1481-6,,
19384-0900-11.zip,202202141041,’†‹–€ŒSº˜a’¬¼ğ,1481-7,,
19384-0900-11.zip,202202141041,’†‹–€ŒSº˜a’¬¼ğ,1481-8,,
19384-0900-11.zip,202202141041,’†‹–€ŒSº˜a’¬¼ğ,1481-9,,
19384-0900-11.zip,202202141041,’†‹–€ŒSº˜a’¬¼ğ,1481-10,,
19384-0900-11.zip,202202141041,’†‹–€ŒSº˜a’¬¼ğ,1488-1,,
19384-0900-11.zip,202202141041,’†‹–€ŒSº˜a’¬¼ğ,1488-2,,
19384-0900-11.zip,202202141041,’†‹–€ŒSº˜a’¬¼ğ,1488-3,,
19384-0900-11.zip,202202141041,’†‹–€ŒSº˜a’¬¼ğ,1488-4,,
19384-0900-11.zip,202202141041,’†‹–€ŒSº˜a’¬¼ğ,1488-5,,
19384-0900-11.zip,202202141041,’†‹–€ŒSº˜a’¬¼ğ,1488-6,,
19384-0900-11.zip,202202141041,’†‹–€ŒSº˜a’¬¼ğ,1488-7,,
19384-0900-11.zip,202202141041,’†‹–€ŒSº˜a’¬¼ğ,1488-8,,
19384-0900-11.zip,202202141041,’†‹–€ŒSº˜a’¬¼ğ,1494,,
19384-0900-11.zip,202202141041,’†‹–€ŒSº˜a’¬¼ğ,1496,,
19384-0900-11.zip,202202141041,’†‹–€ŒSº˜a’¬¼ğ,1497-1,,
19384-0900-11.zip,202202141041,’†‹–€ŒSº˜a’¬¼ğ,1497-2,,
19384-0900-11.zip,202202141041,’†‹–€ŒSº˜a’¬¼ğ,1497-3,,
19384-0900-11.zip,202202141041,’†‹–€ŒSº˜a’¬¼ğ,1498-1,,
19384-0900-11.zip,202202141041,’†‹–€ŒSº˜a’¬¼ğ,1498-2,,
19384-0900-11.zip,202202141041,’†‹–€ŒSº˜a’¬¼ğ,1498-3,,
19384-0900-11.zip,202202141041,’†‹–€ŒSº˜a’¬¼ğ,1498-4,,
19384-0900-11.zip,202202141041,’†‹–€ŒSº˜a’¬¼ğ,1498-5,,
19384-0900-11.zip,202202141041,’†‹–€ŒSº˜a’¬¼ğ,1499-1,,
19384-0900-11.zip,202202141041,’†‹–€ŒSº˜a’¬¼ğ,1499-2,,
19384-0900-11.zip,202202141041,’†‹–€ŒSº˜a’¬¼ğ,1499-3,,
19384-0900-11.zip,202202141041,’†‹–€ŒSº˜a’¬¼ğ,1500-1,,
19384-0900-11.zip,202202141041,’†‹–€ŒSº˜a’¬¼ğ,1500-2,,
19384-0900-11.zip,202202141041,’†‹–€ŒSº˜a’¬¼ğ,1500-3,,
19384-0900-11.zip,202202141041,’†‹–€ŒSº˜a’¬¼ğ,1500-4,,
19384-0900-11.zip,202202141041,’†‹–€ŒSº˜a’¬¼ğ,1500-5,,
19384-0900-11.zip,202202141041,’†‹–€ŒSº˜a’¬¼ğ,1500-6,,
19384-0900-11.zip,202202141041,’†‹–€ŒSº˜a’¬¼ğ,1504-1,,
19384-0900-11.zip,202202141041,’†‹–€ŒSº˜a’¬¼ğ,1504-2,,
19384-0900-11.zip,202202141041,’†‹–€ŒSº˜a’¬¼ğ,1504-3,,
19384-0900-11.zip,202202141041,’†‹–€ŒSº˜a’¬¼ğ,1504-4,,
19384-0900-11.zip,202202141041,’†‹–€ŒSº˜a’¬¼ğ,1504-5,,
19384-0900-11.zip,202202141041,’†‹–€ŒSº˜a’¬¼ğ,1504-6,,
19384-0900-11.zip,202202141041,’†‹–€ŒSº˜a’¬¼ğ,1507-2,,
19384-0900-11.zip,202202141041,’†‹–€ŒSº˜a’¬¼ğ,1509-1,,
19384-0900-11.zip,202202141041,’†‹–€ŒSº˜a’¬¼ğ,1509-3,,
19384-0900-11.zip,202202141041,’†‹–€ŒSº˜a’¬¼ğ,1509-4,,
19384-0900-11.zip,202202141041,’†‹–€ŒSº˜a’¬¼ğ,1509-5,,
19384-0900-11.zip,202202141041,’†‹–€ŒSº˜a’¬¼ğ,1509-6,,
19384-0900-11.zip,202202141041,’†‹–€ŒSº˜a’¬¼ğ,1509-7,,
19384-0900-11.zip,202202141041,’†‹–€ŒSº˜a’¬¼ğ,1509-8,,
19384-0900-11.zip,202202141041,’†‹–€ŒSº˜a’¬¼ğ,1510-1,,
19384-0900-11.zip,202202141041,’†‹–€ŒSº˜a’¬¼ğ,1510-2,,
19384-0900-11.zip,202202141041,’†‹–€ŒSº˜a’¬¼ğ,1510-3,,
19384-0900-11.zip,202202141041,’†‹–€ŒSº˜a’¬¼ğ,1510-4,,
19384-0900-11.zip,202202141041,’†‹–€ŒSº˜a’¬¼ğ,1510-5,,
19384-0900-11.zip,202202141041,’†‹–€ŒSº˜a’¬¼ğ,1510-6,,
19384-0900-11.zip,202202141041,’†‹–€ŒSº˜a’¬¼ğ,1514-1,,
19384-0900-11.zip,202202141041,’†‹–€ŒSº˜a’¬¼ğ,1514-3,,
19384-0900-11.zip,202202141041,’†‹–€ŒSº˜a’¬¼ğ,1516-3,,
19384-0900-11.zip,202202141041,’†‹–€ŒSº˜a’¬¼ğ,1517-1,,
19384-0900-11.zip,202202141041,’†‹–€ŒSº˜a’¬¼ğ,1517-2,,
19384-0900-11.zip,202202141041,’†‹–€ŒSº˜a’¬¼ğ,1517-3,,
19384-0900-11.zip,202202141041,’†‹–€ŒSº˜a’¬¼ğ,1517-4,,
19384-0900-11.zip,202202141041,’†‹–€ŒSº˜a’¬¼ğ,1520-3,,
19384-0900-11.zip,202202141041,’†‹–€ŒSº˜a’¬¼ğ,–³’n”Ô-1,,
19384-0900-11.zip,202202141041,’†‹–€ŒSº˜a’¬¼ğ,–³’n”Ô-3,,
19384-0900-11.zip,202202141041,’†‹–€ŒSº˜a’¬¼ğ,–³’n”Ô-8,,
19384-0900-11.zip,202202141041,’†‹–€ŒSº˜a’¬¼ğ,–³’n”Ô-10,,
19384-0900-11.zip,202202141041,’†‹–€ŒSº˜a’¬¼ğ,–³’n”Ô-367,,
19384-0900-11.zip,202202141041,’†‹–€ŒSº˜a’¬¼ğ,•MŠE–¢’è’n-907,’†‹–€ŒSº˜a’¬¼ğ,1243-2
19384-0900-11.zip,202202141041,’†‹–€ŒSº˜a’¬¼ğ,•MŠE–¢’è’n-907,’†‹–€ŒSº˜a’¬¼ğ,“¹-291
19384-0900-11.zip,202202141041,’†‹–€ŒSº˜a’¬¼ğ,•MŠE–¢’è’n-907,’†‹–€ŒSº˜a’¬¼ğ,…-376
19384-0900-11.zip,202202141041,’†‹–€ŒSº˜a’¬¼ğ,“¹-18,,
19384-0900-11.zip,202202141041,’†‹–€ŒSº˜a’¬¼ğ,“¹-19,,
19384-0900-11.zip,202202141041,’†‹–€ŒSº˜a’¬¼ğ,“¹-20,,
19384-0900-11.zip,202202141041,’†‹–€ŒSº˜a’¬¼ğ,“¹-21,,
19384-0900-11.zip,202202141041,’†‹–€ŒSº˜a’¬¼ğ,“¹-22,,
19384-0900-11.zip,202202141041,’†‹–€ŒSº˜a’¬¼ğ,“¹-38,,
19384-0900-11.zip,202202141041,’†‹–€ŒSº˜a’¬¼ğ,“¹-136,,
19384-0900-11.zip,202202141041,’†‹–€ŒSº˜a’¬¼ğ,“¹-160,,
19384-0900-11.zip,202202141041,’†‹–€ŒSº˜a’¬¼ğ,“¹-179,,
19384-0900-11.zip,202202141041,’†‹–€ŒSº˜a’¬¼ğ,“¹-198,,
19384-0900-11.zip,202202141041,’†‹–€ŒSº˜a’¬¼ğ,“¹-231,,
19384-0900-11.zip,202202141041,’†‹–€ŒSº˜a’¬¼ğ,“¹-259,,
19384-0900-11.zip,202202141041,’†‹–€ŒSº˜a’¬¼ğ,“¹-268,,
19384-0900-11.zip,202202141041,’†‹–€ŒSº˜a’¬¼ğ,“¹-270,,
19384-0900-11.zip,202202141041,’†‹–€ŒSº˜a’¬¼ğ,“¹-274,,
19384-0900-11.zip,202202141041,’†‹–€ŒSº˜a’¬¼ğ,“¹-281,,
19384-0900-11.zip,202202141041,’†‹–€ŒSº˜a’¬¼ğ,“¹-283,,
19384-0900-11.zip,202202141041,’†‹–€ŒSº˜a’¬¼ğ,“¹-285,,
19384-0900-11.zip,202202141041,’†‹–€ŒSº˜a’¬¼ğ,…-13,,
19384-0900-11.zip,202202141041,’†‹–€ŒSº˜a’¬¼ğ,…-149,,
19384-0900-11.zip,202202141041,’†‹–€ŒSº˜a’¬¼ğ,…-153,,
19384-0900-11.zip,202202141041,’†‹–€ŒSº˜a’¬¼ğ,…-178,,
19384-0900-11.zip,202202141041,’†‹–€ŒSº˜a’¬¼ğ,…-200,,
19384-0900-11.zip,202202141041,’†‹–€ŒSº˜a’¬¼ğ,…-220,,
19384-0900-11.zip,202202141041,’†‹–€ŒSº˜a’¬¼ğ,…-240,,
19384-0900-11.zip,202202141041,’†‹–€ŒSº˜a’¬¼ğ,…-261,,
19384-0900-11.zip,202202141041,’†‹–€ŒSº˜a’¬¼ğ,…-275,,
19384-0900-11.zip,202202141041,’†‹–€ŒSº˜a’¬¼ğ,…-285,,
19384-0900-11.zip,202202141041,’†‹–€ŒSº˜a’¬¼ğ,…-296,,
19384-0900-11.zip,202202141041,’†‹–€ŒSº˜a’¬¼ğ,…-308,,
19384-0900-11.zip,202202141041,’†‹–€ŒSº˜a’¬¼ğ,…-318,,
19384-0900-11.zip,202202141041,’†‹–€ŒSº˜a’¬¼ğ,…-340,,
19384-0900-11.zip,202202141041,’†‹–€ŒSº˜a’¬¼ğ,’·‹·•¨•s–¾-10,,
19384-0900-11.zip,202202141041,’†‹–€ŒSº˜a’¬¼ğ,’·‹·•¨•s–¾-14,,
19384-0900-11.zip,202202141041,’†‹–€ŒSº˜a’¬¼ğ,’·‹·•¨•s–¾-19,,
19384-0900-11.zip,202202141041,’†‹–€ŒSº˜a’¬¼ğ,’·‹·•¨•s–¾-20,,
19384-0900-11.zip,202202141041,’†‹–€ŒSº˜a’¬¼ğ,’·‹·•¨•s–¾-32,,
19384-0900-11.zip,202202141041,’†‹–€ŒSº˜a’¬¼ğ,’·‹·•¨•s–¾-134,,
19384-0900-11.zip,202202141041,’†‹–€ŒSº˜a’¬¼ğ,1323-2,,
19384-0900-11.zip,202202141041,’†‹–€ŒSº˜a’¬¼ğ,1323-4,,
19384-0900-11.zip,202202141041,’†‹–€ŒSº˜a’¬¼ğ,1324-2,,
19384-0900-11.zip,202202141041,’†‹–€ŒSº˜a’¬¼ğ,1328-2,,
19384-0900-11.zip,202202141041,’†‹–€ŒSº˜a’¬¼ğ,1329-2,,
19384-0900-11.zip,202202141041,’†‹–€ŒSº˜a’¬¼ğ,1329-3,,
19384-0900-11.zip,202202141041,’†‹–€ŒSº˜a’¬¼ğ,1520,,
19384-0900-11.zip,202202141041,’†‹–€ŒSº˜a’¬¼ğ,1520-2,,
19384-0900-11.zip,202202141041,’†‹–€ŒSº˜a’¬¼ğ,1521-1,,
19384-0900-11.zip,202202141041,’†‹–€ŒSº˜a’¬¼ğ,1521-2,,
19384-0900-11.zip,202202141041,’†‹–€ŒSº˜a’¬¼ğ,1521-3,,
19384-0900-11.zip,202202141041,’†‹–€ŒSº˜a’¬¼ğ,1521-4,,
19384-0900-11.zip,202202141041,’†‹–€ŒSº˜a’¬¼ğ,1521-5,,
19384-0900-11.zip,202202141041,’†‹–€ŒSº˜a’¬¼ğ,1521-6,,
19384-0900-11.zip,202202141041,’†‹–€ŒSº˜a’¬¼ğ,1521-7,,
19384-0900-11.zip,202202141041,’†‹–€ŒSº˜a’¬¼ğ,1523-1,,
19384-0900-11.zip,202202141041,’†‹–€ŒSº˜a’¬¼ğ,1523-2,,
19384-0900-11.zip,202202141041,’†‹–€ŒSº˜a’¬¼ğ,1523-3,,
19384-0900-11.zip,202202141041,’†‹–€ŒSº˜a’¬¼ğ,1523-4,,
19384-0900-11.zip,202202141041,’†‹–€ŒSº˜a’¬¼ğ,1523-5,,
19384-0900-11.zip,202202141041,’†‹–€ŒSº˜a’¬¼ğ,1527,,
19384-0900-11.zip,202202141041,’†‹–€ŒSº˜a’¬¼ğ,1532-1,,
19384-0900-11.zip,202202141041,’†‹–€ŒSº˜a’¬¼ğ,1532-2,,
19384-0900-11.zip,202202141041,’†‹–€ŒSº˜a’¬¼ğ,1532-3,,
19384-0900-11.zip,202202141041,’†‹–€ŒSº˜a’¬¼ğ,1532-4,,
19384-0900-11.zip,202202141041,’†‹–€ŒSº˜a’¬¼ğ,1532-5,,
19384-0900-11.zip,202202141041,’†‹–€ŒSº˜a’¬¼ğ,1533-1,,
19384-0900-11.zip,202202141041,’†‹–€ŒSº˜a’¬¼ğ,1533-2,,
19384-0900-11.zip,202202141041,’†‹–€ŒSº˜a’¬¼ğ,1533-3,,
19384-0900-11.zip,202202141041,’†‹–€ŒSº˜a’¬¼ğ,1533-4,,
19384-0900-11.zip,202202141041,’†‹–€ŒSº˜a’¬¼ğ,1533-5,,
19384-0900-11.zip,202202141041,’†‹–€ŒSº˜a’¬¼ğ,1533-6,,
19384-0900-11.zip,202202141041,’†‹–€ŒSº˜a’¬¼ğ,1533-7,,
19384-0900-11.zip,202202141041,’†‹–€ŒSº˜a’¬¼ğ,1535-1,,
19384-0900-11.zip,202202141041,’†‹–€ŒSº˜a’¬¼ğ,1535-2,,
19384-0900-11.zip,202202141041,’†‹–€ŒSº˜a’¬¼ğ,1535-3,,
19384-0900-11.zip,202202141041,’†‹–€ŒSº˜a’¬¼ğ,1537-1,,
19384-0900-11.zip,202202141041,’†‹–€ŒSº˜a’¬¼ğ,1537-6,,
19384-0900-11.zip,202202141041,’†‹–€ŒSº˜a’¬¼ğ,1537-7,,
19384-0900-11.zip,202202141041,’†‹–€ŒSº˜a’¬¼ğ,1542-1,,
19384-0900-11.zip,202202141041,’†‹–€ŒSº˜a’¬¼ğ,1542-2,,
19384-0900-11.zip,202202141041,’†‹–€ŒSº˜a’¬¼ğ,1542-3,,
19384-0900-11.zip,202202141041,’†‹–€ŒSº˜a’¬¼ğ,1542-4,,
19384-0900-11.zip,202202141041,’†‹–€ŒSº˜a’¬¼ğ,1543-1,,
19384-0900-11.zip,202202141041,’†‹–€ŒSº˜a’¬¼ğ,1543-2,,
19384-0900-11.zip,202202141041,’†‹–€ŒSº˜a’¬¼ğ,1543-3,,
19384-0900-11.zip,202202141041,’†‹–€ŒSº˜a’¬¼ğ,1547-1,,
19384-0900-11.zip,202202141041,’†‹–€ŒSº˜a’¬¼ğ,1547-2,,
19384-0900-11.zip,202202141041,’†‹–€ŒSº˜a’¬¼ğ,1547-3,,
19384-0900-11.zip,202202141041,’†‹–€ŒSº˜a’¬¼ğ,1588-1,,
19384-0900-11.zip,202202141041,’†‹–€ŒSº˜a’¬¼ğ,1588-2,,
19384-0900-11.zip,202202141041,’†‹–€ŒSº˜a’¬¼ğ,1588-3,,
19384-0900-11.zip,202202141041,’†‹–€ŒSº˜a’¬¼ğ,1588-4,,
19384-0900-11.zip,202202141041,’†‹–€ŒSº˜a’¬¼ğ,1588-5,,
19384-0900-11.zip,202202141041,’†‹–€ŒSº˜a’¬¼ğ,1588-8,,
19384-0900-11.zip,202202141041,’†‹–€ŒSº˜a’¬¼ğ,1588-9,,
19384-0900-11.zip,202202141041,’†‹–€ŒSº˜a’¬¼ğ,1588-10,,
19384-0900-11.zip,202202141041,’†‹–€ŒSº˜a’¬¼ğ,1588-11,,
19384-0900-11.zip,202202141041,’†‹–€ŒSº˜a’¬¼ğ,1588-12,,
19384-0900-11.zip,202202141041,’†‹–€ŒSº˜a’¬¼ğ,1588-13,,
19384-0900-11.zip,202202141041,’†‹–€ŒSº˜a’¬¼ğ,1588-15,,
19384-0900-11.zip,202202141041,’†‹–€ŒSº˜a’¬¼ğ,1588-16,,
19384-0900-11.zip,202202141041,’†‹–€ŒSº˜a’¬¼ğ,1589,,
19384-0900-11.zip,202202141041,’†‹–€ŒSº˜a’¬¼ğ,1589-2,,
19384-0900-11.zip,202202141041,’†‹–€ŒSº˜a’¬¼ğ,1590,,
19384-0900-11.zip,202202141041,’†‹–€ŒSº˜a’¬¼ğ,1591-2,,
19384-0900-11.zip,202202141041,’†‹–€ŒSº˜a’¬¼ğ,1591-3,,
19384-0900-11.zip,202202141041,’†‹–€ŒSº˜a’¬¼ğ,1591-4,,
19384-0900-11.zip,202202141041,’†‹–€ŒSº˜a’¬¼ğ,1591-5,,
19384-0900-11.zip,202202141041,’†‹–€ŒSº˜a’¬¼ğ,1591-6,,
19384-0900-11.zip,202202141041,’†‹–€ŒSº˜a’¬¼ğ,1592-1,,
19384-0900-11.zip,202202141041,’†‹–€ŒSº˜a’¬¼ğ,1592-4,,
19384-0900-11.zip,202202141041,’†‹–€ŒSº˜a’¬¼ğ,1592-5,,
19384-0900-11.zip,202202141041,’†‹–€ŒSº˜a’¬¼ğ,1592-6,,
19384-0900-11.zip,202202141041,’†‹–€ŒSº˜a’¬¼ğ,1592-7,,
19384-0900-11.zip,202202141041,’†‹–€ŒSº˜a’¬¼ğ,1592-8,,
19384-0900-11.zip,202202141041,’†‹–€ŒSº˜a’¬¼ğ,1592-10,,
19384-0900-11.zip,202202141041,’†‹–€ŒSº˜a’¬¼ğ,1592-11,,
19384-0900-11.zip,202202141041,’†‹–€ŒSº˜a’¬¼ğ,1592-12,,
19384-0900-11.zip,202202141041,’†‹–€ŒSº˜a’¬¼ğ,1592-13,,
19384-0900-11.zip,202202141041,’†‹–€ŒSº˜a’¬¼ğ,1592-16,,
19384-0900-11.zip,202202141041,’†‹–€ŒSº˜a’¬¼ğ,1592-17,,
19384-0900-11.zip,202202141041,’†‹–€ŒSº˜a’¬¼ğ,1592-21,,
19384-0900-11.zip,202202141041,’†‹–€ŒSº˜a’¬¼ğ,1592-22,,
19384-0900-11.zip,202202141041,’†‹–€ŒSº˜a’¬¼ğ,1593-2,,
19384-0900-11.zip,202202141041,’†‹–€ŒSº˜a’¬¼ğ,1593-3,,
19384-0900-11.zip,202202141041,’†‹–€ŒSº˜a’¬¼ğ,1594-1,,
19384-0900-11.zip,202202141041,’†‹–€ŒSº˜a’¬¼ğ,1594-2,,
19384-0900-11.zip,202202141041,’†‹–€ŒSº˜a’¬¼ğ,1594-3,,
19384-0900-11.zip,202202141041,’†‹–€ŒSº˜a’¬¼ğ,1596,,
19384-0900-11.zip,202202141041,’†‹–€ŒSº˜a’¬¼ğ,1598-2,,
19384-0900-11.zip,202202141041,’†‹–€ŒSº˜a’¬¼ğ,1599-1,,
19384-0900-11.zip,202202141041,’†‹–€ŒSº˜a’¬¼ğ,1599-2,,
19384-0900-11.zip,202202141041,’†‹–€ŒSº˜a’¬¼ğ,1600-2,,
19384-0900-11.zip,202202141041,’†‹–€ŒSº˜a’¬¼ğ,1601-3,,
19384-0900-11.zip,202202141041,’†‹–€ŒSº˜a’¬¼ğ,1601-4,,
19384-0900-11.zip,202202141041,’†‹–€ŒSº˜a’¬¼ğ,1601-5,,
19384-0900-11.zip,202202141041,’†‹–€ŒSº˜a’¬¼ğ,1601-6,,
19384-0900-11.zip,202202141041,’†‹–€ŒSº˜a’¬¼ğ,1601-7,,
19384-0900-11.zip,202202141041,’†‹–€ŒSº˜a’¬¼ğ,1601-8,,
19384-0900-11.zip,202202141041,’†‹–€ŒSº˜a’¬¼ğ,1601-9,,
19384-0900-11.zip,202202141041,’†‹–€ŒSº˜a’¬¼ğ,1601-10,,
19384-0900-11.zip,202202141041,’†‹–€ŒSº˜a’¬¼ğ,1601-11,,
19384-0900-11.zip,202202141041,’†‹–€ŒSº˜a’¬¼ğ,1601-12,,
19384-0900-11.zip,202202141041,’†‹–€ŒSº˜a’¬¼ğ,1605-2,,
19384-0900-11.zip,202202141041,’†‹–€ŒSº˜a’¬¼ğ,1605-4,,
19384-0900-11.zip,202202141041,’†‹–€ŒSº˜a’¬¼ğ,1605-9,,
19384-0900-11.zip,202202141041,’†‹–€ŒSº˜a’¬¼ğ,1605-10,,
19384-0900-11.zip,202202141041,’†‹–€ŒSº˜a’¬¼ğ,1605-11,,
19384-0900-11.zip,202202141041,’†‹–€ŒSº˜a’¬¼ğ,1606-2,,
19384-0900-11.zip,202202141041,’†‹–€ŒSº˜a’¬¼ğ,1607,,
19384-0900-11.zip,202202141041,’†‹–€ŒSº˜a’¬¼ğ,1608,,
19384-0900-11.zip,202202141041,’†‹–€ŒSº˜a’¬¼ğ,1609,,
19384-0900-11.zip,202202141041,’†‹–€ŒSº˜a’¬¼ğ,1610-2,,
19384-0900-11.zip,202202141041,’†‹–€ŒSº˜a’¬¼ğ,1610-4,,
19384-0900-11.zip,202202141041,’†‹–€ŒSº˜a’¬¼ğ,1610-9,,
19384-0900-11.zip,202202141041,’†‹–€ŒSº˜a’¬¼ğ,1610-10,,
19384-0900-11.zip,202202141041,’†‹–€ŒSº˜a’¬¼ğ,1610-11,,
19384-0900-11.zip,202202141041,’†‹–€ŒSº˜a’¬¼ğ,1611-2,,
19384-0900-11.zip,202202141041,’†‹–€ŒSº˜a’¬¼ğ,1611-4,,
19384-0900-11.zip,202202141041,’†‹–€ŒSº˜a’¬¼ğ,1613-1,,
19384-0900-11.zip,202202141041,’†‹–€ŒSº˜a’¬¼ğ,1613-4,,
19384-0900-11.zip,202202141041,’†‹–€ŒSº˜a’¬¼ğ,1613-5,,
19384-0900-11.zip,202202141041,’†‹–€ŒSº˜a’¬¼ğ,1613-6,,
19384-0900-11.zip,202202141041,’†‹–€ŒSº˜a’¬¼ğ,1613-7,,
19384-0900-11.zip,202202141041,’†‹–€ŒSº˜a’¬¼ğ,1613-8,,
19384-0900-11.zip,202202141041,’†‹–€ŒSº˜a’¬¼ğ,1613-9,,
19384-0900-11.zip,202202141041,’†‹–€ŒSº˜a’¬¼ğ,1613-10,,
19384-0900-11.zip,202202141041,’†‹–€ŒSº˜a’¬¼ğ,1613-11,,
19384-0900-11.zip,202202141041,’†‹–€ŒSº˜a’¬¼ğ,1613-12,,
19384-0900-11.zip,202202141041,’†‹–€ŒSº˜a’¬¼ğ,1613-13,,
19384-0900-11.zip,202202141041,’†‹–€ŒSº˜a’¬¼ğ,1613-14,,
19384-0900-11.zip,202202141041,’†‹–€ŒSº˜a’¬¼ğ,1614-1,,
19384-0900-11.zip,202202141041,’†‹–€ŒSº˜a’¬¼ğ,1614-2,,
19384-0900-11.zip,202202141041,’†‹–€ŒSº˜a’¬¼ğ,1614-3,,
19384-0900-11.zip,202202141041,’†‹–€ŒSº˜a’¬¼ğ,1615-3,,
19384-0900-11.zip,202202141041,’†‹–€ŒSº˜a’¬¼ğ,1616-2,,
19384-0900-11.zip,202202141041,’†‹–€ŒSº˜a’¬¼ğ,1616-3,,
19384-0900-11.zip,202202141041,’†‹–€ŒSº˜a’¬¼ğ,1617-7,,
19384-0900-11.zip,202202141041,’†‹–€ŒSº˜a’¬¼ğ,1617-8,,
19384-0900-11.zip,202202141041,’†‹–€ŒSº˜a’¬¼ğ,1618-2,,
19384-0900-11.zip,202202141041,’†‹–€ŒSº˜a’¬¼ğ,1618-3,,
19384-0900-11.zip,202202141041,’†‹–€ŒSº˜a’¬¼ğ,1618-4,,
19384-0900-11.zip,202202141041,’†‹–€ŒSº˜a’¬¼ğ,1619-1,,
19384-0900-11.zip,202202141041,’†‹–€ŒSº˜a’¬¼ğ,1622-2,,
19384-0900-11.zip,202202141041,’†‹–€ŒSº˜a’¬¼ğ,1622-3,,
19384-0900-11.zip,202202141041,’†‹–€ŒSº˜a’¬¼ğ,1626-3,,
19384-0900-11.zip,202202141041,’†‹–€ŒSº˜a’¬¼ğ,1630-2,,
19384-0900-11.zip,202202141041,’†‹–€ŒSº˜a’¬¼ğ,1630-3,,
19384-0900-11.zip,202202141041,’†‹–€ŒSº˜a’¬¼ğ,1630-4,,
19384-0900-11.zip,202202141041,’†‹–€ŒSº˜a’¬¼ğ,1630-5,,
19384-0900-11.zip,202202141041,’†‹–€ŒSº˜a’¬¼ğ,1630-6,,
19384-0900-11.zip,202202141041,’†‹–€ŒSº˜a’¬¼ğ,1632,,
19384-0900-11.zip,202202141041,’†‹–€ŒSº˜a’¬¼ğ,1633,,
19384-0900-11.zip,202202141041,’†‹–€ŒSº˜a’¬¼ğ,1637,,
19384-0900-11.zip,202202141041,’†‹–€ŒSº˜a’¬¼ğ,1638-1,,
19384-0900-11.zip,202202141041,’†‹–€ŒSº˜a’¬¼ğ,1638-2,,
19384-0900-11.zip,202202141041,’†‹–€ŒSº˜a’¬¼ğ,1638-4,,
19384-0900-11.zip,202202141041,’†‹–€ŒSº˜a’¬¼ğ,1638-5,,
19384-0900-11.zip,202202141041,’†‹–€ŒSº˜a’¬¼ğ,1638-6,,
19384-0900-11.zip,202202141041,’†‹–€ŒSº˜a’¬¼ğ,1639-1,,
19384-0900-11.zip,202202141041,’†‹–€ŒSº˜a’¬¼ğ,1639-2,,
19384-0900-11.zip,202202141041,’†‹–€ŒSº˜a’¬¼ğ,1639-4,,
19384-0900-11.zip,202202141041,’†‹–€ŒSº˜a’¬¼ğ,1640,,
19384-0900-11.zip,202202141041,’†‹–€ŒSº˜a’¬¼ğ,1641-1,,
19384-0900-11.zip,202202141041,’†‹–€ŒSº˜a’¬¼ğ,1641-3,,
19384-0900-11.zip,202202141041,’†‹–€ŒSº˜a’¬¼ğ,1641-4,,
19384-0900-11.zip,202202141041,’†‹–€ŒSº˜a’¬¼ğ,1641-5,,
19384-0900-11.zip,202202141041,’†‹–€ŒSº˜a’¬¼ğ,1642,,
19384-0900-11.zip,202202141041,’†‹–€ŒSº˜a’¬¼ğ,1643,,
19384-0900-11.zip,202202141041,’†‹–€ŒSº˜a’¬¼ğ,1643-2,,
19384-0900-11.zip,202202141041,’†‹–€ŒSº˜a’¬¼ğ,1644,,
19384-0900-11.zip,202202141041,’†‹–€ŒSº˜a’¬¼ğ,1645,,
19384-0900-11.zip,202202141041,’†‹–€ŒSº˜a’¬¼ğ,1645-2,,
19384-0900-11.zip,202202141041,’†‹–€ŒSº˜a’¬¼ğ,1646,,
19384-0900-11.zip,202202141041,’†‹–€ŒSº˜a’¬¼ğ,1649,,
19384-0900-11.zip,202202141041,’†‹–€ŒSº˜a’¬¼ğ,1650,,
19384-0900-11.zip,202202141041,’†‹–€ŒSº˜a’¬¼ğ,1651,,
19384-0900-11.zip,202202141041,’†‹–€ŒSº˜a’¬¼ğ,1652,,
19384-0900-11.zip,202202141041,’†‹–€ŒSº˜a’¬¼ğ,1654-1,,
19384-0900-11.zip,202202141041,’†‹–€ŒSº˜a’¬¼ğ,1654-2,,
19384-0900-11.zip,202202141041,’†‹–€ŒSº˜a’¬¼ğ,1655,,
19384-0900-11.zip,202202141041,’†‹–€ŒSº˜a’¬¼ğ,1656,,
19384-0900-11.zip,202202141041,’†‹–€ŒSº˜a’¬¼ğ,1656-2,,
19384-0900-11.zip,202202141041,’†‹–€ŒSº˜a’¬¼ğ,1659,,
19384-0900-11.zip,202202141041,’†‹–€ŒSº˜a’¬¼ğ,1663,,
19384-0900-11.zip,202202141041,’†‹–€ŒSº˜a’¬¼ğ,1664,,
19384-0900-11.zip,202202141041,’†‹–€ŒSº˜a’¬¼ğ,1665,,
19384-0900-11.zip,202202141041,’†‹–€ŒSº˜a’¬¼ğ,1666,,
19384-0900-11.zip,202202141041,’†‹–€ŒSº˜a’¬¼ğ,1668,,
19384-0900-11.zip,202202141041,’†‹–€ŒSº˜a’¬¼ğ,1669,,
19384-0900-11.zip,202202141041,’†‹–€ŒSº˜a’¬¼ğ,1670,,
19384-0900-11.zip,202202141041,’†‹–€ŒSº˜a’¬¼ğ,1672,,
19384-0900-11.zip,202202141041,’†‹–€ŒSº˜a’¬¼ğ,1676,,
19384-0900-11.zip,202202141041,’†‹–€ŒSº˜a’¬¼ğ,1677,,
19384-0900-11.zip,202202141041,’†‹–€ŒSº˜a’¬¼ğ,1679,,
19384-0900-11.zip,202202141041,’†‹–€ŒSº˜a’¬¼ğ,1680,,
19384-0900-11.zip,202202141041,’†‹–€ŒSº˜a’¬¼ğ,1681,,
19384-0900-11.zip,202202141041,’†‹–€ŒSº˜a’¬¼ğ,1683-1,,
19384-0900-11.zip,202202141041,’†‹–€ŒSº˜a’¬¼ğ,1683-2,,
19384-0900-11.zip,202202141041,’†‹–€ŒSº˜a’¬¼ğ,1683-3,,
19384-0900-11.zip,202202141041,’†‹–€ŒSº˜a’¬¼ğ,1683-4,,
19384-0900-11.zip,202202141041,’†‹–€ŒSº˜a’¬¼ğ,1684-1,,
19384-0900-11.zip,202202141041,’†‹–€ŒSº˜a’¬¼ğ,1685-1,,
19384-0900-11.zip,202202141041,’†‹–€ŒSº˜a’¬¼ğ,1685-3,,
19384-0900-11.zip,202202141041,’†‹–€ŒSº˜a’¬¼ğ,1692-1,,
19384-0900-11.zip,202202141041,’†‹–€ŒSº˜a’¬¼ğ,1692-2,,
19384-0900-11.zip,202202141041,’†‹–€ŒSº˜a’¬¼ğ,1692-3,,
19384-0900-11.zip,202202141041,’†‹–€ŒSº˜a’¬¼ğ,1692-4,,
19384-0900-11.zip,202202141041,’†‹–€ŒSº˜a’¬¼ğ,1692-5,,
19384-0900-11.zip,202202141041,’†‹–€ŒSº˜a’¬¼ğ,1693-3,,
19384-0900-11.zip,202202141041,’†‹–€ŒSº˜a’¬¼ğ,1695-1,,
19384-0900-11.zip,202202141041,’†‹–€ŒSº˜a’¬¼ğ,1695-5,,
19384-0900-11.zip,202202141041,’†‹–€ŒSº˜a’¬¼ğ,“¹-13,,
19384-0900-11.zip,202202141041,’†‹–€ŒSº˜a’¬¼ğ,“¹-36,,
19384-0900-11.zip,202202141041,’†‹–€ŒSº˜a’¬¼ğ,“¹-41,,
19384-0900-11.zip,202202141041,’†‹–€ŒSº˜a’¬¼ğ,“¹-148,,
19384-0900-11.zip,202202141041,’†‹–€ŒSº˜a’¬¼ğ,“¹-175,,
19384-0900-11.zip,202202141041,’†‹–€ŒSº˜a’¬¼ğ,“¹-204,,
19384-0900-11.zip,202202141041,’†‹–€ŒSº˜a’¬¼ğ,“¹-248,,
19384-0900-11.zip,202202141041,’†‹–€ŒSº˜a’¬¼ğ,“¹-251,,
19384-0900-11.zip,202202141041,’†‹–€ŒSº˜a’¬¼ğ,“¹-263,,
19384-0900-11.zip,202202141041,’†‹–€ŒSº˜a’¬¼ğ,“¹-267,,
19384-0900-11.zip,202202141041,’†‹–€ŒSº˜a’¬¼ğ,“¹-272,,
19384-0900-11.zip,202202141041,’†‹–€ŒSº˜a’¬¼ğ,“¹-284,,
19384-0900-11.zip,202202141041,’†‹–€ŒSº˜a’¬¼ğ,…-15,,
19384-0900-11.zip,202202141041,’†‹–€ŒSº˜a’¬¼ğ,…-20,,
19384-0900-11.zip,202202141041,’†‹–€ŒSº˜a’¬¼ğ,…-22,,
19384-0900-11.zip,202202141041,’†‹–€ŒSº˜a’¬¼ğ,…-42,,
19384-0900-11.zip,202202141041,’†‹–€ŒSº˜a’¬¼ğ,…-174,,
19384-0900-11.zip,202202141041,’†‹–€ŒSº˜a’¬¼ğ,…-210,,
19384-0900-11.zip,202202141041,’†‹–€ŒSº˜a’¬¼ğ,…-231,,
19384-0900-11.zip,202202141041,’†‹–€ŒSº˜a’¬¼ğ,…-280,,
19384-0900-11.zip,202202141041,’†‹–€ŒSº˜a’¬¼ğ,…-290,,
19384-0900-11.zip,202202141041,’†‹–€ŒSº˜a’¬¼ğ,…-299,,
19384-0900-11.zip,202202141041,’†‹–€ŒSº˜a’¬¼ğ,…-311,,
19384-0900-11.zip,202202141041,’†‹–€ŒSº˜a’¬¼ğ,…-317,,
19384-0900-11.zip,202202141041,’†‹–€ŒSº˜a’¬¼ğ,…-333,,
19384-0900-11.zip,202202141041,’†‹–€ŒSº˜a’¬¼ğ,…-356,,
19384-0900-11.zip,202202141041,’†‹–€ŒSº˜a’¬¼ğ,…-357,,
19384-0900-11.zip,202202141041,’†‹–€ŒSº˜a’¬¼ğ,…-363,,
19384-0900-11.zip,202202141041,’†‹–€ŒSº˜a’¬¼ğ,…-368,,
19384-0900-11.zip,202202141041,’†‹–€ŒSº˜a’¬¼ğ,…-375,,
19384-0900-11.zip,202202141041,’†‹–€ŒSº˜a’¬¼ğ,’·‹·•¨•s–¾-16,,
19384-0900-11.zip,202202141041,’†‹–€ŒSº˜a’¬¼ğ,’·‹·•¨•s–¾-17,,
19384-0900-11.zip,202202141041,’†‹–€ŒSº˜a’¬¼ğ,’·‹·•¨•s–¾-18,,
19384-0900-11.zip,202202141041,’†‹–€ŒSº˜a’¬¼ğ,’·‹·•¨•s–¾-28,,
19384-0900-11.zip,202202141041,’†‹–€ŒSº˜a’¬¼ğ,’·‹·•¨•s–¾-29,,
19384-0900-11.zip,202202141041,’†‹–€ŒSº˜a’¬¼ğ,’·‹·•¨•s–¾-30,,
19384-0900-11.zip,202202141041,’†‹–€ŒSº˜a’¬¼ğ,’·‹·•¨•s–¾-34,,
19384-0900-11.zip,202202141041,’†‹–€ŒSº˜a’¬¼ğ,’·‹·•¨•s–¾-35,,
19384-0900-11.zip,202202141041,’†‹–€ŒSº˜a’¬¼ğ,’·‹·•¨•s–¾-36,,
19384-0900-11.zip,202202141041,’†‹–€ŒSº˜a’¬¼ğ,’·‹·•¨•s–¾-37,,
19384-0900-11.zip,202202141041,’†‹–€ŒSº˜a’¬¼ğ,1700-1,,
19384-0900-11.zip,202202141041,’†‹–€ŒSº˜a’¬¼ğ,1700-4,,
19384-0900-11.zip,202202141041,’†‹–€ŒSº˜a’¬¼ğ,1700-5,,
19384-0900-11.zip,202202141041,’†‹–€ŒSº˜a’¬¼ğ,1702-1,,
19384-0900-11.zip,202202141041,’†‹–€ŒSº˜a’¬¼ğ,1703,,
19384-0900-11.zip,202202141041,’†‹–€ŒSº˜a’¬¼ğ,1704,,
19384-0900-11.zip,202202141041,’†‹–€ŒSº˜a’¬¼ğ,1706-1,,
19384-0900-11.zip,202202141041,’†‹–€ŒSº˜a’¬¼ğ,1706-2,,
19384-0900-11.zip,202202141041,’†‹–€ŒSº˜a’¬¼ğ,1706-3,,
19384-0900-11.zip,202202141041,’†‹–€ŒSº˜a’¬¼ğ,1707-1,,
19384-0900-11.zip,202202141041,’†‹–€ŒSº˜a’¬¼ğ,1707-5,,
19384-0900-11.zip,202202141041,’†‹–€ŒSº˜a’¬¼ğ,1708-1,,
19384-0900-11.zip,202202141041,’†‹–€ŒSº˜a’¬¼ğ,1708-5,,
19384-0900-11.zip,202202141041,’†‹–€ŒSº˜a’¬¼ğ,1709-1,,
19384-0900-11.zip,202202141041,’†‹–€ŒSº˜a’¬¼ğ,1709-2,,
19384-0900-11.zip,202202141041,’†‹–€ŒSº˜a’¬¼ğ,1709-3,,
19384-0900-11.zip,202202141041,’†‹–€ŒSº˜a’¬¼ğ,1709-5,,
19384-0900-11.zip,202202141041,’†‹–€ŒSº˜a’¬¼ğ,1709-7,,
19384-0900-11.zip,202202141041,’†‹–€ŒSº˜a’¬¼ğ,1709-8,,
19384-0900-11.zip,202202141041,’†‹–€ŒSº˜a’¬¼ğ,1710-1,,
19384-0900-11.zip,202202141041,’†‹–€ŒSº˜a’¬¼ğ,1710-2,,
19384-0900-11.zip,202202141041,’†‹–€ŒSº˜a’¬¼ğ,1710-3,,
19384-0900-11.zip,202202141041,’†‹–€ŒSº˜a’¬¼ğ,1710-4,,
19384-0900-11.zip,202202141041,’†‹–€ŒSº˜a’¬¼ğ,1710-5,,
19384-0900-11.zip,202202141041,’†‹–€ŒSº˜a’¬¼ğ,1710-6,,
19384-0900-11.zip,202202141041,’†‹–€ŒSº˜a’¬¼ğ,1710-7,,
19384-0900-11.zip,202202141041,’†‹–€ŒSº˜a’¬¼ğ,1710-8,,
19384-0900-11.zip,202202141041,’†‹–€ŒSº˜a’¬¼ğ,1711,,
19384-0900-11.zip,202202141041,’†‹–€ŒSº˜a’¬¼ğ,1712,,
19384-0900-11.zip,202202141041,’†‹–€ŒSº˜a’¬¼ğ,1713-1,,
19384-0900-11.zip,202202141041,’†‹–€ŒSº˜a’¬¼ğ,1713-2,,
19384-0900-11.zip,202202141041,’†‹–€ŒSº˜a’¬¼ğ,1713-3,,
19384-0900-11.zip,202202141041,’†‹–€ŒSº˜a’¬¼ğ,1713-4,,
19384-0900-11.zip,202202141041,’†‹–€ŒSº˜a’¬¼ğ,1714-1,,
19384-0900-11.zip,202202141041,’†‹–€ŒSº˜a’¬¼ğ,1714-4,,
19384-0900-11.zip,202202141041,’†‹–€ŒSº˜a’¬¼ğ,1714-5,,
19384-0900-11.zip,202202141041,’†‹–€ŒSº˜a’¬¼ğ,1714-6,,
19384-0900-11.zip,202202141041,’†‹–€ŒSº˜a’¬¼ğ,1714-7,,
19384-0900-11.zip,202202141041,’†‹–€ŒSº˜a’¬¼ğ,1715,,
19384-0900-11.zip,202202141041,’†‹–€ŒSº˜a’¬¼ğ,1716-1,,
19384-0900-11.zip,202202141041,’†‹–€ŒSº˜a’¬¼ğ,1716-2,,
19384-0900-11.zip,202202141041,’†‹–€ŒSº˜a’¬¼ğ,1716-3,,
19384-0900-11.zip,202202141041,’†‹–€ŒSº˜a’¬¼ğ,1716-4,,
19384-0900-11.zip,202202141041,’†‹–€ŒSº˜a’¬¼ğ,1717,,
19384-0900-11.zip,202202141041,’†‹–€ŒSº˜a’¬¼ğ,1718-1,,
19384-0900-11.zip,202202141041,’†‹–€ŒSº˜a’¬¼ğ,1718-2,,
19384-0900-11.zip,202202141041,’†‹–€ŒSº˜a’¬¼ğ,1718-3,,
19384-0900-11.zip,202202141041,’†‹–€ŒSº˜a’¬¼ğ,1718-4,,
19384-0900-11.zip,202202141041,’†‹–€ŒSº˜a’¬¼ğ,1718-5,,
19384-0900-11.zip,202202141041,’†‹–€ŒSº˜a’¬¼ğ,1719,,
19384-0900-11.zip,202202141041,’†‹–€ŒSº˜a’¬¼ğ,1720,,
19384-0900-11.zip,202202141041,’†‹–€ŒSº˜a’¬¼ğ,1720-2,,
19384-0900-11.zip,202202141041,’†‹–€ŒSº˜a’¬¼ğ,1721-1,,
19384-0900-11.zip,202202141041,’†‹–€ŒSº˜a’¬¼ğ,1721-2,,
19384-0900-11.zip,202202141041,’†‹–€ŒSº˜a’¬¼ğ,1721-3,,
19384-0900-11.zip,202202141041,’†‹–€ŒSº˜a’¬¼ğ,1722-2,,
19384-0900-11.zip,202202141041,’†‹–€ŒSº˜a’¬¼ğ,1722-3,,
19384-0900-11.zip,202202141041,’†‹–€ŒSº˜a’¬¼ğ,1722-4,,
19384-0900-11.zip,202202141041,’†‹–€ŒSº˜a’¬¼ğ,1723,,
19384-0900-11.zip,202202141041,’†‹–€ŒSº˜a’¬¼ğ,1724-1,,
19384-0900-11.zip,202202141041,’†‹–€ŒSº˜a’¬¼ğ,1724-2,,
19384-0900-11.zip,202202141041,’†‹–€ŒSº˜a’¬¼ğ,1724-3,,
19384-0900-11.zip,202202141041,’†‹–€ŒSº˜a’¬¼ğ,1724-4,,
19384-0900-11.zip,202202141041,’†‹–€ŒSº˜a’¬¼ğ,1728,,
19384-0900-11.zip,202202141041,’†‹–€ŒSº˜a’¬¼ğ,1730-1,,
19384-0900-11.zip,202202141041,’†‹–€ŒSº˜a’¬¼ğ,1730-2,,
19384-0900-11.zip,202202141041,’†‹–€ŒSº˜a’¬¼ğ,1733,,
19384-0900-11.zip,202202141041,’†‹–€ŒSº˜a’¬¼ğ,1734,,
19384-0900-11.zip,202202141041,’†‹–€ŒSº˜a’¬¼ğ,1740-1,,
19384-0900-11.zip,202202141041,’†‹–€ŒSº˜a’¬¼ğ,1740-2,,
19384-0900-11.zip,202202141041,’†‹–€ŒSº˜a’¬¼ğ,1750,,
19384-0900-11.zip,202202141041,’†‹–€ŒSº˜a’¬¼ğ,1751,,
19384-0900-11.zip,202202141041,’†‹–€ŒSº˜a’¬¼ğ,1752,,
19384-0900-11.zip,202202141041,’†‹–€ŒSº˜a’¬¼ğ,1754,,
19384-0900-11.zip,202202141041,’†‹–€ŒSº˜a’¬¼ğ,1755,,
19384-0900-11.zip,202202141041,’†‹–€ŒSº˜a’¬¼ğ,1756,,
19384-0900-11.zip,202202141041,’†‹–€ŒSº˜a’¬¼ğ,1758-1,,
19384-0900-11.zip,202202141041,’†‹–€ŒSº˜a’¬¼ğ,1758-2,,
19384-0900-11.zip,202202141041,’†‹–€ŒSº˜a’¬¼ğ,1758-3,,
19384-0900-11.zip,202202141041,’†‹–€ŒSº˜a’¬¼ğ,1759-1,,
19384-0900-11.zip,202202141041,’†‹–€ŒSº˜a’¬¼ğ,1759-2,,
19384-0900-11.zip,202202141041,’†‹–€ŒSº˜a’¬¼ğ,1759-3,,
19384-0900-11.zip,202202141041,’†‹–€ŒSº˜a’¬¼ğ,1759-4,,
19384-0900-11.zip,202202141041,’†‹–€ŒSº˜a’¬¼ğ,1760-1,,
19384-0900-11.zip,202202141041,’†‹–€ŒSº˜a’¬¼ğ,1760-2,,
19384-0900-11.zip,202202141041,’†‹–€ŒSº˜a’¬¼ğ,1760-3,,
19384-0900-11.zip,202202141041,’†‹–€ŒSº˜a’¬¼ğ,1760-4,,
19384-0900-11.zip,202202141041,’†‹–€ŒSº˜a’¬¼ğ,1760-5,,
19384-0900-11.zip,202202141041,’†‹–€ŒSº˜a’¬¼ğ,1760-6,,
19384-0900-11.zip,202202141041,’†‹–€ŒSº˜a’¬¼ğ,1761-1,,
19384-0900-11.zip,202202141041,’†‹–€ŒSº˜a’¬¼ğ,1761-2,,
19384-0900-11.zip,202202141041,’†‹–€ŒSº˜a’¬¼ğ,1761-3,,
19384-0900-11.zip,202202141041,’†‹–€ŒSº˜a’¬¼ğ,1761-4,,
19384-0900-11.zip,202202141041,’†‹–€ŒSº˜a’¬¼ğ,1761-5,,
19384-0900-11.zip,202202141041,’†‹–€ŒSº˜a’¬¼ğ,1761-6,,
19384-0900-11.zip,202202141041,’†‹–€ŒSº˜a’¬¼ğ,1761-7,,
19384-0900-11.zip,202202141041,’†‹–€ŒSº˜a’¬¼ğ,1761-8,,
19384-0900-11.zip,202202141041,’†‹–€ŒSº˜a’¬¼ğ,1762,,
19384-0900-11.zip,202202141041,’†‹–€ŒSº˜a’¬¼ğ,1764-2,,
19384-0900-11.zip,202202141041,’†‹–€ŒSº˜a’¬¼ğ,1765,,
19384-0900-11.zip,202202141041,’†‹–€ŒSº˜a’¬¼ğ,1767-1,,
19384-0900-11.zip,202202141041,’†‹–€ŒSº˜a’¬¼ğ,1767-4,,
19384-0900-11.zip,202202141041,’†‹–€ŒSº˜a’¬¼ğ,1768-1,,
19384-0900-11.zip,202202141041,’†‹–€ŒSº˜a’¬¼ğ,1769-1,,
19384-0900-11.zip,202202141041,’†‹–€ŒSº˜a’¬¼ğ,1769-3,,
19384-0900-11.zip,202202141041,’†‹–€ŒSº˜a’¬¼ğ,1769-4,,
19384-0900-11.zip,202202141041,’†‹–€ŒSº˜a’¬¼ğ,1769-5,,
19384-0900-11.zip,202202141041,’†‹–€ŒSº˜a’¬¼ğ,1769-6,,
19384-0900-11.zip,202202141041,’†‹–€ŒSº˜a’¬¼ğ,1770-1,,
19384-0900-11.zip,202202141041,’†‹–€ŒSº˜a’¬¼ğ,1770-3,,
19384-0900-11.zip,202202141041,’†‹–€ŒSº˜a’¬¼ğ,1770-4,,
19384-0900-11.zip,202202141041,’†‹–€ŒSº˜a’¬¼ğ,1770-5,,
19384-0900-11.zip,202202141041,’†‹–€ŒSº˜a’¬¼ğ,1770-6,,
19384-0900-11.zip,202202141041,’†‹–€ŒSº˜a’¬¼ğ,1771-1,,
19384-0900-11.zip,202202141041,’†‹–€ŒSº˜a’¬¼ğ,1771-4,,
19384-0900-11.zip,202202141041,’†‹–€ŒSº˜a’¬¼ğ,1771-5,,
19384-0900-11.zip,202202141041,’†‹–€ŒSº˜a’¬¼ğ,1772-1,,
19384-0900-11.zip,202202141041,’†‹–€ŒSº˜a’¬¼ğ,1772-3,,
19384-0900-11.zip,202202141041,’†‹–€ŒSº˜a’¬¼ğ,1772-6,,
19384-0900-11.zip,202202141041,’†‹–€ŒSº˜a’¬¼ğ,1772-7,,
19384-0900-11.zip,202202141041,’†‹–€ŒSº˜a’¬¼ğ,1772-8,,
19384-0900-11.zip,202202141041,’†‹–€ŒSº˜a’¬¼ğ,1772-9,,
19384-0900-11.zip,202202141041,’†‹–€ŒSº˜a’¬¼ğ,1772-10,,
19384-0900-11.zip,202202141041,’†‹–€ŒSº˜a’¬¼ğ,1772-11,,
19384-0900-11.zip,202202141041,’†‹–€ŒSº˜a’¬¼ğ,1772-12,,
19384-0900-11.zip,202202141041,’†‹–€ŒSº˜a’¬¼ğ,1772-13,,
19384-0900-11.zip,202202141041,’†‹–€ŒSº˜a’¬¼ğ,1773-1,,
19384-0900-11.zip,202202141041,’†‹–€ŒSº˜a’¬¼ğ,1774-1,,
19384-0900-11.zip,202202141041,’†‹–€ŒSº˜a’¬¼ğ,1774-2,,
19384-0900-11.zip,202202141041,’†‹–€ŒSº˜a’¬¼ğ,1775-1,,
19384-0900-11.zip,202202141041,’†‹–€ŒSº˜a’¬¼ğ,1776-2,,
19384-0900-11.zip,202202141041,’†‹–€ŒSº˜a’¬¼ğ,1780,,
19384-0900-11.zip,202202141041,’†‹–€ŒSº˜a’¬¼ğ,1781,,
19384-0900-11.zip,202202141041,’†‹–€ŒSº˜a’¬¼ğ,1784,,
19384-0900-11.zip,202202141041,’†‹–€ŒSº˜a’¬¼ğ,1785-1,,
19384-0900-11.zip,202202141041,’†‹–€ŒSº˜a’¬¼ğ,1786-2,,
19384-0900-11.zip,202202141041,’†‹–€ŒSº˜a’¬¼ğ,1786-3,,
19384-0900-11.zip,202202141041,’†‹–€ŒSº˜a’¬¼ğ,1786-4,,
19384-0900-11.zip,202202141041,’†‹–€ŒSº˜a’¬¼ğ,1788,,
19384-0900-11.zip,202202141041,’†‹–€ŒSº˜a’¬¼ğ,1789,,
19384-0900-11.zip,202202141041,’†‹–€ŒSº˜a’¬¼ğ,1791,,
19384-0900-11.zip,202202141041,’†‹–€ŒSº˜a’¬¼ğ,1792-1,,
19384-0900-11.zip,202202141041,’†‹–€ŒSº˜a’¬¼ğ,1792-2,,
19384-0900-11.zip,202202141041,’†‹–€ŒSº˜a’¬¼ğ,1792-3,,
19384-0900-11.zip,202202141041,’†‹–€ŒSº˜a’¬¼ğ,1802,,
19384-0900-11.zip,202202141041,’†‹–€ŒSº˜a’¬¼ğ,1803-2,,
19384-0900-11.zip,202202141041,’†‹–€ŒSº˜a’¬¼ğ,1803-3,,
19384-0900-11.zip,202202141041,’†‹–€ŒSº˜a’¬¼ğ,1803-5,,
19384-0900-11.zip,202202141041,’†‹–€ŒSº˜a’¬¼ğ,1803-6,,
19384-0900-11.zip,202202141041,’†‹–€ŒSº˜a’¬¼ğ,1803-7,,
19384-0900-11.zip,202202141041,’†‹–€ŒSº˜a’¬¼ğ,1804-3,,
19384-0900-11.zip,202202141041,’†‹–€ŒSº˜a’¬¼ğ,1805-2,,
19384-0900-11.zip,202202141041,’†‹–€ŒSº˜a’¬¼ğ,1806-1,,
19384-0900-11.zip,202202141041,’†‹–€ŒSº˜a’¬¼ğ,1807,,
19384-0900-11.zip,202202141041,’†‹–€ŒSº˜a’¬¼ğ,1808-1,,
19384-0900-11.zip,202202141041,’†‹–€ŒSº˜a’¬¼ğ,1810-2,,
19384-0900-11.zip,202202141041,’†‹–€ŒSº˜a’¬¼ğ,1811-1,,
19384-0900-11.zip,202202141041,’†‹–€ŒSº˜a’¬¼ğ,1811-2,,
19384-0900-11.zip,202202141041,’†‹–€ŒSº˜a’¬¼ğ,1811-4,,
19384-0900-11.zip,202202141041,’†‹–€ŒSº˜a’¬¼ğ,1813,,
19384-0900-11.zip,202202141041,’†‹–€ŒSº˜a’¬¼ğ,1814,,
19384-0900-11.zip,202202141041,’†‹–€ŒSº˜a’¬¼ğ,1818,,
19384-0900-11.zip,202202141041,’†‹–€ŒSº˜a’¬¼ğ,1820-1,,
19384-0900-11.zip,202202141041,’†‹–€ŒSº˜a’¬¼ğ,1820-2,,
19384-0900-11.zip,202202141041,’†‹–€ŒSº˜a’¬¼ğ,1820-3,,
19384-0900-11.zip,202202141041,’†‹–€ŒSº˜a’¬¼ğ,1832,,
19384-0900-11.zip,202202141041,’†‹–€ŒSº˜a’¬¼ğ,1832-2,,
19384-0900-11.zip,202202141041,’†‹–€ŒSº˜a’¬¼ğ,1834,,
19384-0900-11.zip,202202141041,’†‹–€ŒSº˜a’¬¼ğ,1835,,
19384-0900-11.zip,202202141041,’†‹–€ŒSº˜a’¬¼ğ,1837-2,,
19384-0900-11.zip,202202141041,’†‹–€ŒSº˜a’¬¼ğ,1838-1,,
19384-0900-11.zip,202202141041,’†‹–€ŒSº˜a’¬¼ğ,1838-2,,
19384-0900-11.zip,202202141041,’†‹–€ŒSº˜a’¬¼ğ,1838-3,,
19384-0900-11.zip,202202141041,’†‹–€ŒSº˜a’¬¼ğ,1839-1,,
19384-0900-11.zip,202202141041,’†‹–€ŒSº˜a’¬¼ğ,1840-1,,
19384-0900-11.zip,202202141041,’†‹–€ŒSº˜a’¬¼ğ,1840-2,,
19384-0900-11.zip,202202141041,’†‹–€ŒSº˜a’¬¼ğ,1840-3,,
19384-0900-11.zip,202202141041,’†‹–€ŒSº˜a’¬¼ğ,1840-4,,
19384-0900-11.zip,202202141041,’†‹–€ŒSº˜a’¬¼ğ,1840-5,,
19384-0900-11.zip,202202141041,’†‹–€ŒSº˜a’¬¼ğ,1840-6,,
19384-0900-11.zip,202202141041,’†‹–€ŒSº˜a’¬¼ğ,1840-7,,
19384-0900-11.zip,202202141041,’†‹–€ŒSº˜a’¬¼ğ,1840-8,,
19384-0900-11.zip,202202141041,’†‹–€ŒSº˜a’¬¼ğ,1840-9,,
19384-0900-11.zip,202202141041,’†‹–€ŒSº˜a’¬¼ğ,1842-1,,
19384-0900-11.zip,202202141041,’†‹–€ŒSº˜a’¬¼ğ,1842-3,,
19384-0900-11.zip,202202141041,’†‹–€ŒSº˜a’¬¼ğ,1842-5,,
19384-0900-11.zip,202202141041,’†‹–€ŒSº˜a’¬¼ğ,1842-6,,
19384-0900-11.zip,202202141041,’†‹–€ŒSº˜a’¬¼ğ,1842-7,,
19384-0900-11.zip,202202141041,’†‹–€ŒSº˜a’¬¼ğ,1842-8,,
19384-0900-11.zip,202202141041,’†‹–€ŒSº˜a’¬¼ğ,1843-1,,
19384-0900-11.zip,202202141041,’†‹–€ŒSº˜a’¬¼ğ,1843-6,,
19384-0900-11.zip,202202141041,’†‹–€ŒSº˜a’¬¼ğ,1843-7,,
19384-0900-11.zip,202202141041,’†‹–€ŒSº˜a’¬¼ğ,1843-11,,
19384-0900-11.zip,202202141041,’†‹–€ŒSº˜a’¬¼ğ,1843-13,,
19384-0900-11.zip,202202141041,’†‹–€ŒSº˜a’¬¼ğ,1843-14,,
19384-0900-11.zip,202202141041,’†‹–€ŒSº˜a’¬¼ğ,1843-15,,
19384-0900-11.zip,202202141041,’†‹–€ŒSº˜a’¬¼ğ,1843-17,,
19384-0900-11.zip,202202141041,’†‹–€ŒSº˜a’¬¼ğ,1843-18,,
19384-0900-11.zip,202202141041,’†‹–€ŒSº˜a’¬¼ğ,1843-19,,
19384-0900-11.zip,202202141041,’†‹–€ŒSº˜a’¬¼ğ,1845-1,,
19384-0900-11.zip,202202141041,’†‹–€ŒSº˜a’¬¼ğ,1845-2,,
19384-0900-11.zip,202202141041,’†‹–€ŒSº˜a’¬¼ğ,1845-3,,
19384-0900-11.zip,202202141041,’†‹–€ŒSº˜a’¬¼ğ,1845-4,,
19384-0900-11.zip,202202141041,’†‹–€ŒSº˜a’¬¼ğ,1845-5,,
19384-0900-11.zip,202202141041,’†‹–€ŒSº˜a’¬¼ğ,1848,,
19384-0900-11.zip,202202141041,’†‹–€ŒSº˜a’¬¼ğ,1849-1,,
19384-0900-11.zip,202202141041,’†‹–€ŒSº˜a’¬¼ğ,1849-2,,
19384-0900-11.zip,202202141041,’†‹–€ŒSº˜a’¬¼ğ,1849-3,,
19384-0900-11.zip,202202141041,’†‹–€ŒSº˜a’¬¼ğ,1850-1,,
19384-0900-11.zip,202202141041,’†‹–€ŒSº˜a’¬¼ğ,1850-3,,
19384-0900-11.zip,202202141041,’†‹–€ŒSº˜a’¬¼ğ,1850-4,,
19384-0900-11.zip,202202141041,’†‹–€ŒSº˜a’¬¼ğ,1850-6,,
19384-0900-11.zip,202202141041,’†‹–€ŒSº˜a’¬¼ğ,1850-7,,
19384-0900-11.zip,202202141041,’†‹–€ŒSº˜a’¬¼ğ,1851-2,,
19384-0900-11.zip,202202141041,’†‹–€ŒSº˜a’¬¼ğ,1852-1,,
19384-0900-11.zip,202202141041,’†‹–€ŒSº˜a’¬¼ğ,1852-2,,
19384-0900-11.zip,202202141041,’†‹–€ŒSº˜a’¬¼ğ,1852-3,,
19384-0900-11.zip,202202141041,’†‹–€ŒSº˜a’¬¼ğ,1852-4,,
19384-0900-11.zip,202202141041,’†‹–€ŒSº˜a’¬¼ğ,1853,,
19384-0900-11.zip,202202141041,’†‹–€ŒSº˜a’¬¼ğ,1854,,
19384-0900-11.zip,202202141041,’†‹–€ŒSº˜a’¬¼ğ,1854-2,,
19384-0900-11.zip,202202141041,’†‹–€ŒSº˜a’¬¼ğ,1854-3,,
19384-0900-11.zip,202202141041,’†‹–€ŒSº˜a’¬¼ğ,1856,,
19384-0900-11.zip,202202141041,’†‹–€ŒSº˜a’¬¼ğ,1857,,
19384-0900-11.zip,202202141041,’†‹–€ŒSº˜a’¬¼ğ,1858,,
19384-0900-11.zip,202202141041,’†‹–€ŒSº˜a’¬¼ğ,1861,,
19384-0900-11.zip,202202141041,’†‹–€ŒSº˜a’¬¼ğ,1862,,
19384-0900-11.zip,202202141041,’†‹–€ŒSº˜a’¬¼ğ,1864,,
19384-0900-11.zip,202202141041,’†‹–€ŒSº˜a’¬¼ğ,1865,,
19384-0900-11.zip,202202141041,’†‹–€ŒSº˜a’¬¼ğ,1866,,
19384-0900-11.zip,202202141041,’†‹–€ŒSº˜a’¬¼ğ,1866-2,,
19384-0900-11.zip,202202141041,’†‹–€ŒSº˜a’¬¼ğ,1866-3,,
19384-0900-11.zip,202202141041,’†‹–€ŒSº˜a’¬¼ğ,1867,,
19384-0900-11.zip,202202141041,’†‹–€ŒSº˜a’¬¼ğ,1868,,
19384-0900-11.zip,202202141041,’†‹–€ŒSº˜a’¬¼ğ,1870,,
19384-0900-11.zip,202202141041,’†‹–€ŒSº˜a’¬¼ğ,1871,,
19384-0900-11.zip,202202141041,’†‹–€ŒSº˜a’¬¼ğ,1873,,
19384-0900-11.zip,202202141041,’†‹–€ŒSº˜a’¬¼ğ,1876,,
19384-0900-11.zip,202202141041,’†‹–€ŒSº˜a’¬¼ğ,1877,,
19384-0900-11.zip,202202141041,’†‹–€ŒSº˜a’¬¼ğ,1880-6,,
19384-0900-11.zip,202202141041,’†‹–€ŒSº˜a’¬¼ğ,1880-12,,
19384-0900-11.zip,202202141041,’†‹–€ŒSº˜a’¬¼ğ,1880-13,,
19384-0900-11.zip,202202141041,’†‹–€ŒSº˜a’¬¼ğ,1880-14,,
19384-0900-11.zip,202202141041,’†‹–€ŒSº˜a’¬¼ğ,1880-15,,
19384-0900-11.zip,202202141041,’†‹–€ŒSº˜a’¬¼ğ,1880-16,,
19384-0900-11.zip,202202141041,’†‹–€ŒSº˜a’¬¼ğ,1880-17,,
19384-0900-11.zip,202202141041,’†‹–€ŒSº˜a’¬¼ğ,1880-18,,
19384-0900-11.zip,202202141041,’†‹–€ŒSº˜a’¬¼ğ,1880-19,,
19384-0900-11.zip,202202141041,’†‹–€ŒSº˜a’¬¼ğ,1880-20,,
19384-0900-11.zip,202202141041,’†‹–€ŒSº˜a’¬¼ğ,1880-21,,
19384-0900-11.zip,202202141041,’†‹–€ŒSº˜a’¬¼ğ,1880-22,,
19384-0900-11.zip,202202141041,’†‹–€ŒSº˜a’¬¼ğ,1880-23,,
19384-0900-11.zip,202202141041,’†‹–€ŒSº˜a’¬¼ğ,1880-24,,
19384-0900-11.zip,202202141041,’†‹–€ŒSº˜a’¬¼ğ,1880-25,,
19384-0900-11.zip,202202141041,’†‹–€ŒSº˜a’¬¼ğ,1880-26,,
19384-0900-11.zip,202202141041,’†‹–€ŒSº˜a’¬¼ğ,1880-27,,
19384-0900-11.zip,202202141041,’†‹–€ŒSº˜a’¬¼ğ,1880-28,,
19384-0900-11.zip,202202141041,’†‹–€ŒSº˜a’¬¼ğ,1880-29,,
19384-0900-11.zip,202202141041,’†‹–€ŒSº˜a’¬¼ğ,1880-30,,
19384-0900-11.zip,202202141041,’†‹–€ŒSº˜a’¬¼ğ,1881-1,,
19384-0900-11.zip,202202141041,’†‹–€ŒSº˜a’¬¼ğ,1881-2,,
19384-0900-11.zip,202202141041,’†‹–€ŒSº˜a’¬¼ğ,1884-1,,
19384-0900-11.zip,202202141041,’†‹–€ŒSº˜a’¬¼ğ,1884-2,,
19384-0900-11.zip,202202141041,’†‹–€ŒSº˜a’¬¼ğ,1884-5,,
19384-0900-11.zip,202202141041,’†‹–€ŒSº˜a’¬¼ğ,1884-17,,
19384-0900-11.zip,202202141041,’†‹–€ŒSº˜a’¬¼ğ,1884-18,,
19384-0900-11.zip,202202141041,’†‹–€ŒSº˜a’¬¼ğ,1884-19,,
19384-0900-11.zip,202202141041,’†‹–€ŒSº˜a’¬¼ğ,1885,,
19384-0900-11.zip,202202141041,’†‹–€ŒSº˜a’¬¼ğ,1886-1,,
19384-0900-11.zip,202202141041,’†‹–€ŒSº˜a’¬¼ğ,1886-2,,
19384-0900-11.zip,202202141041,’†‹–€ŒSº˜a’¬¼ğ,1887,,
19384-0900-11.zip,202202141041,’†‹–€ŒSº˜a’¬¼ğ,1888,,
19384-0900-11.zip,202202141041,’†‹–€ŒSº˜a’¬¼ğ,1889,,
19384-0900-11.zip,202202141041,’†‹–€ŒSº˜a’¬¼ğ,1891-1,,
19384-0900-11.zip,202202141041,’†‹–€ŒSº˜a’¬¼ğ,1891-2,,
19384-0900-11.zip,202202141041,’†‹–€ŒSº˜a’¬¼ğ,1892,,
19384-0900-11.zip,202202141041,’†‹–€ŒSº˜a’¬¼ğ,1893-1,,
19384-0900-11.zip,202202141041,’†‹–€ŒSº˜a’¬¼ğ,1893-2,,
19384-0900-11.zip,202202141041,’†‹–€ŒSº˜a’¬¼ğ,1895,,
19384-0900-11.zip,202202141041,’†‹–€ŒSº˜a’¬¼ğ,1896-‰³,,
19384-0900-11.zip,202202141041,’†‹–€ŒSº˜a’¬¼ğ,1896-1,,
19384-0900-11.zip,202202141041,’†‹–€ŒSº˜a’¬¼ğ,1896-2,,
19384-0900-11.zip,202202141041,’†‹–€ŒSº˜a’¬¼ğ,1897-1,,
19384-0900-11.zip,202202141041,’†‹–€ŒSº˜a’¬¼ğ,1897-2,,
19384-0900-11.zip,202202141041,’†‹–€ŒSº˜a’¬¼ğ,1897-3,,
19384-0900-11.zip,202202141041,’†‹–€ŒSº˜a’¬¼ğ,1898-1,,
19384-0900-11.zip,202202141041,’†‹–€ŒSº˜a’¬¼ğ,1898-2,,
19384-0900-11.zip,202202141041,’†‹–€ŒSº˜a’¬¼ğ,1899-1,,
19384-0900-11.zip,202202141041,’†‹–€ŒSº˜a’¬¼ğ,1899-2,,
19384-0900-11.zip,202202141041,’†‹–€ŒSº˜a’¬¼ğ,1899-3,,
19384-0900-11.zip,202202141041,’†‹–€ŒSº˜a’¬¼ğ,1901,,
19384-0900-11.zip,202202141041,’†‹–€ŒSº˜a’¬¼ğ,1902,,
19384-0900-11.zip,202202141041,’†‹–€ŒSº˜a’¬¼ğ,1903-1,,
19384-0900-11.zip,202202141041,’†‹–€ŒSº˜a’¬¼ğ,1903-2,,
19384-0900-11.zip,202202141041,’†‹–€ŒSº˜a’¬¼ğ,1904,,
19384-0900-11.zip,202202141041,’†‹–€ŒSº˜a’¬¼ğ,1905,,
19384-0900-11.zip,202202141041,’†‹–€ŒSº˜a’¬¼ğ,1907,,
19384-0900-11.zip,202202141041,’†‹–€ŒSº˜a’¬¼ğ,1910,,
19384-0900-11.zip,202202141041,’†‹–€ŒSº˜a’¬¼ğ,1911,,
19384-0900-11.zip,202202141041,’†‹–€ŒSº˜a’¬¼ğ,1913,,
19384-0900-11.zip,202202141041,’†‹–€ŒSº˜a’¬¼ğ,1919,,
19384-0900-11.zip,202202141041,’†‹–€ŒSº˜a’¬¼ğ,1922,,
19384-0900-11.zip,202202141041,’†‹–€ŒSº˜a’¬¼ğ,1923,,
19384-0900-11.zip,202202141041,’†‹–€ŒSº˜a’¬¼ğ,1925,,
19384-0900-11.zip,202202141041,’†‹–€ŒSº˜a’¬¼ğ,1928,,
19384-0900-11.zip,202202141041,’†‹–€ŒSº˜a’¬¼ğ,1929,,
19384-0900-11.zip,202202141041,’†‹–€ŒSº˜a’¬¼ğ,–³’n”Ô-366,,
19384-0900-11.zip,202202141041,’†‹–€ŒSº˜a’¬¼ğ,“¹-6,,
19384-0900-11.zip,202202141041,’†‹–€ŒSº˜a’¬¼ğ,“¹-37,,
19384-0900-11.zip,202202141041,’†‹–€ŒSº˜a’¬¼ğ,“¹-44,,
19384-0900-11.zip,202202141041,’†‹–€ŒSº˜a’¬¼ğ,“¹-133,,
19384-0900-11.zip,202202141041,’†‹–€ŒSº˜a’¬¼ğ,“¹-183,,
19384-0900-11.zip,202202141041,’†‹–€ŒSº˜a’¬¼ğ,“¹-200,,
19384-0900-11.zip,202202141041,’†‹–€ŒSº˜a’¬¼ğ,“¹-207,,
19384-0900-11.zip,202202141041,’†‹–€ŒSº˜a’¬¼ğ,“¹-249,,
19384-0900-11.zip,202202141041,’†‹–€ŒSº˜a’¬¼ğ,“¹-265,,
19384-0900-11.zip,202202141041,’†‹–€ŒSº˜a’¬¼ğ,“¹-266,,
19384-0900-11.zip,202202141041,’†‹–€ŒSº˜a’¬¼ğ,“¹-273,,
19384-0900-11.zip,202202141041,’†‹–€ŒSº˜a’¬¼ğ,“¹-276,,
19384-0900-11.zip,202202141041,’†‹–€ŒSº˜a’¬¼ğ,“¹-280,,
19384-0900-11.zip,202202141041,’†‹–€ŒSº˜a’¬¼ğ,…-43,,
19384-0900-11.zip,202202141041,’†‹–€ŒSº˜a’¬¼ğ,…-67,,
19384-0900-11.zip,202202141041,’†‹–€ŒSº˜a’¬¼ğ,…-144,,
19384-0900-11.zip,202202141041,’†‹–€ŒSº˜a’¬¼ğ,…-176,,
19384-0900-11.zip,202202141041,’†‹–€ŒSº˜a’¬¼ğ,…-233,,
19384-0900-11.zip,202202141041,’†‹–€ŒSº˜a’¬¼ğ,…-298,,
19384-0900-11.zip,202202141041,’†‹–€ŒSº˜a’¬¼ğ,…-307,,
19384-0900-11.zip,202202141041,’†‹–€ŒSº˜a’¬¼ğ,…-327,,
19384-0900-11.zip,202202141041,’†‹–€ŒSº˜a’¬¼ğ,…-339,,
19384-0900-11.zip,202202141041,’†‹–€ŒSº˜a’¬¼ğ,…-345,,
19384-0900-11.zip,202202141041,’†‹–€ŒSº˜a’¬¼ğ,…-351,,
19384-0900-11.zip,202202141041,’†‹–€ŒSº˜a’¬¼ğ,’·‹·•¨•s–¾-15,,
19384-0900-11.zip,202202141041,’†‹–€ŒSº˜a’¬¼ğ,’·‹·•¨•s–¾-26,,
19384-0900-11.zip,202202141041,’†‹–€ŒSº˜a’¬¼ğ,’·‹·•¨•s–¾-38,,
19384-0900-11.zip,202202141041,’†‹–€ŒSº˜a’¬¼ğ,’·‹·•¨•s–¾-39,,
19384-0900-11.zip,202202141041,’†‹–€ŒSº˜a’¬¼ğ,’·‹·•¨•s–¾-40,,
19384-0900-11.zip,202202141041,’†‹–€ŒSº˜a’¬¼ğ,’·‹·•¨•s–¾-41,,
19384-0900-11.zip,202202141041,’†‹–€ŒSº˜a’¬¼ğ,’·‹·•¨•s–¾-42-1,,
19384-0900-11.zip,202202141041,’†‹–€ŒSº˜a’¬¼ğ,1930,,
19384-0900-11.zip,202202141041,’†‹–€ŒSº˜a’¬¼ğ,1931-1,,
19384-0900-11.zip,202202141041,’†‹–€ŒSº˜a’¬¼ğ,1931-2,,
19384-0900-11.zip,202202141041,’†‹–€ŒSº˜a’¬¼ğ,1931-3,,
19384-0900-11.zip,202202141041,’†‹–€ŒSº˜a’¬¼ğ,1935-2,,
19384-0900-11.zip,202202141041,’†‹–€ŒSº˜a’¬¼ğ,1935-4,,
19384-0900-11.zip,202202141041,’†‹–€ŒSº˜a’¬¼ğ,1935-5,,
19384-0900-11.zip,202202141041,’†‹–€ŒSº˜a’¬¼ğ,1936-1,,
19384-0900-11.zip,202202141041,’†‹–€ŒSº˜a’¬¼ğ,1936-2,,
19384-0900-11.zip,202202141041,’†‹–€ŒSº˜a’¬¼ğ,1937-1,,
19384-0900-11.zip,202202141041,’†‹–€ŒSº˜a’¬¼ğ,1941,,
19384-0900-11.zip,202202141041,’†‹–€ŒSº˜a’¬¼ğ,1942-2,,
19384-0900-11.zip,202202141041,’†‹–€ŒSº˜a’¬¼ğ,1942-3,,
19384-0900-11.zip,202202141041,’†‹–€ŒSº˜a’¬¼ğ,1942-5,,
19384-0900-11.zip,202202141041,’†‹–€ŒSº˜a’¬¼ğ,1942-6,,
19384-0900-11.zip,202202141041,’†‹–€ŒSº˜a’¬¼ğ,1946-1,,
19384-0900-11.zip,202202141041,’†‹–€ŒSº˜a’¬¼ğ,1946-2,,
19384-0900-11.zip,202202141041,’†‹–€ŒSº˜a’¬¼ğ,1947,,
19384-0900-11.zip,202202141041,’†‹–€ŒSº˜a’¬¼ğ,1949-1,,
19384-0900-11.zip,202202141041,’†‹–€ŒSº˜a’¬¼ğ,1949-2,,
19384-0900-11.zip,202202141041,’†‹–€ŒSº˜a’¬¼ğ,1952-1,,
19384-0900-11.zip,202202141041,’†‹–€ŒSº˜a’¬¼ğ,1952-3,,
19384-0900-11.zip,202202141041,’†‹–€ŒSº˜a’¬¼ğ,1952-4,,
19384-0900-11.zip,202202141041,’†‹–€ŒSº˜a’¬¼ğ,1952-5,,
19384-0900-11.zip,202202141041,’†‹–€ŒSº˜a’¬¼ğ,1953,,
19384-0900-11.zip,202202141041,’†‹–€ŒSº˜a’¬¼ğ,1955,,
19384-0900-11.zip,202202141041,’†‹–€ŒSº˜a’¬¼ğ,1956-3,,
19384-0900-11.zip,202202141041,’†‹–€ŒSº˜a’¬¼ğ,1956-4,,
19384-0900-11.zip,202202141041,’†‹–€ŒSº˜a’¬¼ğ,1956-8,,
19384-0900-11.zip,202202141041,’†‹–€ŒSº˜a’¬¼ğ,1956-9,,
19384-0900-11.zip,202202141041,’†‹–€ŒSº˜a’¬¼ğ,1956-10,,
19384-0900-11.zip,202202141041,’†‹–€ŒSº˜a’¬¼ğ,1956-11,,
19384-0900-11.zip,202202141041,’†‹–€ŒSº˜a’¬¼ğ,1956-12,,
19384-0900-11.zip,202202141041,’†‹–€ŒSº˜a’¬¼ğ,1956-14,,
19384-0900-11.zip,202202141041,’†‹–€ŒSº˜a’¬¼ğ,1956-15,,
19384-0900-11.zip,202202141041,’†‹–€ŒSº˜a’¬¼ğ,1956-16,,
19384-0900-11.zip,202202141041,’†‹–€ŒSº˜a’¬¼ğ,1956-18,,
19384-0900-11.zip,202202141041,’†‹–€ŒSº˜a’¬¼ğ,1956-20,,
19384-0900-11.zip,202202141041,’†‹–€ŒSº˜a’¬¼ğ,1956-22,,
19384-0900-11.zip,202202141041,’†‹–€ŒSº˜a’¬¼ğ,1956-27,,
19384-0900-11.zip,202202141041,’†‹–€ŒSº˜a’¬¼ğ,1956-28,,
19384-0900-11.zip,202202141041,’†‹–€ŒSº˜a’¬¼ğ,1956-29,,
19384-0900-11.zip,202202141041,’†‹–€ŒSº˜a’¬¼ğ,1956-30,,
19384-0900-11.zip,202202141041,’†‹–€ŒSº˜a’¬¼ğ,1956-31,,
19384-0900-11.zip,202202141041,’†‹–€ŒSº˜a’¬¼ğ,1956-32,,
19384-0900-11.zip,202202141041,’†‹–€ŒSº˜a’¬¼ğ,1956-33,,
19384-0900-11.zip,202202141041,’†‹–€ŒSº˜a’¬¼ğ,1957-2,,
19384-0900-11.zip,202202141041,’†‹–€ŒSº˜a’¬¼ğ,1959-2,,
19384-0900-11.zip,202202141041,’†‹–€ŒSº˜a’¬¼ğ,1960-2,,
19384-0900-11.zip,202202141041,’†‹–€ŒSº˜a’¬¼ğ,1961-1,,
19384-0900-11.zip,202202141041,’†‹–€ŒSº˜a’¬¼ğ,1961-2,,
19384-0900-11.zip,202202141041,’†‹–€ŒSº˜a’¬¼ğ,1961-3,,
19384-0900-11.zip,202202141041,’†‹–€ŒSº˜a’¬¼ğ,1961-4,,
19384-0900-11.zip,202202141041,’†‹–€ŒSº˜a’¬¼ğ,1961-5,,
19384-0900-11.zip,202202141041,’†‹–€ŒSº˜a’¬¼ğ,1961-6,,
19384-0900-11.zip,202202141041,’†‹–€ŒSº˜a’¬¼ğ,1963-3,,
19384-0900-11.zip,202202141041,’†‹–€ŒSº˜a’¬¼ğ,1963-4,,
19384-0900-11.zip,202202141041,’†‹–€ŒSº˜a’¬¼ğ,1963-5,,
19384-0900-11.zip,202202141041,’†‹–€ŒSº˜a’¬¼ğ,1963-6,,
19384-0900-11.zip,202202141041,’†‹–€ŒSº˜a’¬¼ğ,1967-2,,
19384-0900-11.zip,202202141041,’†‹–€ŒSº˜a’¬¼ğ,1967-3,,
19384-0900-11.zip,202202141041,’†‹–€ŒSº˜a’¬¼ğ,1968-1,,
19384-0900-11.zip,202202141041,’†‹–€ŒSº˜a’¬¼ğ,1968-2,,
19384-0900-11.zip,202202141041,’†‹–€ŒSº˜a’¬¼ğ,1968-4,,
19384-0900-11.zip,202202141041,’†‹–€ŒSº˜a’¬¼ğ,1968-5,,
19384-0900-11.zip,202202141041,’†‹–€ŒSº˜a’¬¼ğ,1968-6,,
19384-0900-11.zip,202202141041,’†‹–€ŒSº˜a’¬¼ğ,1969-2,,
19384-0900-11.zip,202202141041,’†‹–€ŒSº˜a’¬¼ğ,1969-10,,
19384-0900-11.zip,202202141041,’†‹–€ŒSº˜a’¬¼ğ,1970-2,,
19384-0900-11.zip,202202141041,’†‹–€ŒSº˜a’¬¼ğ,1970-3,,
19384-0900-11.zip,202202141041,’†‹–€ŒSº˜a’¬¼ğ,1970-5,,
19384-0900-11.zip,202202141041,’†‹–€ŒSº˜a’¬¼ğ,1970-8,,
19384-0900-11.zip,202202141041,’†‹–€ŒSº˜a’¬¼ğ,1970-9,,
19384-0900-11.zip,202202141041,’†‹–€ŒSº˜a’¬¼ğ,1970-10,,
19384-0900-11.zip,202202141041,’†‹–€ŒSº˜a’¬¼ğ,1970-11,,
19384-0900-11.zip,202202141041,’†‹–€ŒSº˜a’¬¼ğ,1970-12,,
19384-0900-11.zip,202202141041,’†‹–€ŒSº˜a’¬¼ğ,1970-14,,
19384-0900-11.zip,202202141041,’†‹–€ŒSº˜a’¬¼ğ,1971-2,,
19384-0900-11.zip,202202141041,’†‹–€ŒSº˜a’¬¼ğ,1972-4,,
19384-0900-11.zip,202202141041,’†‹–€ŒSº˜a’¬¼ğ,1972-11,,
19384-0900-11.zip,202202141041,’†‹–€ŒSº˜a’¬¼ğ,1972-12,,
19384-0900-11.zip,202202141041,’†‹–€ŒSº˜a’¬¼ğ,1974-5,,
19384-0900-11.zip,202202141041,’†‹–€ŒSº˜a’¬¼ğ,1974-6,,
19384-0900-11.zip,202202141041,’†‹–€ŒSº˜a’¬¼ğ,1974-7,,
19384-0900-11.zip,202202141041,’†‹–€ŒSº˜a’¬¼ğ,1975-1,,
19384-0900-11.zip,202202141041,’†‹–€ŒSº˜a’¬¼ğ,1975-2,,
19384-0900-11.zip,202202141041,’†‹–€ŒSº˜a’¬¼ğ,1975-3,,
19384-0900-11.zip,202202141041,’†‹–€ŒSº˜a’¬¼ğ,1977-1,,
19384-0900-11.zip,202202141041,’†‹–€ŒSº˜a’¬¼ğ,1977-2,,
19384-0900-11.zip,202202141041,’†‹–€ŒSº˜a’¬¼ğ,1977-3,,
19384-0900-11.zip,202202141041,’†‹–€ŒSº˜a’¬¼ğ,1979,,
19384-0900-11.zip,202202141041,’†‹–€ŒSº˜a’¬¼ğ,1981,,
19384-0900-11.zip,202202141041,’†‹–€ŒSº˜a’¬¼ğ,1983,,
19384-0900-11.zip,202202141041,’†‹–€ŒSº˜a’¬¼ğ,1986-1,,
19384-0900-11.zip,202202141041,’†‹–€ŒSº˜a’¬¼ğ,1986-2,,
19384-0900-11.zip,202202141041,’†‹–€ŒSº˜a’¬¼ğ,1987-1,,
19384-0900-11.zip,202202141041,’†‹–€ŒSº˜a’¬¼ğ,1987-2,,
19384-0900-11.zip,202202141041,’†‹–€ŒSº˜a’¬¼ğ,1987-4,,
19384-0900-11.zip,202202141041,’†‹–€ŒSº˜a’¬¼ğ,1987-5,,
19384-0900-11.zip,202202141041,’†‹–€ŒSº˜a’¬¼ğ,1987-6,,
19384-0900-11.zip,202202141041,’†‹–€ŒSº˜a’¬¼ğ,1987-7,,
19384-0900-11.zip,202202141041,’†‹–€ŒSº˜a’¬¼ğ,1992-1,,
19384-0900-11.zip,202202141041,’†‹–€ŒSº˜a’¬¼ğ,1994-1,,
19384-0900-11.zip,202202141041,’†‹–€ŒSº˜a’¬¼ğ,1994-2,,
19384-0900-11.zip,202202141041,’†‹–€ŒSº˜a’¬¼ğ,1994-3,,
19384-0900-11.zip,202202141041,’†‹–€ŒSº˜a’¬¼ğ,1994-4,,
19384-0900-11.zip,202202141041,’†‹–€ŒSº˜a’¬¼ğ,1994-5,,
19384-0900-11.zip,202202141041,’†‹–€ŒSº˜a’¬¼ğ,1996-2,,
19384-0900-11.zip,202202141041,’†‹–€ŒSº˜a’¬¼ğ,1998-2,,
19384-0900-11.zip,202202141041,’†‹–€ŒSº˜a’¬¼ğ,1998-3,,
19384-0900-11.zip,202202141041,’†‹–€ŒSº˜a’¬¼ğ,1998-4,,
19384-0900-11.zip,202202141041,’†‹–€ŒSº˜a’¬¼ğ,1998-5,,
19384-0900-11.zip,202202141041,’†‹–€ŒSº˜a’¬¼ğ,1998-6,,
19384-0900-11.zip,202202141041,’†‹–€ŒSº˜a’¬¼ğ,2000-1,,
19384-0900-11.zip,202202141041,’†‹–€ŒSº˜a’¬¼ğ,2000-2,,
19384-0900-11.zip,202202141041,’†‹–€ŒSº˜a’¬¼ğ,2000-3,,
19384-0900-11.zip,202202141041,’†‹–€ŒSº˜a’¬¼ğ,2002,,
19384-0900-11.zip,202202141041,’†‹–€ŒSº˜a’¬¼ğ,2003-1,,
19384-0900-11.zip,202202141041,’†‹–€ŒSº˜a’¬¼ğ,2003-2,,
19384-0900-11.zip,202202141041,’†‹–€ŒSº˜a’¬¼ğ,2003-3,,
19384-0900-11.zip,202202141041,’†‹–€ŒSº˜a’¬¼ğ,2003-4,,
19384-0900-11.zip,202202141041,’†‹–€ŒSº˜a’¬¼ğ,2004-1,,
19384-0900-11.zip,202202141041,’†‹–€ŒSº˜a’¬¼ğ,2004-4,,
19384-0900-11.zip,202202141041,’†‹–€ŒSº˜a’¬¼ğ,2007-1,,
19384-0900-11.zip,202202141041,’†‹–€ŒSº˜a’¬¼ğ,2008-3,,
19384-0900-11.zip,202202141041,’†‹–€ŒSº˜a’¬¼ğ,2008-4,,
19384-0900-11.zip,202202141041,’†‹–€ŒSº˜a’¬¼ğ,2008-5,,
19384-0900-11.zip,202202141041,’†‹–€ŒSº˜a’¬¼ğ,2008-6,,
19384-0900-11.zip,202202141041,’†‹–€ŒSº˜a’¬¼ğ,2008-7,,
19384-0900-11.zip,202202141041,’†‹–€ŒSº˜a’¬¼ğ,2008-13,,
19384-0900-11.zip,202202141041,’†‹–€ŒSº˜a’¬¼ğ,2009-6,,
19384-0900-11.zip,202202141041,’†‹–€ŒSº˜a’¬¼ğ,2009-8,,
19384-0900-11.zip,202202141041,’†‹–€ŒSº˜a’¬¼ğ,2011-1,,
19384-0900-11.zip,202202141041,’†‹–€ŒSº˜a’¬¼ğ,2011-2,,
19384-0900-11.zip,202202141041,’†‹–€ŒSº˜a’¬¼ğ,2011-3,,
19384-0900-11.zip,202202141041,’†‹–€ŒSº˜a’¬¼ğ,2011-4,,
19384-0900-11.zip,202202141041,’†‹–€ŒSº˜a’¬¼ğ,2012-1,,
19384-0900-11.zip,202202141041,’†‹–€ŒSº˜a’¬¼ğ,2012-3,,
19384-0900-11.zip,202202141041,’†‹–€ŒSº˜a’¬¼ğ,2012-4,,
19384-0900-11.zip,202202141041,’†‹–€ŒSº˜a’¬¼ğ,2012-5,,
19384-0900-11.zip,202202141041,’†‹–€ŒSº˜a’¬¼ğ,2012-6,,
19384-0900-11.zip,202202141041,’†‹–€ŒSº˜a’¬¼ğ,2012-7,,
19384-0900-11.zip,202202141041,’†‹–€ŒSº˜a’¬¼ğ,2013-2,,
19384-0900-11.zip,202202141041,’†‹–€ŒSº˜a’¬¼ğ,2013-3,,
19384-0900-11.zip,202202141041,’†‹–€ŒSº˜a’¬¼ğ,2014-2,,
19384-0900-11.zip,202202141041,’†‹–€ŒSº˜a’¬¼ğ,2014-4,,
19384-0900-11.zip,202202141041,’†‹–€ŒSº˜a’¬¼ğ,2014-6,,
19384-0900-11.zip,202202141041,’†‹–€ŒSº˜a’¬¼ğ,2014-7,,
19384-0900-11.zip,202202141041,’†‹–€ŒSº˜a’¬¼ğ,2017-1,,
19384-0900-11.zip,202202141041,’†‹–€ŒSº˜a’¬¼ğ,2017-2,,
19384-0900-11.zip,202202141041,’†‹–€ŒSº˜a’¬¼ğ,2017-4,,
19384-0900-11.zip,202202141041,’†‹–€ŒSº˜a’¬¼ğ,2017-5,,
19384-0900-11.zip,202202141041,’†‹–€ŒSº˜a’¬¼ğ,2018-3,,
19384-0900-11.zip,202202141041,’†‹–€ŒSº˜a’¬¼ğ,2020-1,,
19384-0900-11.zip,202202141041,’†‹–€ŒSº˜a’¬¼ğ,2020-2,,
19384-0900-11.zip,202202141041,’†‹–€ŒSº˜a’¬¼ğ,2022-1,,
19384-0900-11.zip,202202141041,’†‹–€ŒSº˜a’¬¼ğ,2023-5,,
19384-0900-11.zip,202202141041,’†‹–€ŒSº˜a’¬¼ğ,2024-1,,
19384-0900-11.zip,202202141041,’†‹–€ŒSº˜a’¬¼ğ,2024-6,,
19384-0900-11.zip,202202141041,’†‹–€ŒSº˜a’¬¼ğ,2024-7,,
19384-0900-11.zip,202202141041,’†‹–€ŒSº˜a’¬¼ğ,2024-8,,
19384-0900-11.zip,202202141041,’†‹–€ŒSº˜a’¬¼ğ,2024-10,,
19384-0900-11.zip,202202141041,’†‹–€ŒSº˜a’¬¼ğ,2024-11,,
19384-0900-11.zip,202202141041,’†‹–€ŒSº˜a’¬¼ğ,2024-12,,
19384-0900-11.zip,202202141041,’†‹–€ŒSº˜a’¬¼ğ,2025,,
19384-0900-11.zip,202202141041,’†‹–€ŒSº˜a’¬¼ğ,2026-2,,
19384-0900-11.zip,202202141041,’†‹–€ŒSº˜a’¬¼ğ,2030,,
19384-0900-11.zip,202202141041,’†‹–€ŒSº˜a’¬¼ğ,2033,,
19384-0900-11.zip,202202141041,’†‹–€ŒSº˜a’¬¼ğ,2033-2,,
19384-0900-11.zip,202202141041,’†‹–€ŒSº˜a’¬¼ğ,2042,,
19384-0900-11.zip,202202141041,’†‹–€ŒSº˜a’¬¼ğ,2043-2,,
19384-0900-11.zip,202202141041,’†‹–€ŒSº˜a’¬¼ğ,2043-3,,
19384-0900-11.zip,202202141041,’†‹–€ŒSº˜a’¬¼ğ,2043-4,,
19384-0900-11.zip,202202141041,’†‹–€ŒSº˜a’¬¼ğ,2043-5,,
19384-0900-11.zip,202202141041,’†‹–€ŒSº˜a’¬¼ğ,2043-6,,
19384-0900-11.zip,202202141041,’†‹–€ŒSº˜a’¬¼ğ,2043-7,,
19384-0900-11.zip,202202141041,’†‹–€ŒSº˜a’¬¼ğ,2043-8,,
19384-0900-11.zip,202202141041,’†‹–€ŒSº˜a’¬¼ğ,2043-9,,
19384-0900-11.zip,202202141041,’†‹–€ŒSº˜a’¬¼ğ,2043-10,,
19384-0900-11.zip,202202141041,’†‹–€ŒSº˜a’¬¼ğ,2045-3,,
19384-0900-11.zip,202202141041,’†‹–€ŒSº˜a’¬¼ğ,2046-1,,
19384-0900-11.zip,202202141041,’†‹–€ŒSº˜a’¬¼ğ,2046-4,,
19384-0900-11.zip,202202141041,’†‹–€ŒSº˜a’¬¼ğ,2046-5,,
19384-0900-11.zip,202202141041,’†‹–€ŒSº˜a’¬¼ğ,2047-2,,
19384-0900-11.zip,202202141041,’†‹–€ŒSº˜a’¬¼ğ,2047-5,,
19384-0900-11.zip,202202141041,’†‹–€ŒSº˜a’¬¼ğ,2047-7,,
19384-0900-11.zip,202202141041,’†‹–€ŒSº˜a’¬¼ğ,2047-8,,
19384-0900-11.zip,202202141041,’†‹–€ŒSº˜a’¬¼ğ,2048,,
19384-0900-11.zip,202202141041,’†‹–€ŒSº˜a’¬¼ğ,2049-2,,
19384-0900-11.zip,202202141041,’†‹–€ŒSº˜a’¬¼ğ,2049-3,,
19384-0900-11.zip,202202141041,’†‹–€ŒSº˜a’¬¼ğ,2049-4,,
19384-0900-11.zip,202202141041,’†‹–€ŒSº˜a’¬¼ğ,2049-5,,
19384-0900-11.zip,202202141041,’†‹–€ŒSº˜a’¬¼ğ,2049-6,,
19384-0900-11.zip,202202141041,’†‹–€ŒSº˜a’¬¼ğ,2050-2,,
19384-0900-11.zip,202202141041,’†‹–€ŒSº˜a’¬¼ğ,2050-3,,
19384-0900-11.zip,202202141041,’†‹–€ŒSº˜a’¬¼ğ,2050-4,,
19384-0900-11.zip,202202141041,’†‹–€ŒSº˜a’¬¼ğ,2050-5,,
19384-0900-11.zip,202202141041,’†‹–€ŒSº˜a’¬¼ğ,2051-1,,
19384-0900-11.zip,202202141041,’†‹–€ŒSº˜a’¬¼ğ,2051-2,,
19384-0900-11.zip,202202141041,’†‹–€ŒSº˜a’¬¼ğ,2051-4,,
19384-0900-11.zip,202202141041,’†‹–€ŒSº˜a’¬¼ğ,2051-5,,
19384-0900-11.zip,202202141041,’†‹–€ŒSº˜a’¬¼ğ,2051-6,,
19384-0900-11.zip,202202141041,’†‹–€ŒSº˜a’¬¼ğ,2051-7,,
19384-0900-11.zip,202202141041,’†‹–€ŒSº˜a’¬¼ğ,2051-8,,
19384-0900-11.zip,202202141041,’†‹–€ŒSº˜a’¬¼ğ,2051-9,,
19384-0900-11.zip,202202141041,’†‹–€ŒSº˜a’¬¼ğ,2051-10,,
19384-0900-11.zip,202202141041,’†‹–€ŒSº˜a’¬¼ğ,2051-11,,
19384-0900-11.zip,202202141041,’†‹–€ŒSº˜a’¬¼ğ,2051-12,,
19384-0900-11.zip,202202141041,’†‹–€ŒSº˜a’¬¼ğ,2051-13,,
19384-0900-11.zip,202202141041,’†‹–€ŒSº˜a’¬¼ğ,2051-14,,
19384-0900-11.zip,202202141041,’†‹–€ŒSº˜a’¬¼ğ,2052-1,,
19384-0900-11.zip,202202141041,’†‹–€ŒSº˜a’¬¼ğ,2052-3,,
19384-0900-11.zip,202202141041,’†‹–€ŒSº˜a’¬¼ğ,2052-4,,
19384-0900-11.zip,202202141041,’†‹–€ŒSº˜a’¬¼ğ,2052-5,,
19384-0900-11.zip,202202141041,’†‹–€ŒSº˜a’¬¼ğ,2052-6,,
19384-0900-11.zip,202202141041,’†‹–€ŒSº˜a’¬¼ğ,2052-7,,
19384-0900-11.zip,202202141041,’†‹–€ŒSº˜a’¬¼ğ,2053-1,,
19384-0900-11.zip,202202141041,’†‹–€ŒSº˜a’¬¼ğ,2053-2,,
19384-0900-11.zip,202202141041,’†‹–€ŒSº˜a’¬¼ğ,2053-3,,
19384-0900-11.zip,202202141041,’†‹–€ŒSº˜a’¬¼ğ,2053-4,,
19384-0900-11.zip,202202141041,’†‹–€ŒSº˜a’¬¼ğ,2053-5,,
19384-0900-11.zip,202202141041,’†‹–€ŒSº˜a’¬¼ğ,2054-1,,
19384-0900-11.zip,202202141041,’†‹–€ŒSº˜a’¬¼ğ,2054-2,,
19384-0900-11.zip,202202141041,’†‹–€ŒSº˜a’¬¼ğ,2054-3,,
19384-0900-11.zip,202202141041,’†‹–€ŒSº˜a’¬¼ğ,2054-4,,
19384-0900-11.zip,202202141041,’†‹–€ŒSº˜a’¬¼ğ,2055,,
19384-0900-11.zip,202202141041,’†‹–€ŒSº˜a’¬¼ğ,2056-1,,
19384-0900-11.zip,202202141041,’†‹–€ŒSº˜a’¬¼ğ,2056-2,,
19384-0900-11.zip,202202141041,’†‹–€ŒSº˜a’¬¼ğ,2057,,
19384-0900-11.zip,202202141041,’†‹–€ŒSº˜a’¬¼ğ,2058,,
19384-0900-11.zip,202202141041,’†‹–€ŒSº˜a’¬¼ğ,2059-1,,
19384-0900-11.zip,202202141041,’†‹–€ŒSº˜a’¬¼ğ,2059-2,,
19384-0900-11.zip,202202141041,’†‹–€ŒSº˜a’¬¼ğ,2060,,
19384-0900-11.zip,202202141041,’†‹–€ŒSº˜a’¬¼ğ,2061-2,,
19384-0900-11.zip,202202141041,’†‹–€ŒSº˜a’¬¼ğ,2061-3,,
19384-0900-11.zip,202202141041,’†‹–€ŒSº˜a’¬¼ğ,2061-4,,
19384-0900-11.zip,202202141041,’†‹–€ŒSº˜a’¬¼ğ,2061-5,,
19384-0900-11.zip,202202141041,’†‹–€ŒSº˜a’¬¼ğ,2062-2,,
19384-0900-11.zip,202202141041,’†‹–€ŒSº˜a’¬¼ğ,2062-4,,
19384-0900-11.zip,202202141041,’†‹–€ŒSº˜a’¬¼ğ,2063-2,,
19384-0900-11.zip,202202141041,’†‹–€ŒSº˜a’¬¼ğ,2063-4,,
19384-0900-11.zip,202202141041,’†‹–€ŒSº˜a’¬¼ğ,2063-5,,
19384-0900-11.zip,202202141041,’†‹–€ŒSº˜a’¬¼ğ,2064-5,,
19384-0900-11.zip,202202141041,’†‹–€ŒSº˜a’¬¼ğ,2067-1,,
19384-0900-11.zip,202202141041,’†‹–€ŒSº˜a’¬¼ğ,2067-2,,
19384-0900-11.zip,202202141041,’†‹–€ŒSº˜a’¬¼ğ,2067-4,,
19384-0900-11.zip,202202141041,’†‹–€ŒSº˜a’¬¼ğ,2068-1,,
19384-0900-11.zip,202202141041,’†‹–€ŒSº˜a’¬¼ğ,2068-2,,
19384-0900-11.zip,202202141041,’†‹–€ŒSº˜a’¬¼ğ,2068-3,,
19384-0900-11.zip,202202141041,’†‹–€ŒSº˜a’¬¼ğ,2069,,
19384-0900-11.zip,202202141041,’†‹–€ŒSº˜a’¬¼ğ,2070,,
19384-0900-11.zip,202202141041,’†‹–€ŒSº˜a’¬¼ğ,2071-1,,
19384-0900-11.zip,202202141041,’†‹–€ŒSº˜a’¬¼ğ,2071-2,,
19384-0900-11.zip,202202141041,’†‹–€ŒSº˜a’¬¼ğ,2072,,
19384-0900-11.zip,202202141041,’†‹–€ŒSº˜a’¬¼ğ,2073-1,,
19384-0900-11.zip,202202141041,’†‹–€ŒSº˜a’¬¼ğ,2073-3,,
19384-0900-11.zip,202202141041,’†‹–€ŒSº˜a’¬¼ğ,2074-1,,
19384-0900-11.zip,202202141041,’†‹–€ŒSº˜a’¬¼ğ,2074-2,,
19384-0900-11.zip,202202141041,’†‹–€ŒSº˜a’¬¼ğ,2075-1,,
19384-0900-11.zip,202202141041,’†‹–€ŒSº˜a’¬¼ğ,2075-2,,
19384-0900-11.zip,202202141041,’†‹–€ŒSº˜a’¬¼ğ,2075-4,,
19384-0900-11.zip,202202141041,’†‹–€ŒSº˜a’¬¼ğ,2075-5,,
19384-0900-11.zip,202202141041,’†‹–€ŒSº˜a’¬¼ğ,2075-6,,
19384-0900-11.zip,202202141041,’†‹–€ŒSº˜a’¬¼ğ,2075-8,,
19384-0900-11.zip,202202141041,’†‹–€ŒSº˜a’¬¼ğ,2076,,
19384-0900-11.zip,202202141041,’†‹–€ŒSº˜a’¬¼ğ,2077-1,,
19384-0900-11.zip,202202141041,’†‹–€ŒSº˜a’¬¼ğ,2077-2,,
19384-0900-11.zip,202202141041,’†‹–€ŒSº˜a’¬¼ğ,2078-1,,
19384-0900-11.zip,202202141041,’†‹–€ŒSº˜a’¬¼ğ,2078-3,,
19384-0900-11.zip,202202141041,’†‹–€ŒSº˜a’¬¼ğ,2078-4,,
19384-0900-11.zip,202202141041,’†‹–€ŒSº˜a’¬¼ğ,2078-6,,
19384-0900-11.zip,202202141041,’†‹–€ŒSº˜a’¬¼ğ,2078-7,,
19384-0900-11.zip,202202141041,’†‹–€ŒSº˜a’¬¼ğ,2078-8,,
19384-0900-11.zip,202202141041,’†‹–€ŒSº˜a’¬¼ğ,2079-3,,
19384-0900-11.zip,202202141041,’†‹–€ŒSº˜a’¬¼ğ,2079-4,,
19384-0900-11.zip,202202141041,’†‹–€ŒSº˜a’¬¼ğ,2079-5,,
19384-0900-11.zip,202202141041,’†‹–€ŒSº˜a’¬¼ğ,2079-6,,
19384-0900-11.zip,202202141041,’†‹–€ŒSº˜a’¬¼ğ,2080-1,,
19384-0900-11.zip,202202141041,’†‹–€ŒSº˜a’¬¼ğ,2080-3,,
19384-0900-11.zip,202202141041,’†‹–€ŒSº˜a’¬¼ğ,2080-4,,
19384-0900-11.zip,202202141041,’†‹–€ŒSº˜a’¬¼ğ,2080-5,,
19384-0900-11.zip,202202141041,’†‹–€ŒSº˜a’¬¼ğ,2080-6,,
19384-0900-11.zip,202202141041,’†‹–€ŒSº˜a’¬¼ğ,2080-7,,
19384-0900-11.zip,202202141041,’†‹–€ŒSº˜a’¬¼ğ,2080-8,,
19384-0900-11.zip,202202141041,’†‹–€ŒSº˜a’¬¼ğ,2080-9,,
19384-0900-11.zip,202202141041,’†‹–€ŒSº˜a’¬¼ğ,2080-10,,
19384-0900-11.zip,202202141041,’†‹–€ŒSº˜a’¬¼ğ,2080-11,,
19384-0900-11.zip,202202141041,’†‹–€ŒSº˜a’¬¼ğ,2080-12,,
19384-0900-11.zip,202202141041,’†‹–€ŒSº˜a’¬¼ğ,2080-13,,
19384-0900-11.zip,202202141041,’†‹–€ŒSº˜a’¬¼ğ,2080-15,,
19384-0900-11.zip,202202141041,’†‹–€ŒSº˜a’¬¼ğ,2080-16,,
19384-0900-11.zip,202202141041,’†‹–€ŒSº˜a’¬¼ğ,2081-2,,
19384-0900-11.zip,202202141041,’†‹–€ŒSº˜a’¬¼ğ,2081-3,,
19384-0900-11.zip,202202141041,’†‹–€ŒSº˜a’¬¼ğ,2082-1,,
19384-0900-11.zip,202202141041,’†‹–€ŒSº˜a’¬¼ğ,2082-2,,
19384-0900-11.zip,202202141041,’†‹–€ŒSº˜a’¬¼ğ,2082-3,,
19384-0900-11.zip,202202141041,’†‹–€ŒSº˜a’¬¼ğ,2082-4,,
19384-0900-11.zip,202202141041,’†‹–€ŒSº˜a’¬¼ğ,2082-5,,
19384-0900-11.zip,202202141041,’†‹–€ŒSº˜a’¬¼ğ,2083-2,,
19384-0900-11.zip,202202141041,’†‹–€ŒSº˜a’¬¼ğ,2083-3,,
19384-0900-11.zip,202202141041,’†‹–€ŒSº˜a’¬¼ğ,2083-4,,
19384-0900-11.zip,202202141041,’†‹–€ŒSº˜a’¬¼ğ,2084-1,,
19384-0900-11.zip,202202141041,’†‹–€ŒSº˜a’¬¼ğ,2084-3,,
19384-0900-11.zip,202202141041,’†‹–€ŒSº˜a’¬¼ğ,2084-4,,
19384-0900-11.zip,202202141041,’†‹–€ŒSº˜a’¬¼ğ,2084-5,,
19384-0900-11.zip,202202141041,’†‹–€ŒSº˜a’¬¼ğ,2084-6,,
19384-0900-11.zip,202202141041,’†‹–€ŒSº˜a’¬¼ğ,2084-7,,
19384-0900-11.zip,202202141041,’†‹–€ŒSº˜a’¬¼ğ,2085,,
19384-0900-11.zip,202202141041,’†‹–€ŒSº˜a’¬¼ğ,2086-1,,
19384-0900-11.zip,202202141041,’†‹–€ŒSº˜a’¬¼ğ,2086-2,,
19384-0900-11.zip,202202141041,’†‹–€ŒSº˜a’¬¼ğ,2086-3,,
19384-0900-11.zip,202202141041,’†‹–€ŒSº˜a’¬¼ğ,2087,,
19384-0900-11.zip,202202141041,’†‹–€ŒSº˜a’¬¼ğ,2087-2,,
19384-0900-11.zip,202202141041,’†‹–€ŒSº˜a’¬¼ğ,2089-1,,
19384-0900-11.zip,202202141041,’†‹–€ŒSº˜a’¬¼ğ,2089-2,,
19384-0900-11.zip,202202141041,’†‹–€ŒSº˜a’¬¼ğ,2091-1,,
19384-0900-11.zip,202202141041,’†‹–€ŒSº˜a’¬¼ğ,2091-2,,
19384-0900-11.zip,202202141041,’†‹–€ŒSº˜a’¬¼ğ,2091-3,,
19384-0900-11.zip,202202141041,’†‹–€ŒSº˜a’¬¼ğ,2091-4,,
19384-0900-11.zip,202202141041,’†‹–€ŒSº˜a’¬¼ğ,2091-5,,
19384-0900-11.zip,202202141041,’†‹–€ŒSº˜a’¬¼ğ,2091-6,,
19384-0900-11.zip,202202141041,’†‹–€ŒSº˜a’¬¼ğ,2091-7,,
19384-0900-11.zip,202202141041,’†‹–€ŒSº˜a’¬¼ğ,2091-8,,
19384-0900-11.zip,202202141041,’†‹–€ŒSº˜a’¬¼ğ,2091-9,,
19384-0900-11.zip,202202141041,’†‹–€ŒSº˜a’¬¼ğ,2091-10,,
19384-0900-11.zip,202202141041,’†‹–€ŒSº˜a’¬¼ğ,2091-11,,
19384-0900-11.zip,202202141041,’†‹–€ŒSº˜a’¬¼ğ,2092,,
19384-0900-11.zip,202202141041,’†‹–€ŒSº˜a’¬¼ğ,2095-1,,
19384-0900-11.zip,202202141041,’†‹–€ŒSº˜a’¬¼ğ,2097-1,,
19384-0900-11.zip,202202141041,’†‹–€ŒSº˜a’¬¼ğ,2099,,
19384-0900-11.zip,202202141041,’†‹–€ŒSº˜a’¬¼ğ,2100,,
19384-0900-11.zip,202202141041,’†‹–€ŒSº˜a’¬¼ğ,2101,,
19384-0900-11.zip,202202141041,’†‹–€ŒSº˜a’¬¼ğ,2102-1,,
19384-0900-11.zip,202202141041,’†‹–€ŒSº˜a’¬¼ğ,2103-1,,
19384-0900-11.zip,202202141041,’†‹–€ŒSº˜a’¬¼ğ,2104-1,,
19384-0900-11.zip,202202141041,’†‹–€ŒSº˜a’¬¼ğ,2105-2,,
19384-0900-11.zip,202202141041,’†‹–€ŒSº˜a’¬¼ğ,2105-3,,
19384-0900-11.zip,202202141041,’†‹–€ŒSº˜a’¬¼ğ,2107-1,,
19384-0900-11.zip,202202141041,’†‹–€ŒSº˜a’¬¼ğ,2109-1,,
19384-0900-11.zip,202202141041,’†‹–€ŒSº˜a’¬¼ğ,2111-1,,
19384-0900-11.zip,202202141041,’†‹–€ŒSº˜a’¬¼ğ,2111-2,,
19384-0900-11.zip,202202141041,’†‹–€ŒSº˜a’¬¼ğ,2111-3,,
19384-0900-11.zip,202202141041,’†‹–€ŒSº˜a’¬¼ğ,2111-4,,
19384-0900-11.zip,202202141041,’†‹–€ŒSº˜a’¬¼ğ,2111-5,,
19384-0900-11.zip,202202141041,’†‹–€ŒSº˜a’¬¼ğ,2111-6,,
19384-0900-11.zip,202202141041,’†‹–€ŒSº˜a’¬¼ğ,2112-1,,
19384-0900-11.zip,202202141041,’†‹–€ŒSº˜a’¬¼ğ,2112-2,,
19384-0900-11.zip,202202141041,’†‹–€ŒSº˜a’¬¼ğ,2112-3,,
19384-0900-11.zip,202202141041,’†‹–€ŒSº˜a’¬¼ğ,2112-4,,
19384-0900-11.zip,202202141041,’†‹–€ŒSº˜a’¬¼ğ,2112-5,,
19384-0900-11.zip,202202141041,’†‹–€ŒSº˜a’¬¼ğ,2113-2,,
19384-0900-11.zip,202202141041,’†‹–€ŒSº˜a’¬¼ğ,2113-3,,
19384-0900-11.zip,202202141041,’†‹–€ŒSº˜a’¬¼ğ,2113-4,,
19384-0900-11.zip,202202141041,’†‹–€ŒSº˜a’¬¼ğ,2114-1,,
19384-0900-11.zip,202202141041,’†‹–€ŒSº˜a’¬¼ğ,2114-2,,
19384-0900-11.zip,202202141041,’†‹–€ŒSº˜a’¬¼ğ,2114-3,,
19384-0900-11.zip,202202141041,’†‹–€ŒSº˜a’¬¼ğ,2115,,
19384-0900-11.zip,202202141041,’†‹–€ŒSº˜a’¬¼ğ,2116-1,,
19384-0900-11.zip,202202141041,’†‹–€ŒSº˜a’¬¼ğ,2116-2,,
19384-0900-11.zip,202202141041,’†‹–€ŒSº˜a’¬¼ğ,2116-3,,
19384-0900-11.zip,202202141041,’†‹–€ŒSº˜a’¬¼ğ,2117-1,,
19384-0900-11.zip,202202141041,’†‹–€ŒSº˜a’¬¼ğ,2117-2,,
19384-0900-11.zip,202202141041,’†‹–€ŒSº˜a’¬¼ğ,2117-3,,
19384-0900-11.zip,202202141041,’†‹–€ŒSº˜a’¬¼ğ,2117-4,,
19384-0900-11.zip,202202141041,’†‹–€ŒSº˜a’¬¼ğ,2117-5,,
19384-0900-11.zip,202202141041,’†‹–€ŒSº˜a’¬¼ğ,2117-6,,
19384-0900-11.zip,202202141041,’†‹–€ŒSº˜a’¬¼ğ,2118-2,,
19384-0900-11.zip,202202141041,’†‹–€ŒSº˜a’¬¼ğ,2118-3,,
19384-0900-11.zip,202202141041,’†‹–€ŒSº˜a’¬¼ğ,2119,,
19384-0900-11.zip,202202141041,’†‹–€ŒSº˜a’¬¼ğ,2120-1,,
19384-0900-11.zip,202202141041,’†‹–€ŒSº˜a’¬¼ğ,2120-2,,
19384-0900-11.zip,202202141041,’†‹–€ŒSº˜a’¬¼ğ,2120-3,,
19384-0900-11.zip,202202141041,’†‹–€ŒSº˜a’¬¼ğ,2120-4,,
19384-0900-11.zip,202202141041,’†‹–€ŒSº˜a’¬¼ğ,2122-2,,
19384-0900-11.zip,202202141041,’†‹–€ŒSº˜a’¬¼ğ,2122-3,,
19384-0900-11.zip,202202141041,’†‹–€ŒSº˜a’¬¼ğ,2122-4,,
19384-0900-11.zip,202202141041,’†‹–€ŒSº˜a’¬¼ğ,2122-5,,
19384-0900-11.zip,202202141041,’†‹–€ŒSº˜a’¬¼ğ,2123,,
19384-0900-11.zip,202202141041,’†‹–€ŒSº˜a’¬¼ğ,2127,,
19384-0900-11.zip,202202141041,’†‹–€ŒSº˜a’¬¼ğ,2128,,
19384-0900-11.zip,202202141041,’†‹–€ŒSº˜a’¬¼ğ,2129,,
19384-0900-11.zip,202202141041,’†‹–€ŒSº˜a’¬¼ğ,2136,,
19384-0900-11.zip,202202141041,’†‹–€ŒSº˜a’¬¼ğ,2137-1,,
19384-0900-11.zip,202202141041,’†‹–€ŒSº˜a’¬¼ğ,2137-2,,
19384-0900-11.zip,202202141041,’†‹–€ŒSº˜a’¬¼ğ,2137-3,,
19384-0900-11.zip,202202141041,’†‹–€ŒSº˜a’¬¼ğ,2137-4,,
19384-0900-11.zip,202202141041,’†‹–€ŒSº˜a’¬¼ğ,2137-5,,
19384-0900-11.zip,202202141041,’†‹–€ŒSº˜a’¬¼ğ,2138-1,,
19384-0900-11.zip,202202141041,’†‹–€ŒSº˜a’¬¼ğ,2138-2,,
19384-0900-11.zip,202202141041,’†‹–€ŒSº˜a’¬¼ğ,2143,,
19384-0900-11.zip,202202141041,’†‹–€ŒSº˜a’¬¼ğ,2146-2,,
19384-0900-11.zip,202202141041,’†‹–€ŒSº˜a’¬¼ğ,2151,,
19384-0900-11.zip,202202141041,’†‹–€ŒSº˜a’¬¼ğ,2152-1,,
19384-0900-11.zip,202202141041,’†‹–€ŒSº˜a’¬¼ğ,2152-2,,
19384-0900-11.zip,202202141041,’†‹–€ŒSº˜a’¬¼ğ,“¹-5,,
19384-0900-11.zip,202202141041,’†‹–€ŒSº˜a’¬¼ğ,“¹-8-2,,
19384-0900-11.zip,202202141041,’†‹–€ŒSº˜a’¬¼ğ,“¹-135,,
19384-0900-11.zip,202202141041,’†‹–€ŒSº˜a’¬¼ğ,“¹-182,,
19384-0900-11.zip,202202141041,’†‹–€ŒSº˜a’¬¼ğ,“¹-218,,
19384-0900-11.zip,202202141041,’†‹–€ŒSº˜a’¬¼ğ,“¹-230,,
19384-0900-11.zip,202202141041,’†‹–€ŒSº˜a’¬¼ğ,“¹-238,,
19384-0900-11.zip,202202141041,’†‹–€ŒSº˜a’¬¼ğ,“¹-256,,
19384-0900-11.zip,202202141041,’†‹–€ŒSº˜a’¬¼ğ,“¹-261,,
19384-0900-11.zip,202202141041,’†‹–€ŒSº˜a’¬¼ğ,“¹-271,,
19384-0900-11.zip,202202141041,’†‹–€ŒSº˜a’¬¼ğ,“¹-277,,
19384-0900-11.zip,202202141041,’†‹–€ŒSº˜a’¬¼ğ,…-2,,
19384-0900-11.zip,202202141041,’†‹–€ŒSº˜a’¬¼ğ,…-16,,
19384-0900-11.zip,202202141041,’†‹–€ŒSº˜a’¬¼ğ,…-63,,
19384-0900-11.zip,202202141041,’†‹–€ŒSº˜a’¬¼ğ,…-66-2,,
19384-0900-11.zip,202202141041,’†‹–€ŒSº˜a’¬¼ğ,…-147,,
19384-0900-11.zip,202202141041,’†‹–€ŒSº˜a’¬¼ğ,…-177,,
19384-0900-11.zip,202202141041,’†‹–€ŒSº˜a’¬¼ğ,…-225,,
19384-0900-11.zip,202202141041,’†‹–€ŒSº˜a’¬¼ğ,…-246,,
19384-0900-11.zip,202202141041,’†‹–€ŒSº˜a’¬¼ğ,…-259,,
19384-0900-11.zip,202202141041,’†‹–€ŒSº˜a’¬¼ğ,…-321,,
19384-0900-11.zip,202202141041,’†‹–€ŒSº˜a’¬¼ğ,…-330,,
19384-0900-11.zip,202202141041,’†‹–€ŒSº˜a’¬¼ğ,…-337,,
19384-0900-11.zip,202202141041,’†‹–€ŒSº˜a’¬¼ğ,…-348,,
19384-0900-11.zip,202202141041,’†‹–€ŒSº˜a’¬¼ğ,…-355,,
19384-0900-11.zip,202202141041,’†‹–€ŒSº˜a’¬¼ğ,…-361,,
19384-0900-11.zip,202202141041,’†‹–€ŒSº˜a’¬¼ğ,’·‹·•¨•s–¾-43,,
19384-0900-11.zip,202202141041,’†‹–€ŒSº˜a’¬¼ğ,’·‹·•¨•s–¾-44,,
19384-0900-11.zip,202202141041,’†‹–€ŒSº˜a’¬¼ğ,’·‹·•¨•s–¾-45,,
19384-0900-11.zip,202202141041,’†‹–€ŒSº˜a’¬¼ğ,’·‹·•¨•s–¾-46,,
19384-0900-11.zip,202202141041,’†‹–€ŒSº˜a’¬¼ğ,’·‹·•¨•s–¾-50,,
19384-0900-11.zip,202202141041,’†‹–€ŒSº˜a’¬¼ğ,1987-8,,
19384-0900-11.zip,202202141041,’†‹–€ŒSº˜a’¬¼ğ,2153-3,,
19384-0900-11.zip,202202141041,’†‹–€ŒSº˜a’¬¼ğ,2153-4,,
19384-0900-11.zip,202202141041,’†‹–€ŒSº˜a’¬¼ğ,2154-1,,
19384-0900-11.zip,202202141041,’†‹–€ŒSº˜a’¬¼ğ,2155-1,,
19384-0900-11.zip,202202141041,’†‹–€ŒSº˜a’¬¼ğ,2155-2,,
19384-0900-11.zip,202202141041,’†‹–€ŒSº˜a’¬¼ğ,2155-3,,
19384-0900-11.zip,202202141041,’†‹–€ŒSº˜a’¬¼ğ,2158,,
19384-0900-11.zip,202202141041,’†‹–€ŒSº˜a’¬¼ğ,2159-2,,
19384-0900-11.zip,202202141041,’†‹–€ŒSº˜a’¬¼ğ,2159-3,,
19384-0900-11.zip,202202141041,’†‹–€ŒSº˜a’¬¼ğ,2159-6,,
19384-0900-11.zip,202202141041,’†‹–€ŒSº˜a’¬¼ğ,2159-7,,
19384-0900-11.zip,202202141041,’†‹–€ŒSº˜a’¬¼ğ,2160-1,,
19384-0900-11.zip,202202141041,’†‹–€ŒSº˜a’¬¼ğ,2163-1,,
19384-0900-11.zip,202202141041,’†‹–€ŒSº˜a’¬¼ğ,2163-2,,
19384-0900-11.zip,202202141041,’†‹–€ŒSº˜a’¬¼ğ,2165-3,,
19384-0900-11.zip,202202141041,’†‹–€ŒSº˜a’¬¼ğ,2165-5,,
19384-0900-11.zip,202202141041,’†‹–€ŒSº˜a’¬¼ğ,2166-1,,
19384-0900-11.zip,202202141041,’†‹–€ŒSº˜a’¬¼ğ,2167-1,,
19384-0900-11.zip,202202141041,’†‹–€ŒSº˜a’¬¼ğ,2167-4,,
19384-0900-11.zip,202202141041,’†‹–€ŒSº˜a’¬¼ğ,2167-5,,
19384-0900-11.zip,202202141041,’†‹–€ŒSº˜a’¬¼ğ,2168,,
19384-0900-11.zip,202202141041,’†‹–€ŒSº˜a’¬¼ğ,2169-1,,
19384-0900-11.zip,202202141041,’†‹–€ŒSº˜a’¬¼ğ,2169-2,,
19384-0900-11.zip,202202141041,’†‹–€ŒSº˜a’¬¼ğ,2169-7,,
19384-0900-11.zip,202202141041,’†‹–€ŒSº˜a’¬¼ğ,2169-9,,
19384-0900-11.zip,202202141041,’†‹–€ŒSº˜a’¬¼ğ,2170,,
19384-0900-11.zip,202202141041,’†‹–€ŒSº˜a’¬¼ğ,2171,,
19384-0900-11.zip,202202141041,’†‹–€ŒSº˜a’¬¼ğ,2174-1,,
19384-0900-11.zip,202202141041,’†‹–€ŒSº˜a’¬¼ğ,2174-3,,
19384-0900-11.zip,202202141041,’†‹–€ŒSº˜a’¬¼ğ,2174-4,,
19384-0900-11.zip,202202141041,’†‹–€ŒSº˜a’¬¼ğ,2174-5,,
19384-0900-11.zip,202202141041,’†‹–€ŒSº˜a’¬¼ğ,2176-1,,
19384-0900-11.zip,202202141041,’†‹–€ŒSº˜a’¬¼ğ,2176-2,,
19384-0900-11.zip,202202141041,’†‹–€ŒSº˜a’¬¼ğ,2176-3,,
19384-0900-11.zip,202202141041,’†‹–€ŒSº˜a’¬¼ğ,2177,,
19384-0900-11.zip,202202141041,’†‹–€ŒSº˜a’¬¼ğ,2178-1,,
19384-0900-11.zip,202202141041,’†‹–€ŒSº˜a’¬¼ğ,2178-4,,
19384-0900-11.zip,202202141041,’†‹–€ŒSº˜a’¬¼ğ,2178-5,,
19384-0900-11.zip,202202141041,’†‹–€ŒSº˜a’¬¼ğ,2179-1,,
19384-0900-11.zip,202202141041,’†‹–€ŒSº˜a’¬¼ğ,2179-3,,
19384-0900-11.zip,202202141041,’†‹–€ŒSº˜a’¬¼ğ,2179-4,,
19384-0900-11.zip,202202141041,’†‹–€ŒSº˜a’¬¼ğ,2179-5,,
19384-0900-11.zip,202202141041,’†‹–€ŒSº˜a’¬¼ğ,2179-6,,
19384-0900-11.zip,202202141041,’†‹–€ŒSº˜a’¬¼ğ,2179-7,,
19384-0900-11.zip,202202141041,’†‹–€ŒSº˜a’¬¼ğ,2180-1,,
19384-0900-11.zip,202202141041,’†‹–€ŒSº˜a’¬¼ğ,2180-3,,
19384-0900-11.zip,202202141041,’†‹–€ŒSº˜a’¬¼ğ,2180-4,,
19384-0900-11.zip,202202141041,’†‹–€ŒSº˜a’¬¼ğ,2180-5,,
19384-0900-11.zip,202202141041,’†‹–€ŒSº˜a’¬¼ğ,2180-12,,
19384-0900-11.zip,202202141041,’†‹–€ŒSº˜a’¬¼ğ,2182-1,,
19384-0900-11.zip,202202141041,’†‹–€ŒSº˜a’¬¼ğ,2182-2,,
19384-0900-11.zip,202202141041,’†‹–€ŒSº˜a’¬¼ğ,2182-3,,
19384-0900-11.zip,202202141041,’†‹–€ŒSº˜a’¬¼ğ,2182-4,,
19384-0900-11.zip,202202141041,’†‹–€ŒSº˜a’¬¼ğ,2182-5,,
19384-0900-11.zip,202202141041,’†‹–€ŒSº˜a’¬¼ğ,2182-6,,
19384-0900-11.zip,202202141041,’†‹–€ŒSº˜a’¬¼ğ,2182-7,,
19384-0900-11.zip,202202141041,’†‹–€ŒSº˜a’¬¼ğ,2182-8,,
19384-0900-11.zip,202202141041,’†‹–€ŒSº˜a’¬¼ğ,2183,,
19384-0900-11.zip,202202141041,’†‹–€ŒSº˜a’¬¼ğ,2185,,
19384-0900-11.zip,202202141041,’†‹–€ŒSº˜a’¬¼ğ,2186,,
19384-0900-11.zip,202202141041,’†‹–€ŒSº˜a’¬¼ğ,2190,,
19384-0900-11.zip,202202141041,’†‹–€ŒSº˜a’¬¼ğ,2190-3,,
19384-0900-11.zip,202202141041,’†‹–€ŒSº˜a’¬¼ğ,2191,,
19384-0900-11.zip,202202141041,’†‹–€ŒSº˜a’¬¼ğ,2192,,
19384-0900-11.zip,202202141041,’†‹–€ŒSº˜a’¬¼ğ,2193-1,,
19384-0900-11.zip,202202141041,’†‹–€ŒSº˜a’¬¼ğ,2193-2,,
19384-0900-11.zip,202202141041,’†‹–€ŒSº˜a’¬¼ğ,2193-3,,
19384-0900-11.zip,202202141041,’†‹–€ŒSº˜a’¬¼ğ,2193-4,,
19384-0900-11.zip,202202141041,’†‹–€ŒSº˜a’¬¼ğ,2193-5,,
19384-0900-11.zip,202202141041,’†‹–€ŒSº˜a’¬¼ğ,2193-6,,
19384-0900-11.zip,202202141041,’†‹–€ŒSº˜a’¬¼ğ,2193-7,,
19384-0900-11.zip,202202141041,’†‹–€ŒSº˜a’¬¼ğ,2193-8,,
19384-0900-11.zip,202202141041,’†‹–€ŒSº˜a’¬¼ğ,2193-9,,
19384-0900-11.zip,202202141041,’†‹–€ŒSº˜a’¬¼ğ,2193-10,,
19384-0900-11.zip,202202141041,’†‹–€ŒSº˜a’¬¼ğ,2193-11,,
19384-0900-11.zip,202202141041,’†‹–€ŒSº˜a’¬¼ğ,2193-13,,
19384-0900-11.zip,202202141041,’†‹–€ŒSº˜a’¬¼ğ,2193-14,,
19384-0900-11.zip,202202141041,’†‹–€ŒSº˜a’¬¼ğ,2193-15,,
19384-0900-11.zip,202202141041,’†‹–€ŒSº˜a’¬¼ğ,2193-16,,
19384-0900-11.zip,202202141041,’†‹–€ŒSº˜a’¬¼ğ,2193-17,,
19384-0900-11.zip,202202141041,’†‹–€ŒSº˜a’¬¼ğ,2197-1,,
19384-0900-11.zip,202202141041,’†‹–€ŒSº˜a’¬¼ğ,2197-3,,
19384-0900-11.zip,202202141041,’†‹–€ŒSº˜a’¬¼ğ,2197-8,,
19384-0900-11.zip,202202141041,’†‹–€ŒSº˜a’¬¼ğ,2197-9,,
19384-0900-11.zip,202202141041,’†‹–€ŒSº˜a’¬¼ğ,2197-10,,
19384-0900-11.zip,202202141041,’†‹–€ŒSº˜a’¬¼ğ,2197-11,,
19384-0900-11.zip,202202141041,’†‹–€ŒSº˜a’¬¼ğ,2197-12,,
19384-0900-11.zip,202202141041,’†‹–€ŒSº˜a’¬¼ğ,2197-13,,
19384-0900-11.zip,202202141041,’†‹–€ŒSº˜a’¬¼ğ,2197-14,,
19384-0900-11.zip,202202141041,’†‹–€ŒSº˜a’¬¼ğ,2197-15,,
19384-0900-11.zip,202202141041,’†‹–€ŒSº˜a’¬¼ğ,2197-16,,
19384-0900-11.zip,202202141041,’†‹–€ŒSº˜a’¬¼ğ,2197-17,,
19384-0900-11.zip,202202141041,’†‹–€ŒSº˜a’¬¼ğ,2197-18,,
19384-0900-11.zip,202202141041,’†‹–€ŒSº˜a’¬¼ğ,2197-19,,
19384-0900-11.zip,202202141041,’†‹–€ŒSº˜a’¬¼ğ,2197-20,,
19384-0900-11.zip,202202141041,’†‹–€ŒSº˜a’¬¼ğ,2197-21,,
19384-0900-11.zip,202202141041,’†‹–€ŒSº˜a’¬¼ğ,2202,,
19384-0900-11.zip,202202141041,’†‹–€ŒSº˜a’¬¼ğ,2203-1,,
19384-0900-11.zip,202202141041,’†‹–€ŒSº˜a’¬¼ğ,2203-3,,
19384-0900-11.zip,202202141041,’†‹–€ŒSº˜a’¬¼ğ,2203-4,,
19384-0900-11.zip,202202141041,’†‹–€ŒSº˜a’¬¼ğ,2203-5,,
19384-0900-11.zip,202202141041,’†‹–€ŒSº˜a’¬¼ğ,2203-6,,
19384-0900-11.zip,202202141041,’†‹–€ŒSº˜a’¬¼ğ,2205-1,,
19384-0900-11.zip,202202141041,’†‹–€ŒSº˜a’¬¼ğ,2205-2,,
19384-0900-11.zip,202202141041,’†‹–€ŒSº˜a’¬¼ğ,2206-3,,
19384-0900-11.zip,202202141041,’†‹–€ŒSº˜a’¬¼ğ,2206-4,,
19384-0900-11.zip,202202141041,’†‹–€ŒSº˜a’¬¼ğ,2206-5,,
19384-0900-11.zip,202202141041,’†‹–€ŒSº˜a’¬¼ğ,2206-6,,
19384-0900-11.zip,202202141041,’†‹–€ŒSº˜a’¬¼ğ,2206-8,,
19384-0900-11.zip,202202141041,’†‹–€ŒSº˜a’¬¼ğ,2206-9,,
19384-0900-11.zip,202202141041,’†‹–€ŒSº˜a’¬¼ğ,2206-12,,
19384-0900-11.zip,202202141041,’†‹–€ŒSº˜a’¬¼ğ,2206-13,,
19384-0900-11.zip,202202141041,’†‹–€ŒSº˜a’¬¼ğ,2210-2,,
19384-0900-11.zip,202202141041,’†‹–€ŒSº˜a’¬¼ğ,2211-1,,
19384-0900-11.zip,202202141041,’†‹–€ŒSº˜a’¬¼ğ,2211-2,,
19384-0900-11.zip,202202141041,’†‹–€ŒSº˜a’¬¼ğ,2213-3,,
19384-0900-11.zip,202202141041,’†‹–€ŒSº˜a’¬¼ğ,2213-4,,
19384-0900-11.zip,202202141041,’†‹–€ŒSº˜a’¬¼ğ,2215-4,,
19384-0900-11.zip,202202141041,’†‹–€ŒSº˜a’¬¼ğ,2215-7,,
19384-0900-11.zip,202202141041,’†‹–€ŒSº˜a’¬¼ğ,2218-2,,
19384-0900-11.zip,202202141041,’†‹–€ŒSº˜a’¬¼ğ,2222,,
19384-0900-11.zip,202202141041,’†‹–€ŒSº˜a’¬¼ğ,2225-1,,
19384-0900-11.zip,202202141041,’†‹–€ŒSº˜a’¬¼ğ,2225-2,,
19384-0900-11.zip,202202141041,’†‹–€ŒSº˜a’¬¼ğ,2225-9,,
19384-0900-11.zip,202202141041,’†‹–€ŒSº˜a’¬¼ğ,2225-10,,
19384-0900-11.zip,202202141041,’†‹–€ŒSº˜a’¬¼ğ,2225-11,,
19384-0900-11.zip,202202141041,’†‹–€ŒSº˜a’¬¼ğ,2225-12,,
19384-0900-11.zip,202202141041,’†‹–€ŒSº˜a’¬¼ğ,2225-15,,
19384-0900-11.zip,202202141041,’†‹–€ŒSº˜a’¬¼ğ,2225-16,,
19384-0900-11.zip,202202141041,’†‹–€ŒSº˜a’¬¼ğ,2225-17,,
19384-0900-11.zip,202202141041,’†‹–€ŒSº˜a’¬¼ğ,2226-1,,
19384-0900-11.zip,202202141041,’†‹–€ŒSº˜a’¬¼ğ,2226-2,,
19384-0900-11.zip,202202141041,’†‹–€ŒSº˜a’¬¼ğ,2226-4,,
19384-0900-11.zip,202202141041,’†‹–€ŒSº˜a’¬¼ğ,2227-3,,
19384-0900-11.zip,202202141041,’†‹–€ŒSº˜a’¬¼ğ,2228,,
19384-0900-11.zip,202202141041,’†‹–€ŒSº˜a’¬¼ğ,2239-4,,
19384-0900-11.zip,202202141041,’†‹–€ŒSº˜a’¬¼ğ,2239-5,,
19384-0900-11.zip,202202141041,’†‹–€ŒSº˜a’¬¼ğ,2240-2,,
19384-0900-11.zip,202202141041,’†‹–€ŒSº˜a’¬¼ğ,2240-3,,
19384-0900-11.zip,202202141041,’†‹–€ŒSº˜a’¬¼ğ,2240-4,,
19384-0900-11.zip,202202141041,’†‹–€ŒSº˜a’¬¼ğ,2240-5,,
19384-0900-11.zip,202202141041,’†‹–€ŒSº˜a’¬¼ğ,2240-6,,
19384-0900-11.zip,202202141041,’†‹–€ŒSº˜a’¬¼ğ,2241-1,,
19384-0900-11.zip,202202141041,’†‹–€ŒSº˜a’¬¼ğ,2241-2,,
19384-0900-11.zip,202202141041,’†‹–€ŒSº˜a’¬¼ğ,2241-3,,
19384-0900-11.zip,202202141041,’†‹–€ŒSº˜a’¬¼ğ,2242-2,,
19384-0900-11.zip,202202141041,’†‹–€ŒSº˜a’¬¼ğ,2242-3,,
19384-0900-11.zip,202202141041,’†‹–€ŒSº˜a’¬¼ğ,2242-4,,
19384-0900-11.zip,202202141041,’†‹–€ŒSº˜a’¬¼ğ,2242-5,,
19384-0900-11.zip,202202141041,’†‹–€ŒSº˜a’¬¼ğ,2242-6,,
19384-0900-11.zip,202202141041,’†‹–€ŒSº˜a’¬¼ğ,2242-7,,
19384-0900-11.zip,202202141041,’†‹–€ŒSº˜a’¬¼ğ,2243-2,,
19384-0900-11.zip,202202141041,’†‹–€ŒSº˜a’¬¼ğ,2243-3,,
19384-0900-11.zip,202202141041,’†‹–€ŒSº˜a’¬¼ğ,2249-2,,
19384-0900-11.zip,202202141041,’†‹–€ŒSº˜a’¬¼ğ,2249-3,,
19384-0900-11.zip,202202141041,’†‹–€ŒSº˜a’¬¼ğ,2249-4,,
19384-0900-11.zip,202202141041,’†‹–€ŒSº˜a’¬¼ğ,2252-2,,
19384-0900-11.zip,202202141041,’†‹–€ŒSº˜a’¬¼ğ,2254,,
19384-0900-11.zip,202202141041,’†‹–€ŒSº˜a’¬¼ğ,2256-2,,
19384-0900-11.zip,202202141041,’†‹–€ŒSº˜a’¬¼ğ,2257-1,,
19384-0900-11.zip,202202141041,’†‹–€ŒSº˜a’¬¼ğ,2257-2,,
19384-0900-11.zip,202202141041,’†‹–€ŒSº˜a’¬¼ğ,2259-1,,
19384-0900-11.zip,202202141041,’†‹–€ŒSº˜a’¬¼ğ,2259-3,,
19384-0900-11.zip,202202141041,’†‹–€ŒSº˜a’¬¼ğ,2259-4,,
19384-0900-11.zip,202202141041,’†‹–€ŒSº˜a’¬¼ğ,2259-5,,
19384-0900-11.zip,202202141041,’†‹–€ŒSº˜a’¬¼ğ,2260-3,,
19384-0900-11.zip,202202141041,’†‹–€ŒSº˜a’¬¼ğ,2261-1,,
19384-0900-11.zip,202202141041,’†‹–€ŒSº˜a’¬¼ğ,2261-4,,
19384-0900-11.zip,202202141041,’†‹–€ŒSº˜a’¬¼ğ,2262-1,,
19384-0900-11.zip,202202141041,’†‹–€ŒSº˜a’¬¼ğ,2263-1,,
19384-0900-11.zip,202202141041,’†‹–€ŒSº˜a’¬¼ğ,2263-3,,
19384-0900-11.zip,202202141041,’†‹–€ŒSº˜a’¬¼ğ,2263-6,,
19384-0900-11.zip,202202141041,’†‹–€ŒSº˜a’¬¼ğ,2263-7,,
19384-0900-11.zip,202202141041,’†‹–€ŒSº˜a’¬¼ğ,2263-8,,
19384-0900-11.zip,202202141041,’†‹–€ŒSº˜a’¬¼ğ,2264-2,,
19384-0900-11.zip,202202141041,’†‹–€ŒSº˜a’¬¼ğ,2264-3,,
19384-0900-11.zip,202202141041,’†‹–€ŒSº˜a’¬¼ğ,2264-5,,
19384-0900-11.zip,202202141041,’†‹–€ŒSº˜a’¬¼ğ,2266-2,,
19384-0900-11.zip,202202141041,’†‹–€ŒSº˜a’¬¼ğ,2266-3,,
19384-0900-11.zip,202202141041,’†‹–€ŒSº˜a’¬¼ğ,2266-4,,
19384-0900-11.zip,202202141041,’†‹–€ŒSº˜a’¬¼ğ,2267-1,,
19384-0900-11.zip,202202141041,’†‹–€ŒSº˜a’¬¼ğ,2267-4,,
19384-0900-11.zip,202202141041,’†‹–€ŒSº˜a’¬¼ğ,2268-1,,
19384-0900-11.zip,202202141041,’†‹–€ŒSº˜a’¬¼ğ,2268-2,,
19384-0900-11.zip,202202141041,’†‹–€ŒSº˜a’¬¼ğ,2268-3,,
19384-0900-11.zip,202202141041,’†‹–€ŒSº˜a’¬¼ğ,2269-1,,
19384-0900-11.zip,202202141041,’†‹–€ŒSº˜a’¬¼ğ,2269-2,,
19384-0900-11.zip,202202141041,’†‹–€ŒSº˜a’¬¼ğ,2270-1,,
19384-0900-11.zip,202202141041,’†‹–€ŒSº˜a’¬¼ğ,2270-4,,
19384-0900-11.zip,202202141041,’†‹–€ŒSº˜a’¬¼ğ,2270-5,,
19384-0900-11.zip,202202141041,’†‹–€ŒSº˜a’¬¼ğ,2271-1,,
19384-0900-11.zip,202202141041,’†‹–€ŒSº˜a’¬¼ğ,2271-4,,
19384-0900-11.zip,202202141041,’†‹–€ŒSº˜a’¬¼ğ,2272-1,,
19384-0900-11.zip,202202141041,’†‹–€ŒSº˜a’¬¼ğ,2272-2,,
19384-0900-11.zip,202202141041,’†‹–€ŒSº˜a’¬¼ğ,2272-3,,
19384-0900-11.zip,202202141041,’†‹–€ŒSº˜a’¬¼ğ,2272-4,,
19384-0900-11.zip,202202141041,’†‹–€ŒSº˜a’¬¼ğ,2273-1,,
19384-0900-11.zip,202202141041,’†‹–€ŒSº˜a’¬¼ğ,2273-2,,
19384-0900-11.zip,202202141041,’†‹–€ŒSº˜a’¬¼ğ,2274-1,,
19384-0900-11.zip,202202141041,’†‹–€ŒSº˜a’¬¼ğ,2275-1,,
19384-0900-11.zip,202202141041,’†‹–€ŒSº˜a’¬¼ğ,2275-2,,
19384-0900-11.zip,202202141041,’†‹–€ŒSº˜a’¬¼ğ,2278-1,,
19384-0900-11.zip,202202141041,’†‹–€ŒSº˜a’¬¼ğ,2279-2,,
19384-0900-11.zip,202202141041,’†‹–€ŒSº˜a’¬¼ğ,2279-4,,
19384-0900-11.zip,202202141041,’†‹–€ŒSº˜a’¬¼ğ,2279-5,,
19384-0900-11.zip,202202141041,’†‹–€ŒSº˜a’¬¼ğ,2280-2,,
19384-0900-11.zip,202202141041,’†‹–€ŒSº˜a’¬¼ğ,2280-3,,
19384-0900-11.zip,202202141041,’†‹–€ŒSº˜a’¬¼ğ,2280-4,,
19384-0900-11.zip,202202141041,’†‹–€ŒSº˜a’¬¼ğ,2281-1,,
19384-0900-11.zip,202202141041,’†‹–€ŒSº˜a’¬¼ğ,2281-2,,
19384-0900-11.zip,202202141041,’†‹–€ŒSº˜a’¬¼ğ,2281-4,,
19384-0900-11.zip,202202141041,’†‹–€ŒSº˜a’¬¼ğ,2281-5,,
19384-0900-11.zip,202202141041,’†‹–€ŒSº˜a’¬¼ğ,2282-1,,
19384-0900-11.zip,202202141041,’†‹–€ŒSº˜a’¬¼ğ,2282-2,,
19384-0900-11.zip,202202141041,’†‹–€ŒSº˜a’¬¼ğ,2282-3,,
19384-0900-11.zip,202202141041,’†‹–€ŒSº˜a’¬¼ğ,2283-1,,
19384-0900-11.zip,202202141041,’†‹–€ŒSº˜a’¬¼ğ,2283-2,,
19384-0900-11.zip,202202141041,’†‹–€ŒSº˜a’¬¼ğ,2283-3,,
19384-0900-11.zip,202202141041,’†‹–€ŒSº˜a’¬¼ğ,2283-5,,
19384-0900-11.zip,202202141041,’†‹–€ŒSº˜a’¬¼ğ,2283-6,,
19384-0900-11.zip,202202141041,’†‹–€ŒSº˜a’¬¼ğ,2283-7,,
19384-0900-11.zip,202202141041,’†‹–€ŒSº˜a’¬¼ğ,2283-8,,
19384-0900-11.zip,202202141041,’†‹–€ŒSº˜a’¬¼ğ,2283-9,,
19384-0900-11.zip,202202141041,’†‹–€ŒSº˜a’¬¼ğ,2283-10,,
19384-0900-11.zip,202202141041,’†‹–€ŒSº˜a’¬¼ğ,2283-11,,
19384-0900-11.zip,202202141041,’†‹–€ŒSº˜a’¬¼ğ,2284-1,,
19384-0900-11.zip,202202141041,’†‹–€ŒSº˜a’¬¼ğ,2284-2,,
19384-0900-11.zip,202202141041,’†‹–€ŒSº˜a’¬¼ğ,2284-3,,
19384-0900-11.zip,202202141041,’†‹–€ŒSº˜a’¬¼ğ,2285,,
19384-0900-11.zip,202202141041,’†‹–€ŒSº˜a’¬¼ğ,2286,,
19384-0900-11.zip,202202141041,’†‹–€ŒSº˜a’¬¼ğ,2287,,
19384-0900-11.zip,202202141041,’†‹–€ŒSº˜a’¬¼ğ,2288-1,,
19384-0900-11.zip,202202141041,’†‹–€ŒSº˜a’¬¼ğ,2288-2,,
19384-0900-11.zip,202202141041,’†‹–€ŒSº˜a’¬¼ğ,2288-3,,
19384-0900-11.zip,202202141041,’†‹–€ŒSº˜a’¬¼ğ,2288-4,,
19384-0900-11.zip,202202141041,’†‹–€ŒSº˜a’¬¼ğ,2288-5,,
19384-0900-11.zip,202202141041,’†‹–€ŒSº˜a’¬¼ğ,2289,,
19384-0900-11.zip,202202141041,’†‹–€ŒSº˜a’¬¼ğ,2290,,
19384-0900-11.zip,202202141041,’†‹–€ŒSº˜a’¬¼ğ,2291,,
19384-0900-11.zip,202202141041,’†‹–€ŒSº˜a’¬¼ğ,2292-2,,
19384-0900-11.zip,202202141041,’†‹–€ŒSº˜a’¬¼ğ,2292-3,,
19384-0900-11.zip,202202141041,’†‹–€ŒSº˜a’¬¼ğ,2292-4,,
19384-0900-11.zip,202202141041,’†‹–€ŒSº˜a’¬¼ğ,2293-1,,
19384-0900-11.zip,202202141041,’†‹–€ŒSº˜a’¬¼ğ,2293-2,,
19384-0900-11.zip,202202141041,’†‹–€ŒSº˜a’¬¼ğ,2293-3,,
19384-0900-11.zip,202202141041,’†‹–€ŒSº˜a’¬¼ğ,2293-4,,
19384-0900-11.zip,202202141041,’†‹–€ŒSº˜a’¬¼ğ,2294-2,,
19384-0900-11.zip,202202141041,’†‹–€ŒSº˜a’¬¼ğ,2294-3,,
19384-0900-11.zip,202202141041,’†‹–€ŒSº˜a’¬¼ğ,2294-4,,
19384-0900-11.zip,202202141041,’†‹–€ŒSº˜a’¬¼ğ,2295,,
19384-0900-11.zip,202202141041,’†‹–€ŒSº˜a’¬¼ğ,2296,,
19384-0900-11.zip,202202141041,’†‹–€ŒSº˜a’¬¼ğ,2297-1,,
19384-0900-11.zip,202202141041,’†‹–€ŒSº˜a’¬¼ğ,2297-2,,
19384-0900-11.zip,202202141041,’†‹–€ŒSº˜a’¬¼ğ,2297-3,,
19384-0900-11.zip,202202141041,’†‹–€ŒSº˜a’¬¼ğ,2298-1,,
19384-0900-11.zip,202202141041,’†‹–€ŒSº˜a’¬¼ğ,2298-2,,
19384-0900-11.zip,202202141041,’†‹–€ŒSº˜a’¬¼ğ,2298-3,,
19384-0900-11.zip,202202141041,’†‹–€ŒSº˜a’¬¼ğ,2298-4,,
19384-0900-11.zip,202202141041,’†‹–€ŒSº˜a’¬¼ğ,2298-5,,
19384-0900-11.zip,202202141041,’†‹–€ŒSº˜a’¬¼ğ,2298-6,,
19384-0900-11.zip,202202141041,’†‹–€ŒSº˜a’¬¼ğ,2299-1,,
19384-0900-11.zip,202202141041,’†‹–€ŒSº˜a’¬¼ğ,2299-2,,
19384-0900-11.zip,202202141041,’†‹–€ŒSº˜a’¬¼ğ,2299-3,,
19384-0900-11.zip,202202141041,’†‹–€ŒSº˜a’¬¼ğ,2299-4,,
19384-0900-11.zip,202202141041,’†‹–€ŒSº˜a’¬¼ğ,2299-5,,
19384-0900-11.zip,202202141041,’†‹–€ŒSº˜a’¬¼ğ,2300-1,,
19384-0900-11.zip,202202141041,’†‹–€ŒSº˜a’¬¼ğ,2300-2,,
19384-0900-11.zip,202202141041,’†‹–€ŒSº˜a’¬¼ğ,2300-3,,
19384-0900-11.zip,202202141041,’†‹–€ŒSº˜a’¬¼ğ,2300-4,,
19384-0900-11.zip,202202141041,’†‹–€ŒSº˜a’¬¼ğ,2301-1,,
19384-0900-11.zip,202202141041,’†‹–€ŒSº˜a’¬¼ğ,2301-2,,
19384-0900-11.zip,202202141041,’†‹–€ŒSº˜a’¬¼ğ,2301-3,,
19384-0900-11.zip,202202141041,’†‹–€ŒSº˜a’¬¼ğ,2301-4,,
19384-0900-11.zip,202202141041,’†‹–€ŒSº˜a’¬¼ğ,2301-5,,
19384-0900-11.zip,202202141041,’†‹–€ŒSº˜a’¬¼ğ,2302-1,,
19384-0900-11.zip,202202141041,’†‹–€ŒSº˜a’¬¼ğ,2302-2,,
19384-0900-11.zip,202202141041,’†‹–€ŒSº˜a’¬¼ğ,2302-3,,
19384-0900-11.zip,202202141041,’†‹–€ŒSº˜a’¬¼ğ,4337-2,,
19384-0900-11.zip,202202141041,’†‹–€ŒSº˜a’¬¼ğ,–³’n”Ô-373,,
19384-0900-11.zip,202202141041,’†‹–€ŒSº˜a’¬¼ğ,“¹-5-1,,
19384-0900-11.zip,202202141041,’†‹–€ŒSº˜a’¬¼ğ,“¹-120,,
19384-0900-11.zip,202202141041,’†‹–€ŒSº˜a’¬¼ğ,“¹-162,,
19384-0900-11.zip,202202141041,’†‹–€ŒSº˜a’¬¼ğ,“¹-215,,
19384-0900-11.zip,202202141041,’†‹–€ŒSº˜a’¬¼ğ,“¹-243,,
19384-0900-11.zip,202202141041,’†‹–€ŒSº˜a’¬¼ğ,…-5,,
19384-0900-11.zip,202202141041,’†‹–€ŒSº˜a’¬¼ğ,…-6,,
19384-0900-11.zip,202202141041,’†‹–€ŒSº˜a’¬¼ğ,…-19,,
19384-0900-11.zip,202202141041,’†‹–€ŒSº˜a’¬¼ğ,…-23,,
19384-0900-11.zip,202202141041,’†‹–€ŒSº˜a’¬¼ğ,…-181,,
19384-0900-11.zip,202202141041,’†‹–€ŒSº˜a’¬¼ğ,…-192,,
19384-0900-11.zip,202202141041,’†‹–€ŒSº˜a’¬¼ğ,…-263,,
19384-0900-11.zip,202202141041,’†‹–€ŒSº˜a’¬¼ğ,…-276,,
19384-0900-11.zip,202202141041,’†‹–€ŒSº˜a’¬¼ğ,…-312,,
19384-0900-11.zip,202202141041,’†‹–€ŒSº˜a’¬¼ğ,…-328,,
19384-0900-11.zip,202202141041,’†‹–€ŒSº˜a’¬¼ğ,…-336,,
19384-0900-11.zip,202202141041,’†‹–€ŒSº˜a’¬¼ğ,…-347,,
19384-0900-11.zip,202202141041,’†‹–€ŒSº˜a’¬¼ğ,…-352,,
19384-0900-11.zip,202202141041,’†‹–€ŒSº˜a’¬¼ğ,…-359,,
19384-0900-11.zip,202202141041,’†‹–€ŒSº˜a’¬¼ğ,…-367,,
19384-0900-11.zip,202202141041,’†‹–€ŒSº˜a’¬¼ğ,…-369,,
19384-0900-11.zip,202202141041,’†‹–€ŒSº˜a’¬¼ğ,…-384,,
19384-0900-11.zip,202202141041,’†‹–€ŒSº˜a’¬¼ğ,2179-8,,
19384-0900-11.zip,202202141041,’†‹–€ŒSº˜a’¬¼ğ,2179-9,,
19384-0900-11.zip,202202141041,’†‹–€ŒSº˜a’¬¼ğ,2179-10,,
19384-0900-11.zip,202202141041,’†‹–€ŒSº˜a’¬¼ğ,2179-11,,
19384-0900-11.zip,202202141041,’†‹–€ŒSº˜a’¬¼ğ,4248-1,,
19384-0900-11.zip,202202141041,’†‹–€ŒSº˜a’¬¼ğ,4248-3,,
19384-0900-11.zip,202202141041,’†‹–€ŒSº˜a’¬¼ğ,4248-4,,
19384-0900-11.zip,202202141041,’†‹–€ŒSº˜a’¬¼ğ,4248-5,,
19384-0900-11.zip,202202141041,’†‹–€ŒSº˜a’¬¼ğ,4248-6,,
19384-0900-11.zip,202202141041,’†‹–€ŒSº˜a’¬¼ğ,4248-8,,
19384-0900-11.zip,202202141041,’†‹–€ŒSº˜a’¬¼ğ,4249-1,,
19384-0900-11.zip,202202141041,’†‹–€ŒSº˜a’¬¼ğ,4249-2,,
19384-0900-11.zip,202202141041,’†‹–€ŒSº˜a’¬¼ğ,4249-5,,
19384-0900-11.zip,202202141041,’†‹–€ŒSº˜a’¬¼ğ,4249-6,,
19384-0900-11.zip,202202141041,’†‹–€ŒSº˜a’¬¼ğ,4250,,
19384-0900-11.zip,202202141041,’†‹–€ŒSº˜a’¬¼ğ,4252,,
19384-0900-11.zip,202202141041,’†‹–€ŒSº˜a’¬¼ğ,4253,,
19384-0900-11.zip,202202141041,’†‹–€ŒSº˜a’¬¼ğ,4254-1,,
19384-0900-11.zip,202202141041,’†‹–€ŒSº˜a’¬¼ğ,4255,,
19384-0900-11.zip,202202141041,’†‹–€ŒSº˜a’¬¼ğ,4256-1,,
19384-0900-11.zip,202202141041,’†‹–€ŒSº˜a’¬¼ğ,4256-2,,
19384-0900-11.zip,202202141041,’†‹–€ŒSº˜a’¬¼ğ,4257,,
19384-0900-11.zip,202202141041,’†‹–€ŒSº˜a’¬¼ğ,4258,,
19384-0900-11.zip,202202141041,’†‹–€ŒSº˜a’¬¼ğ,4259,,
19384-0900-11.zip,202202141041,’†‹–€ŒSº˜a’¬¼ğ,4260-1,,
19384-0900-11.zip,202202141041,’†‹–€ŒSº˜a’¬¼ğ,4260-2,,
19384-0900-11.zip,202202141041,’†‹–€ŒSº˜a’¬¼ğ,4260-3,,
19384-0900-11.zip,202202141041,’†‹–€ŒSº˜a’¬¼ğ,4260-5,,
19384-0900-11.zip,202202141041,’†‹–€ŒSº˜a’¬¼ğ,4260-6,,
19384-0900-11.zip,202202141041,’†‹–€ŒSº˜a’¬¼ğ,4260-9,,
19384-0900-11.zip,202202141041,’†‹–€ŒSº˜a’¬¼ğ,4260-10,,
19384-0900-11.zip,202202141041,’†‹–€ŒSº˜a’¬¼ğ,4260-11,,
19384-0900-11.zip,202202141041,’†‹–€ŒSº˜a’¬¼ğ,4261-1,,
19384-0900-11.zip,202202141041,’†‹–€ŒSº˜a’¬¼ğ,4261-2,,
19384-0900-11.zip,202202141041,’†‹–€ŒSº˜a’¬¼ğ,4262-1,,
19384-0900-11.zip,202202141041,’†‹–€ŒSº˜a’¬¼ğ,4262-2,,
19384-0900-11.zip,202202141041,’†‹–€ŒSº˜a’¬¼ğ,4262-3,,
19384-0900-11.zip,202202141041,’†‹–€ŒSº˜a’¬¼ğ,4262-5,,
19384-0900-11.zip,202202141041,’†‹–€ŒSº˜a’¬¼ğ,4263-1,,
19384-0900-11.zip,202202141041,’†‹–€ŒSº˜a’¬¼ğ,4265-1,,
19384-0900-11.zip,202202141041,’†‹–€ŒSº˜a’¬¼ğ,4265-2,,
19384-0900-11.zip,202202141041,’†‹–€ŒSº˜a’¬¼ğ,4266-1,,
19384-0900-11.zip,202202141041,’†‹–€ŒSº˜a’¬¼ğ,4266-2,,
19384-0900-11.zip,202202141041,’†‹–€ŒSº˜a’¬¼ğ,4267,,
19384-0900-11.zip,202202141041,’†‹–€ŒSº˜a’¬¼ğ,4268-1,,
19384-0900-11.zip,202202141041,’†‹–€ŒSº˜a’¬¼ğ,4268-2,,
19384-0900-11.zip,202202141041,’†‹–€ŒSº˜a’¬¼ğ,4269-1,,
19384-0900-11.zip,202202141041,’†‹–€ŒSº˜a’¬¼ğ,4269-2,,
19384-0900-11.zip,202202141041,’†‹–€ŒSº˜a’¬¼ğ,4269-3,,
19384-0900-11.zip,202202141041,’†‹–€ŒSº˜a’¬¼ğ,4270-1,,
19384-0900-11.zip,202202141041,’†‹–€ŒSº˜a’¬¼ğ,4270-2,,
19384-0900-11.zip,202202141041,’†‹–€ŒSº˜a’¬¼ğ,4271-1,,
19384-0900-11.zip,202202141041,’†‹–€ŒSº˜a’¬¼ğ,4271-2,,
19384-0900-11.zip,202202141041,’†‹–€ŒSº˜a’¬¼ğ,4271-4,,
19384-0900-11.zip,202202141041,’†‹–€ŒSº˜a’¬¼ğ,4271-7,,
19384-0900-11.zip,202202141041,’†‹–€ŒSº˜a’¬¼ğ,4271-8,,
19384-0900-11.zip,202202141041,’†‹–€ŒSº˜a’¬¼ğ,4271-9,,
19384-0900-11.zip,202202141041,’†‹–€ŒSº˜a’¬¼ğ,4272-1,,
19384-0900-11.zip,202202141041,’†‹–€ŒSº˜a’¬¼ğ,4272-2,,
19384-0900-11.zip,202202141041,’†‹–€ŒSº˜a’¬¼ğ,4272-3,,
19384-0900-11.zip,202202141041,’†‹–€ŒSº˜a’¬¼ğ,4272-4,,
19384-0900-11.zip,202202141041,’†‹–€ŒSº˜a’¬¼ğ,4272-6,,
19384-0900-11.zip,202202141041,’†‹–€ŒSº˜a’¬¼ğ,4272-8,,
19384-0900-11.zip,202202141041,’†‹–€ŒSº˜a’¬¼ğ,4272-9,,
19384-0900-11.zip,202202141041,’†‹–€ŒSº˜a’¬¼ğ,4272-10,,
19384-0900-11.zip,202202141041,’†‹–€ŒSº˜a’¬¼ğ,4273-3,,
19384-0900-11.zip,202202141041,’†‹–€ŒSº˜a’¬¼ğ,4273-4,,
19384-0900-11.zip,202202141041,’†‹–€ŒSº˜a’¬¼ğ,4273-5,,
19384-0900-11.zip,202202141041,’†‹–€ŒSº˜a’¬¼ğ,4273-6,,
19384-0900-11.zip,202202141041,’†‹–€ŒSº˜a’¬¼ğ,4274-1,,
19384-0900-11.zip,202202141041,’†‹–€ŒSº˜a’¬¼ğ,4274-2,,
19384-0900-11.zip,202202141041,’†‹–€ŒSº˜a’¬¼ğ,4274-3,,
19384-0900-11.zip,202202141041,’†‹–€ŒSº˜a’¬¼ğ,4275,,
19384-0900-11.zip,202202141041,’†‹–€ŒSº˜a’¬¼ğ,4276-1,,
19384-0900-11.zip,202202141041,’†‹–€ŒSº˜a’¬¼ğ,4276-2,,
19384-0900-11.zip,202202141041,’†‹–€ŒSº˜a’¬¼ğ,4276-6,,
19384-0900-11.zip,202202141041,’†‹–€ŒSº˜a’¬¼ğ,4276-7,,
19384-0900-11.zip,202202141041,’†‹–€ŒSº˜a’¬¼ğ,4277-1,,
19384-0900-11.zip,202202141041,’†‹–€ŒSº˜a’¬¼ğ,4278-1,,
19384-0900-11.zip,202202141041,’†‹–€ŒSº˜a’¬¼ğ,4279,,
19384-0900-11.zip,202202141041,’†‹–€ŒSº˜a’¬¼ğ,4280-1,,
19384-0900-11.zip,202202141041,’†‹–€ŒSº˜a’¬¼ğ,4281,,
19384-0900-11.zip,202202141041,’†‹–€ŒSº˜a’¬¼ğ,4282-1,,
19384-0900-11.zip,202202141041,’†‹–€ŒSº˜a’¬¼ğ,4282-2,,
19384-0900-11.zip,202202141041,’†‹–€ŒSº˜a’¬¼ğ,4282-3,,
19384-0900-11.zip,202202141041,’†‹–€ŒSº˜a’¬¼ğ,4283,,
19384-0900-11.zip,202202141041,’†‹–€ŒSº˜a’¬¼ğ,4284,,
19384-0900-11.zip,202202141041,’†‹–€ŒSº˜a’¬¼ğ,4285,,
19384-0900-11.zip,202202141041,’†‹–€ŒSº˜a’¬¼ğ,4286,,
19384-0900-11.zip,202202141041,’†‹–€ŒSº˜a’¬¼ğ,4287,,
19384-0900-11.zip,202202141041,’†‹–€ŒSº˜a’¬¼ğ,4288,,
19384-0900-11.zip,202202141041,’†‹–€ŒSº˜a’¬¼ğ,4289,,
19384-0900-11.zip,202202141041,’†‹–€ŒSº˜a’¬¼ğ,4290,,
19384-0900-11.zip,202202141041,’†‹–€ŒSº˜a’¬¼ğ,4290-“à1,,
19384-0900-11.zip,202202141041,’†‹–€ŒSº˜a’¬¼ğ,4291,,
19384-0900-11.zip,202202141041,’†‹–€ŒSº˜a’¬¼ğ,4294,,
19384-0900-11.zip,202202141041,’†‹–€ŒSº˜a’¬¼ğ,4295-1,,
19384-0900-11.zip,202202141041,’†‹–€ŒSº˜a’¬¼ğ,4295-3,,
19384-0900-11.zip,202202141041,’†‹–€ŒSº˜a’¬¼ğ,4295-4,,
19384-0900-11.zip,202202141041,’†‹–€ŒSº˜a’¬¼ğ,4296,,
19384-0900-11.zip,202202141041,’†‹–€ŒSº˜a’¬¼ğ,4297,,
19384-0900-11.zip,202202141041,’†‹–€ŒSº˜a’¬¼ğ,4299,,
19384-0900-11.zip,202202141041,’†‹–€ŒSº˜a’¬¼ğ,4300-1,,
19384-0900-11.zip,202202141041,’†‹–€ŒSº˜a’¬¼ğ,4300-2,,
19384-0900-11.zip,202202141041,’†‹–€ŒSº˜a’¬¼ğ,4300-3,,
19384-0900-11.zip,202202141041,’†‹–€ŒSº˜a’¬¼ğ,4300-4,,
19384-0900-11.zip,202202141041,’†‹–€ŒSº˜a’¬¼ğ,4301-1,,
19384-0900-11.zip,202202141041,’†‹–€ŒSº˜a’¬¼ğ,4301-2,,
19384-0900-11.zip,202202141041,’†‹–€ŒSº˜a’¬¼ğ,4301-3,,
19384-0900-11.zip,202202141041,’†‹–€ŒSº˜a’¬¼ğ,4305-1,,
19384-0900-11.zip,202202141041,’†‹–€ŒSº˜a’¬¼ğ,4305-4,,
19384-0900-11.zip,202202141041,’†‹–€ŒSº˜a’¬¼ğ,4306-1,,
19384-0900-11.zip,202202141041,’†‹–€ŒSº˜a’¬¼ğ,4306-2,,
19384-0900-11.zip,202202141041,’†‹–€ŒSº˜a’¬¼ğ,4306-3,,
19384-0900-11.zip,202202141041,’†‹–€ŒSº˜a’¬¼ğ,4307-1,,
19384-0900-11.zip,202202141041,’†‹–€ŒSº˜a’¬¼ğ,4307-2,,
19384-0900-11.zip,202202141041,’†‹–€ŒSº˜a’¬¼ğ,4307-5,,
19384-0900-11.zip,202202141041,’†‹–€ŒSº˜a’¬¼ğ,4307-7,,
19384-0900-11.zip,202202141041,’†‹–€ŒSº˜a’¬¼ğ,4308-1,,
19384-0900-11.zip,202202141041,’†‹–€ŒSº˜a’¬¼ğ,4308-2,,
19384-0900-11.zip,202202141041,’†‹–€ŒSº˜a’¬¼ğ,4308-3,,
19384-0900-11.zip,202202141041,’†‹–€ŒSº˜a’¬¼ğ,4308-6,,
19384-0900-11.zip,202202141041,’†‹–€ŒSº˜a’¬¼ğ,4309-1,,
19384-0900-11.zip,202202141041,’†‹–€ŒSº˜a’¬¼ğ,4309-3,,
19384-0900-11.zip,202202141041,’†‹–€ŒSº˜a’¬¼ğ,4309-7,,
19384-0900-11.zip,202202141041,’†‹–€ŒSº˜a’¬¼ğ,4310-1,,
19384-0900-11.zip,202202141041,’†‹–€ŒSº˜a’¬¼ğ,4310-3,,
19384-0900-11.zip,202202141041,’†‹–€ŒSº˜a’¬¼ğ,4310-4,,
19384-0900-11.zip,202202141041,’†‹–€ŒSº˜a’¬¼ğ,4310-5,,
19384-0900-11.zip,202202141041,’†‹–€ŒSº˜a’¬¼ğ,4310-6,,
19384-0900-11.zip,202202141041,’†‹–€ŒSº˜a’¬¼ğ,4311-1,,
19384-0900-11.zip,202202141041,’†‹–€ŒSº˜a’¬¼ğ,4311-2,,
19384-0900-11.zip,202202141041,’†‹–€ŒSº˜a’¬¼ğ,4311-4,,
19384-0900-11.zip,202202141041,’†‹–€ŒSº˜a’¬¼ğ,4311-5,,
19384-0900-11.zip,202202141041,’†‹–€ŒSº˜a’¬¼ğ,4311-14,,
19384-0900-11.zip,202202141041,’†‹–€ŒSº˜a’¬¼ğ,4311-19,,
19384-0900-11.zip,202202141041,’†‹–€ŒSº˜a’¬¼ğ,4311-20,,
19384-0900-11.zip,202202141041,’†‹–€ŒSº˜a’¬¼ğ,4311-21,,
19384-0900-11.zip,202202141041,’†‹–€ŒSº˜a’¬¼ğ,4311-22,,
19384-0900-11.zip,202202141041,’†‹–€ŒSº˜a’¬¼ğ,4311-23,,
19384-0900-11.zip,202202141041,’†‹–€ŒSº˜a’¬¼ğ,–³’n”Ô-506,,
19384-0900-11.zip,202202141041,’†‹–€ŒSº˜a’¬¼ğ,“¹-161,,
19384-0900-11.zip,202202141041,’†‹–€ŒSº˜a’¬¼ğ,“¹-168,,
19384-0900-11.zip,202202141041,’†‹–€ŒSº˜a’¬¼ğ,“¹-187,,
19384-0900-11.zip,202202141041,’†‹–€ŒSº˜a’¬¼ğ,“¹-208,,
19384-0900-11.zip,202202141041,’†‹–€ŒSº˜a’¬¼ğ,…-183,,
19384-0900-11.zip,202202141041,’†‹–€ŒSº˜a’¬¼ğ,…-201,,
19384-0900-11.zip,202202141041,’†‹–€ŒSº˜a’¬¼ğ,…-230,,
19384-0900-11.zip,202202141041,’†‹–€ŒSº˜a’¬¼ğ,…-248,,
19384-0900-11.zip,202202141041,’†‹–€ŒSº˜a’¬¼ğ,…-268,,
19384-0900-11.zip,202202141041,’†‹–€ŒSº˜a’¬¼ğ,4312-1,,
19384-0900-11.zip,202202141041,’†‹–€ŒSº˜a’¬¼ğ,4312-2,,
19384-0900-11.zip,202202141041,’†‹–€ŒSº˜a’¬¼ğ,4312-5,,
19384-0900-11.zip,202202141041,’†‹–€ŒSº˜a’¬¼ğ,4313-2,,
19384-0900-11.zip,202202141041,’†‹–€ŒSº˜a’¬¼ğ,4314,,
19384-0900-11.zip,202202141041,’†‹–€ŒSº˜a’¬¼ğ,4315,,
19384-0900-11.zip,202202141041,’†‹–€ŒSº˜a’¬¼ğ,4316,,
19384-0900-11.zip,202202141041,’†‹–€ŒSº˜a’¬¼ğ,4317-1,,
19384-0900-11.zip,202202141041,’†‹–€ŒSº˜a’¬¼ğ,4318,,
19384-0900-11.zip,202202141041,’†‹–€ŒSº˜a’¬¼ğ,4320-3,,
19384-0900-11.zip,202202141041,’†‹–€ŒSº˜a’¬¼ğ,4321-3,,
19384-0900-11.zip,202202141041,’†‹–€ŒSº˜a’¬¼ğ,4324,,
19384-0900-11.zip,202202141041,’†‹–€ŒSº˜a’¬¼ğ,4326-3,,
19384-0900-11.zip,202202141041,’†‹–€ŒSº˜a’¬¼ğ,4326-4,,
19384-0900-11.zip,202202141041,’†‹–€ŒSº˜a’¬¼ğ,4326-5,,
19384-0900-11.zip,202202141041,’†‹–€ŒSº˜a’¬¼ğ,4326-6,,
19384-0900-11.zip,202202141041,’†‹–€ŒSº˜a’¬¼ğ,4326-7,,
19384-0900-11.zip,202202141041,’†‹–€ŒSº˜a’¬¼ğ,4327-3,,
19384-0900-11.zip,202202141041,’†‹–€ŒSº˜a’¬¼ğ,4328-1,,
19384-0900-11.zip,202202141041,’†‹–€ŒSº˜a’¬¼ğ,4330-1,,
19384-0900-11.zip,202202141041,’†‹–€ŒSº˜a’¬¼ğ,4330-5,,
19384-0900-11.zip,202202141041,’†‹–€ŒSº˜a’¬¼ğ,4330-6,,
19384-0900-11.zip,202202141041,’†‹–€ŒSº˜a’¬¼ğ,4331-1,,
19384-0900-11.zip,202202141041,’†‹–€ŒSº˜a’¬¼ğ,4333-1,,
19384-0900-11.zip,202202141041,’†‹–€ŒSº˜a’¬¼ğ,4333-2,,
19384-0900-11.zip,202202141041,’†‹–€ŒSº˜a’¬¼ğ,4333-4,,
19384-0900-11.zip,202202141041,’†‹–€ŒSº˜a’¬¼ğ,4333-8,,
19384-0900-11.zip,202202141041,’†‹–€ŒSº˜a’¬¼ğ,4334-1,,
19384-0900-11.zip,202202141041,’†‹–€ŒSº˜a’¬¼ğ,4334-2,,
19384-0900-11.zip,202202141041,’†‹–€ŒSº˜a’¬¼ğ,4335-1,,
19384-0900-11.zip,202202141041,’†‹–€ŒSº˜a’¬¼ğ,4335-3,,
19384-0900-11.zip,202202141041,’†‹–€ŒSº˜a’¬¼ğ,4336-1,,
19384-0900-11.zip,202202141041,’†‹–€ŒSº˜a’¬¼ğ,•MŠE–¢’è’n-18,’†‹–€ŒSº˜a’¬¼ğ,4320-1
19384-0900-11.zip,202202141041,’†‹–€ŒSº˜a’¬¼ğ,•MŠE–¢’è’n-18,’†‹–€ŒSº˜a’¬¼ğ,…-374
19384-0900-11.zip,202202141041,’†‹–€ŒSº˜a’¬¼ğ,•MŠE–¢’è’n-18,’†‹–€ŒSº˜a’¬¼ğ,“¹-35
19384-0900-11.zip,202202141041,’†‹–€ŒSº˜a’¬¼ğ,“¹-129,,
19384-0900-11.zip,202202141041,’†‹–€ŒSº˜a’¬¼ğ,“¹-154,,
19384-0900-11.zip,202202141041,’†‹–€ŒSº˜a’¬¼ğ,…-40,,
19384-0900-11.zip,202202141041,’†‹–€ŒSº˜a’¬¼ğ,…-41,,
19384-0900-11.zip,202202141041,’†‹–€ŒSº˜a’¬¼ğ,…-209,,
19384-0900-11.zip,202202141041,’†‹–€ŒSº˜a’¬¼ğ,…-236,,
19384-0900-11.zip,202202141041,’†‹–€ŒSº˜a’¬¼ğ,’·‹·•¨•s–¾-130,,
19384-0900-11.zip,202202141041,’†‹–€ŒSº˜a’¬¼ğ,’·‹·•¨•s–¾-131,,
19384-0900-11.zip,202202141041,’†‹–€ŒSº˜a’¬¼ğ,1933-1,,
19384-0900-11.zip,202202141041,’†‹–€ŒSº˜a’¬¼ğ,1933-2,,
19384-0900-11.zip,202202141041,’†‹–€ŒSº˜a’¬¼ğ,1934-1,,
19384-0900-11.zip,202202141041,’†‹–€ŒSº˜a’¬¼ğ,1934-2,,
19384-0900-11.zip,202202141041,’†‹–€ŒSº˜a’¬¼ğ,1935-1,,
19384-0900-11.zip,202202141041,’†‹–€ŒSº˜a’¬¼ğ,1935-7,,
19384-0900-11.zip,202202141041,’†‹–€ŒSº˜a’¬¼ğ,1935-8,,
19384-0900-11.zip,202202141041,’†‹–€ŒSº˜a’¬¼ğ,1935-6,,
19384-0900-11.zip,202202141041,’†‹–€ŒSº˜a’¬¼ğ,1935-3,,
19384-0900-11.zip,202202141041,’†‹–€ŒSº˜a’¬¼ğ,2014-1,,
19384-0900-11.zip,202202141041,’†‹–€ŒSº˜a’¬¼ğ,2014-9,,
19384-0900-11.zip,202202141041,’†‹–€ŒSº˜a’¬¼ğ,2017-3,,
19384-0900-11.zip,202202141041,’†‹–€ŒSº˜a’¬¼ğ,2014-8,,
19384-0900-11.zip,202202141041,’†‹–€ŒSº˜a’¬¼ğ,2014-5,,
19384-0900-11.zip,202202141041,’†‹–€ŒSº˜a’¬¼ğ,2112-6,,
19384-0900-11.zip,202202141041,’†‹–€ŒSº˜a’¬¼ğ,…-203,,
19384-0900-11.zip,202202141041,’†‹–€ŒSº˜a’¬¼ğ,422-21,,
19384-0900-11.zip,202202141041,’†‹–€ŒSº˜a’¬¼ğ,422-4,,
19384-0900-11.zip,202202141041,’†‹–€ŒSº˜a’¬¼ğ,422-9,,
19384-0900-11.zip,202202141041,’†‹–€ŒSº˜a’¬¼ğ,422-3,,
19384-0900-11.zip,202202141041,’†‹–€ŒSº˜a’¬¼ğ,422-22,,
19384-0900-11.zip,202202141041,’†‹–€ŒSº˜a’¬¼ğ,624-2,,
19384-0900-11.zip,202202141041,’†‹–€ŒSº˜a’¬¼ğ,828-3,,
19384-0900-11.zip,202202141041,’†‹–€ŒSº˜a’¬¼ğ,828-4,,
19384-0900-11.zip,202202141041,’†‹–€ŒSº˜a’¬¼ğ,335-12,,
19384-0900-11.zip,202202141041,’†‹–€ŒSº˜a’¬¼ğ,335-13,,
19384-0900-11.zip,202202141041,’†‹–€ŒSº˜a’¬¼ğ,499,,
19384-0900-11.zip,202202141041,’†‹–€ŒSº˜a’¬¼ğ,…-142,,
19384-0900-11.zip,202202141041,’†‹–€ŒSº˜a’¬¼ğ,1626-1,,
19384-0900-11.zip,202202141041,’†‹–€ŒSº˜a’¬¼ğ,1626-4,,
19384-0900-11.zip,202202141041,’†‹–€ŒSº˜a’¬¼ğ,1622-1,,
19384-0900-11.zip,202202141041,’†‹–€ŒSº˜a’¬¼ğ,4303-5,,
19384-0900-11.zip,202202141041,’†‹–€ŒSº˜a’¬¼ğ,2013-1,,
19384-0900-11.zip,202202141041,’†‹–€ŒSº˜a’¬¼ğ,2050-1,,
19384-0900-11.zip,202202141041,’†‹–€ŒSº˜a’¬¼ğ,2013-4,,
19384-0900-11.zip,202202141041,’†‹–€ŒSº˜a’¬¼ğ,…-283,,
19384-0900-11.zip,202202141041,’†‹–€ŒSº˜a’¬¼ğ,2013-5,,
19384-0900-11.zip,202202141041,’†‹–€ŒSº˜a’¬¼ğ,“¹-4,,
19384-0900-11.zip,202202141041,’†‹–€ŒSº˜a’¬¼ğ,192-9,,
19384-0900-11.zip,202202141041,’†‹–€ŒSº˜a’¬¼ğ,4320-2,,
19384-0900-11.zip,202202141041,’†‹–€ŒSº˜a’¬¼ğ,4321-1,,
19384-0900-11.zip,202202141041,’†‹–€ŒSº˜a’¬¼ğ,4321-4,,
19384-0900-11.zip,202202141041,’†‹–€ŒSº˜a’¬¼ğ,4323,,
19384-0900-11.zip,202202141041,’†‹–€ŒSº˜a’¬¼ğ,“¹-30,,
19384-0900-11.zip,202202141041,’†‹–€ŒSº˜a’¬¼ğ,789-1,,
19384-0900-11.zip,202202141041,’†‹–€ŒSº˜a’¬¼ğ,789-5,,
19384-0900-11.zip,202202141041,’†‹–€ŒSº˜a’¬¼ğ,789-6,,
19384-0900-11.zip,202202141041,’†‹–€ŒSº˜a’¬¼ğ,794,,
19384-0900-11.zip,202202141041,’†‹–€ŒSº˜a’¬¼ğ,372-2,,
19384-0900-11.zip,202202141041,’†‹–€ŒSº˜a’¬¼ğ,372-4,,
19384-0900-11.zip,202202141041,’†‹–€ŒSº˜a’¬¼ğ,373-1,,
19384-0900-11.zip,202202141041,’†‹–€ŒSº˜a’¬¼ğ,373-2,,
19384-0900-11.zip,202202141041,’†‹–€ŒSº˜a’¬¼ğ,372-3,,
19384-0900-11.zip,202202141041,’†‹–€ŒSº˜a’¬¼ğ,372-5,,
19384-0900-11.zip,202202141041,’†‹–€ŒSº˜a’¬¼ğ,371,,
19384-0900-11.zip,202202141041,’†‹–€ŒSº˜a’¬¼ğ,2096-1,,
19384-0900-11.zip,202202141041,’†‹–€ŒSº˜a’¬¼ğ,2096-2,,
19384-0900-11.zip,202202141041,’†‹–€ŒSº˜a’¬¼ğ,1956-6,,
19384-0900-11.zip,202202141041,’†‹–€ŒSº˜a’¬¼ğ,1995-2,,
19384-0900-11.zip,202202141041,’†‹–€ŒSº˜a’¬¼ğ,1996-3,,
19384-0900-11.zip,202202141041,’†‹–€ŒSº˜a’¬¼ğ,831-2,,
19384-0900-11.zip,202202141041,’†‹–€ŒSº˜a’¬¼ğ,831-9,,
19384-0900-11.zip,202202141041,’†‹–€ŒSº˜a’¬¼ğ,831-8,,
19384-0900-11.zip,202202141041,’†‹–€ŒSº˜a’¬¼ğ,830-2,,
19384-0900-11.zip,202202141041,’†‹–€ŒSº˜a’¬¼ğ,831-3,,
19384-0900-11.zip,202202141041,’†‹–€ŒSº˜a’¬¼ğ,“¹-8,,
19384-0900-11.zip,202202141041,’†‹–€ŒSº˜a’¬¼ğ,954-8,,
19384-0900-11.zip,202202141041,’†‹–€ŒSº˜a’¬¼ğ,954-25,,
19384-0900-11.zip,202202141041,’†‹–€ŒSº˜a’¬¼ğ,954-24,,
19384-0900-11.zip,202202141041,’†‹–€ŒSº˜a’¬¼ğ,954-16,,
19384-0900-11.zip,202202141041,’†‹–€ŒSº˜a’¬¼ğ,4303-6,,
19384-0900-11.zip,202202141041,’†‹–€ŒSº˜a’¬¼ğ,4303-7,,
19384-0900-11.zip,202202141041,’†‹–€ŒSº˜a’¬¼ğ,4304,,
19384-0900-11.zip,202202141041,’†‹–€ŒSº˜a’¬¼ğ,4303-2,,
19384-0900-11.zip,202202141041,’†‹–€ŒSº˜a’¬¼ğ,4303-8,,
19384-0900-11.zip,202202141041,’†‹–€ŒSº˜a’¬¼ğ,4298,,
19384-0900-11.zip,202202141041,’†‹–€ŒSº˜a’¬¼ğ,4303-1,,
19384-0900-11.zip,202202141041,’†‹–€ŒSº˜a’¬¼ğ,4302-1,,
19384-0900-11.zip,202202141041,’†‹–€ŒSº˜a’¬¼ğ,4302-5,,
19384-0900-11.zip,202202141041,’†‹–€ŒSº˜a’¬¼ğ,2271-11,,
19384-0900-11.zip,202202141041,’†‹–€ŒSº˜a’¬¼ğ,192-10,,
19384-0900-11.zip,202202141041,’†‹–€ŒSº˜a’¬¼ğ,4326-9,,
19384-0900-11.zip,202202141041,’†‹–€ŒSº˜a’¬¼ğ,4326-13,,
19384-0900-11.zip,202202141041,’†‹–€ŒSº˜a’¬¼ğ,…-133,,
19384-0900-11.zip,202202141041,’†‹–€ŒSº˜a’¬¼ğ,4327-2,,
19384-0900-11.zip,202202141041,’†‹–€ŒSº˜a’¬¼ğ,4326-10,,
19384-0900-11.zip,202202141041,’†‹–€ŒSº˜a’¬¼ğ,“¹-233-1,,
19384-0900-11.zip,202202141041,’†‹–€ŒSº˜a’¬¼ğ,“¹-233,,
19384-0900-11.zip,202202141041,’†‹–€ŒSº˜a’¬¼ğ,…-156,,
19384-0900-11.zip,202202141041,’†‹–€ŒSº˜a’¬¼ğ,2272-5,,
19384-0900-11.zip,202202141041,’†‹–€ŒSº˜a’¬¼ğ,2271-2,,
19384-0900-11.zip,202202141041,’†‹–€ŒSº˜a’¬¼ğ,2271-9,,
19384-0900-11.zip,202202141041,’†‹–€ŒSº˜a’¬¼ğ,2271-10,,
19384-0900-11.zip,202202141041,’†‹–€ŒSº˜a’¬¼ğ,2271-13,,
19384-0900-11.zip,202202141041,’†‹–€ŒSº˜a’¬¼ğ,2271-12,,
19384-0900-11.zip,202202141041,’†‹–€ŒSº˜a’¬¼ğ,192-11,,
19384-0900-11.zip,202202141041,’†‹–€ŒSº˜a’¬¼ğ,214-1,,
19384-0900-11.zip,202202141041,’†‹–€ŒSº˜a’¬¼ğ,214-4,,
19384-0900-11.zip,202202141041,’†‹–€ŒSº˜a’¬¼ğ,213-1,,
19384-0900-11.zip,202202141041,’†‹–€ŒSº˜a’¬¼ğ,215-2,,
19384-0900-11.zip,202202141041,’†‹–€ŒSº˜a’¬¼ğ,215-1,,
19384-0900-11.zip,202202141041,’†‹–€ŒSº˜a’¬¼ğ,“¹-5-2,,
19384-0900-11.zip,202202141041,’†‹–€ŒSº˜a’¬¼ğ,1328-3,,
19384-0900-11.zip,202202141041,’†‹–€ŒSº˜a’¬¼ğ,“¹-5-11,,
19384-0900-11.zip,202202141041,’†‹–€ŒSº˜a’¬¼ğ,…-12-2,,
19384-0900-11.zip,202202141041,’†‹–€ŒSº˜a’¬¼ğ,4292-1,,
19384-0900-11.zip,202202141041,’†‹–€ŒSº˜a’¬¼ğ,4292-2,,
19384-0900-11.zip,202202141041,’†‹–€ŒSº˜a’¬¼ğ,4293,,
19384-0900-11.zip,202202141041,’†‹–€ŒSº˜a’¬¼ğ,…-161,,
19384-0900-11.zip,202202141041,’†‹–€ŒSº˜a’¬¼ğ,1020-10,,
19384-0900-11.zip,202202141041,’†‹–€ŒSº˜a’¬¼ğ,1020-11,,
19384-0900-11.zip,202202141041,’†‹–€ŒSº˜a’¬¼ğ,1020-1,,
19384-0900-11.zip,202202141041,’†‹–€ŒSº˜a’¬¼ğ,1020-6,,
19384-0900-11.zip,202202141041,’†‹–€ŒSº˜a’¬¼ğ,1020-7,,
19384-0900-11.zip,202202141041,’†‹–€ŒSº˜a’¬¼ğ,1020-9,,
19384-0900-11.zip,202202141041,’†‹–€ŒSº˜a’¬¼ğ,1020-8,,
19384-0900-11.zip,202202141041,’†‹–€ŒSº˜a’¬¼ğ,1019-1,,
19384-0900-11.zip,202202141041,’†‹–€ŒSº˜a’¬¼ğ,1018-3,,
19384-0900-11.zip,202202141041,’†‹–€ŒSº˜a’¬¼ğ,1023-2,,
19384-0900-11.zip,202202141041,’†‹–€ŒSº˜a’¬¼ğ,1022-4,,
19384-0900-11.zip,202202141041,’†‹–€ŒSº˜a’¬¼ğ,1022-2,,
19384-0900-11.zip,202202141041,’†‹–€ŒSº˜a’¬¼ğ,1022-5,,
19384-0900-11.zip,202202141041,’†‹–€ŒSº˜a’¬¼ğ,1024-3,,
19384-0900-11.zip,202202141041,’†‹–€ŒSº˜a’¬¼ğ,1022-3,,
19384-0900-11.zip,202202141041,’†‹–€ŒSº˜a’¬¼ğ,1024-12,,
19384-0900-11.zip,202202141041,’†‹–€ŒSº˜a’¬¼ğ,1024-10,,
19384-0900-11.zip,202202141041,’†‹–€ŒSº˜a’¬¼ğ,1024-6,,
19384-0900-11.zip,202202141041,’†‹–€ŒSº˜a’¬¼ğ,1024-11,,
19384-0900-11.zip,202202141041,’†‹–€ŒSº˜a’¬¼ğ,1022-7,,
19384-0900-11.zip,202202141041,’†‹–€ŒSº˜a’¬¼ğ,1024-2,,
19384-0900-11.zip,202202141041,’†‹–€ŒSº˜a’¬¼ğ,1031-9,,
19384-0900-11.zip,202202141041,’†‹–€ŒSº˜a’¬¼ğ,1031-6,,
19384-0900-11.zip,202202141041,’†‹–€ŒSº˜a’¬¼ğ,1031-2,,
19384-0900-11.zip,202202141041,’†‹–€ŒSº˜a’¬¼ğ,1031-12,,
19384-0900-11.zip,202202141041,’†‹–€ŒSº˜a’¬¼ğ,1031-11,,
19384-0900-11.zip,202202141041,’†‹–€ŒSº˜a’¬¼ğ,1031-10,,
19384-0900-11.zip,202202141041,’†‹–€ŒSº˜a’¬¼ğ,1031-8,,
19384-0900-11.zip,202202141041,’†‹–€ŒSº˜a’¬¼ğ,1031-7,,
19384-0900-11.zip,202202141041,’†‹–€ŒSº˜a’¬¼ğ,1031-5,,
19384-0900-11.zip,202202141041,’†‹–€ŒSº˜a’¬¼ğ,1020-5,,
19384-0900-11.zip,202202141041,’†‹–€ŒSº˜a’¬¼ğ,1020-12,,
19384-0900-11.zip,202202141041,’†‹–€ŒSº˜a’¬¼ğ,1020-13,,
19384-0900-11.zip,202202141041,’†‹–€ŒSº˜a’¬¼ğ,1022-9,,
19384-0900-11.zip,202202141041,’†‹–€ŒSº˜a’¬¼ğ,1020-4,,
19384-0900-11.zip,202202141041,’†‹–€ŒSº˜a’¬¼ğ,1631-14,,
19384-0900-11.zip,202202141041,’†‹–€ŒSº˜a’¬¼ğ,1631-10,,
19384-0900-11.zip,202202141041,’†‹–€ŒSº˜a’¬¼ğ,1631-12,,
19384-0900-11.zip,202202141041,’†‹–€ŒSº˜a’¬¼ğ,1631-13,,
19384-0900-11.zip,202202141041,’†‹–€ŒSº˜a’¬¼ğ,1631-9,,
19384-0900-11.zip,202202141041,’†‹–€ŒSº˜a’¬¼ğ,1631-8,,
19384-0900-11.zip,202202141041,’†‹–€ŒSº˜a’¬¼ğ,1631-7,,
19384-0900-11.zip,202202141041,’†‹–€ŒSº˜a’¬¼ğ,1631-6,,
19384-0900-11.zip,202202141041,’†‹–€ŒSº˜a’¬¼ğ,1631-5,,
19384-0900-11.zip,202202141041,’†‹–€ŒSº˜a’¬¼ğ,1631-1,,
19384-0900-11.zip,202202141041,’†‹–€ŒSº˜a’¬¼ğ,1631-4,,
19384-0900-11.zip,202202141041,’†‹–€ŒSº˜a’¬¼ğ,1631-11,,
19384-0900-11.zip,202202141041,’†‹–€ŒSº˜a’¬¼ğ,“¹-229,,
19384-0900-11.zip,202202141041,’†‹–€ŒSº˜a’¬¼ğ,1637-2,,
19384-0900-11.zip,202202141041,’†‹–€ŒSº˜a’¬¼ğ,1631-2,,
19384-0900-11.zip,202202141041,’†‹–€ŒSº˜a’¬¼ğ,1630-1,,
19384-0900-11.zip,202202141041,’†‹–€ŒSº˜a’¬¼ğ,2213-1,,
19384-0900-11.zip,202202141041,’†‹–€ŒSº˜a’¬¼ğ,2210-1,,
19384-0900-11.zip,202202141041,’†‹–€ŒSº˜a’¬¼ğ,2210-3,,
19384-0900-11.zip,202202141041,’†‹–€ŒSº˜a’¬¼ğ,2214-5,,
19384-0900-11.zip,202202141041,’†‹–€ŒSº˜a’¬¼ğ,1847,,
19384-0900-11.zip,202202141041,’†‹–€ŒSº˜a’¬¼ğ,1230-1,,
19384-0900-11.zip,202202141041,’†‹–€ŒSº˜a’¬¼ğ,1230-6,,
19384-0900-11.zip,202202141041,’†‹–€ŒSº˜a’¬¼ğ,1230-2,,
19384-0900-11.zip,202202141041,’†‹–€ŒSº˜a’¬¼ğ,1230-5,,
19384-0900-11.zip,202202141041,’†‹–€ŒSº˜a’¬¼ğ,1229,,
19384-0900-11.zip,202202141041,’†‹–€ŒSº˜a’¬¼ğ,450-2,,
19384-0900-11.zip,202202141041,’†‹–€ŒSº˜a’¬¼ğ,450-4,,
19384-0900-11.zip,202202141041,’†‹–€ŒSº˜a’¬¼ğ,…-258,,
19384-0900-11.zip,202202141041,’†‹–€ŒSº˜a’¬¼ğ,“¹-53,,
19384-0900-11.zip,202202141041,’†‹–€ŒSº˜a’¬¼ğ,1488-9,,
19384-0900-11.zip,202202141041,’†‹–€ŒSº˜a’¬¼ğ,1731,,
19384-0900-11.zip,202202141041,’†‹–€ŒSº˜a’¬¼ğ,…-314,,
19384-0900-11.zip,202202141041,’†‹–€ŒSº˜a’¬¼ğ,1738-1,,
19384-0900-11.zip,202202141041,’†‹–€ŒSº˜a’¬¼ğ,“¹-46,,
19384-0900-11.zip,202202141041,’†‹–€ŒSº˜a’¬¼ğ,1735-1,,
19384-0900-11.zip,202202141041,’†‹–€ŒSº˜a’¬¼ğ,1737-1,,
19384-0900-11.zip,202202141041,’†‹–€ŒSº˜a’¬¼ğ,1738-4,,
19384-0900-11.zip,202202141041,’†‹–€ŒSº˜a’¬¼ğ,1732,,
19384-0900-11.zip,202202141041,’†‹–€ŒSº˜a’¬¼ğ,547-3,,
19384-0900-11.zip,202202141041,’†‹–€ŒSº˜a’¬¼ğ,313-1,,
19384-0900-11.zip,202202141041,’†‹–€ŒSº˜a’¬¼ğ,313-4,,
19384-0900-11.zip,202202141041,’†‹–€ŒSº˜a’¬¼ğ,310-1,,
19384-0900-11.zip,202202141041,’†‹–€ŒSº˜a’¬¼ğ,1744-1,,
19384-0900-11.zip,202202141041,’†‹–€ŒSº˜a’¬¼ğ,1744-3,,
19384-0900-11.zip,202202141041,’†‹–€ŒSº˜a’¬¼ğ,1744-2,,
19384-0900-11.zip,202202141041,’†‹–€ŒSº˜a’¬¼ğ,…-286,,
19384-0900-11.zip,202202141041,’†‹–€ŒSº˜a’¬¼ğ,1015-1,,
19384-0900-11.zip,202202141041,’†‹–€ŒSº˜a’¬¼ğ,1015-5,,
19384-0900-11.zip,202202141041,’†‹–€ŒSº˜a’¬¼ğ,1015-2,,
19384-0900-11.zip,202202141041,’†‹–€ŒSº˜a’¬¼ğ,1014-5,,
19384-0900-11.zip,202202141041,’†‹–€ŒSº˜a’¬¼ğ,1014-6,,
19384-0900-11.zip,202202141041,’†‹–€ŒSº˜a’¬¼ğ,1014-1,,
19384-0900-11.zip,202202141041,’†‹–€ŒSº˜a’¬¼ğ,…-44,,
19384-0900-11.zip,202202141041,’†‹–€ŒSº˜a’¬¼ğ,1013-5,,
19384-0900-11.zip,202202141041,’†‹–€ŒSº˜a’¬¼ğ,1013-1,,
19384-0900-11.zip,202202141041,’†‹–€ŒSº˜a’¬¼ğ,1013-4,,
19384-0900-11.zip,202202141041,’†‹–€ŒSº˜a’¬¼ğ,…-329,,
19384-0900-11.zip,202202141041,’†‹–€ŒSº˜a’¬¼ğ,1018-4,,
19384-0900-11.zip,202202141041,’†‹–€ŒSº˜a’¬¼ğ,1014-7,,
19384-0900-11.zip,202202141041,’†‹–€ŒSº˜a’¬¼ğ,2211-3,,
19384-0900-11.zip,202202141041,’†‹–€ŒSº˜a’¬¼ğ,“¹-186,,
19384-0900-11.zip,202202141041,’†‹–€ŒSº˜a’¬¼ğ,818-5,,
19384-0900-11.zip,202202141041,’†‹–€ŒSº˜a’¬¼ğ,818-3,,
19384-0900-11.zip,202202141041,’†‹–€ŒSº˜a’¬¼ğ,818-2,,
19384-0900-11.zip,202202141041,’†‹–€ŒSº˜a’¬¼ğ,818-6,,
19384-0900-11.zip,202202141041,’†‹–€ŒSº˜a’¬¼ğ,818-4,,
19384-0900-11.zip,202202141041,’†‹–€ŒSº˜a’¬¼ğ,818-1,,
19384-0900-11.zip,202202141041,’†‹–€ŒSº˜a’¬¼ğ,828-5,,
19384-0900-11.zip,202202141041,’†‹–€ŒSº˜a’¬¼ğ,2206-11,,
19384-0900-11.zip,202202141041,’†‹–€ŒSº˜a’¬¼ğ,2206-14,,
19384-0900-11.zip,202202141041,’†‹–€ŒSº˜a’¬¼ğ,2206-1,,
19384-0900-11.zip,202202141041,’†‹–€ŒSº˜a’¬¼ğ,370-1,,
19384-0900-11.zip,202202141041,’†‹–€ŒSº˜a’¬¼ğ,370-4,,
19384-0900-11.zip,202202141041,’†‹–€ŒSº˜a’¬¼ğ,354-1,,
19384-0900-11.zip,202202141041,’†‹–€ŒSº˜a’¬¼ğ,370-5,,
19384-0900-11.zip,202202141041,’†‹–€ŒSº˜a’¬¼ğ,370-2,,
19384-0900-11.zip,202202141041,’†‹–€ŒSº˜a’¬¼ğ,370-6,,
19384-0900-11.zip,202202141041,’†‹–€ŒSº˜a’¬¼ğ,370-3,,
19384-0900-11.zip,202202141041,’†‹–€ŒSº˜a’¬¼ğ,470-10,,
19384-0900-11.zip,202202141041,’†‹–€ŒSº˜a’¬¼ğ,470-9,,
19384-0900-11.zip,202202141041,’†‹–€ŒSº˜a’¬¼ğ,470-8,,
19384-0900-11.zip,202202141041,’†‹–€ŒSº˜a’¬¼ğ,470-1,,
19384-0900-11.zip,202202141041,’†‹–€ŒSº˜a’¬¼ğ,476-5,,
19384-0900-11.zip,202202141041,’†‹–€ŒSº˜a’¬¼ğ,471-6,,
19384-0900-11.zip,202202141041,’†‹–€ŒSº˜a’¬¼ğ,471-5,,
19384-0900-11.zip,202202141041,’†‹–€ŒSº˜a’¬¼ğ,471-1,,
19384-0900-11.zip,202202141041,’†‹–€ŒSº˜a’¬¼ğ,471-2,,
19384-0900-11.zip,202202141041,’†‹–€ŒSº˜a’¬¼ğ,469-3,,
19384-0900-11.zip,202202141041,’†‹–€ŒSº˜a’¬¼ğ,…-385,,
19384-0900-11.zip,202202141041,’†‹–€ŒSº˜a’¬¼ğ,…-232,,
19384-0900-11.zip,202202141041,’†‹–€ŒSº˜a’¬¼ğ,470-11,,
19384-0900-11.zip,202202141041,’†‹–€ŒSº˜a’¬¼ğ,475-1,,
19384-0900-11.zip,202202141041,’†‹–€ŒSº˜a’¬¼ğ,1727-1,,
19384-0900-11.zip,202202141041,’†‹–€ŒSº˜a’¬¼ğ,1727-2,,
19384-0900-11.zip,202202141041,’†‹–€ŒSº˜a’¬¼ğ,1729,,
19384-0900-11.zip,202202141041,’†‹–€ŒSº˜a’¬¼ğ,232-57,,
19384-0900-11.zip,202202141041,’†‹–€ŒSº˜a’¬¼ğ,232-1,,
19384-0900-11.zip,202202141041,’†‹–€ŒSº˜a’¬¼ğ,“¹-27,,
19384-0900-11.zip,202202141041,’†‹–€ŒSº˜a’¬¼ğ,232-16,,
19384-0900-11.zip,202202141041,’†‹–€ŒSº˜a’¬¼ğ,192-12,,
19384-0900-11.zip,202202141041,’†‹–€ŒSº˜a’¬¼ğ,192-1,,
19384-0900-11.zip,202202141041,’†‹–€ŒSº˜a’¬¼ğ,…-148,,
19384-0900-11.zip,202202141041,’†‹–€ŒSº˜a’¬¼ğ,2187-1,,
19384-0900-11.zip,202202141041,’†‹–€ŒSº˜a’¬¼ğ,2187-3,,
19384-0900-11.zip,202202141041,’†‹–€ŒSº˜a’¬¼ğ,…-295,,
19384-0900-11.zip,202202141041,’†‹–€ŒSº˜a’¬¼ğ,2188-1,,
19384-0900-11.zip,202202141041,’†‹–€ŒSº˜a’¬¼ğ,2188-2,,
19384-0900-11.zip,202202141041,’†‹–€ŒSº˜a’¬¼ğ,2187-2,,
19384-0900-11.zip,202202141041,’†‹–€ŒSº˜a’¬¼ğ,2187-4,,
19384-0900-11.zip,202202141041,’†‹–€ŒSº˜a’¬¼ğ,2201-3,,
19384-0900-11.zip,202202141041,’†‹–€ŒSº˜a’¬¼ğ,2201-1,,
19384-0900-11.zip,202202141041,’†‹–€ŒSº˜a’¬¼ğ,1615-5,,
19384-0900-11.zip,202202141041,’†‹–€ŒSº˜a’¬¼ğ,…-290-2,,
19384-0900-11.zip,202202141041,’†‹–€ŒSº˜a’¬¼ğ,1617-5,,
19384-0900-11.zip,202202141041,’†‹–€ŒSº˜a’¬¼ğ,1615-2,,
19384-0900-11.zip,202202141041,’†‹–€ŒSº˜a’¬¼ğ,1617-6,,
19384-0900-11.zip,202202141041,’†‹–€ŒSº˜a’¬¼ğ,1617-4,,
19384-0900-11.zip,202202141041,’†‹–€ŒSº˜a’¬¼ğ,1617-2,,
19384-0900-11.zip,202202141041,’†‹–€ŒSº˜a’¬¼ğ,1114-3,,
19384-0900-11.zip,202202141041,’†‹–€ŒSº˜a’¬¼ğ,1114-2,,
19384-0900-11.zip,202202141041,’†‹–€ŒSº˜a’¬¼ğ,455-1,,
19384-0900-11.zip,202202141041,’†‹–€ŒSº˜a’¬¼ğ,…-289,,
19384-0900-11.zip,202202141041,’†‹–€ŒSº˜a’¬¼ğ,439-1,,
19384-0900-11.zip,202202141041,’†‹–€ŒSº˜a’¬¼ğ,245-2,,
19384-0900-11.zip,202202141041,’†‹–€ŒSº˜a’¬¼ğ,2201-4,,
19384-0900-11.zip,202202141041,’†‹–€ŒSº˜a’¬¼ğ,2201-5,,
19384-0900-11.zip,202202141041,’†‹–€ŒSº˜a’¬¼ğ,“¹-178,,
19384-0900-11.zip,202202141041,’†‹–€ŒSº˜a’¬¼ğ,…-9,,
19384-0900-11.zip,202202141041,’†‹–€ŒSº˜a’¬¼ğ,2202-2,,
19384-0900-11.zip,202202141041,’†‹–€ŒSº˜a’¬¼ğ,…-12-3,,
19384-0900-11.zip,202202141041,’†‹–€ŒSº˜a’¬¼ğ,2197-22,,
19384-0900-11.zip,202202141041,’†‹–€ŒSº˜a’¬¼ğ,687-4,,
19384-0900-11.zip,202202141041,’†‹–€ŒSº˜a’¬¼ğ,687-1,,
19384-0900-11.zip,202202141041,’†‹–€ŒSº˜a’¬¼ğ,689-2,,
19384-0900-11.zip,202202141041,’†‹–€ŒSº˜a’¬¼ğ,687-2,,
19384-0900-11.zip,202202141041,’†‹–€ŒSº˜a’¬¼ğ,2105-1,,
19384-0900-11.zip,202202141041,’†‹–€ŒSº˜a’¬¼ğ,1615-6,,
19384-0900-11.zip,202202141041,’†‹–€ŒSº˜a’¬¼ğ,1615-1,,
19384-0900-11.zip,202202141041,’†‹–€ŒSº˜a’¬¼ğ,1615-7,,
19384-0900-11.zip,202202141041,’†‹–€ŒSº˜a’¬¼ğ,’·‹·•¨•s–¾-135,,
19384-0900-11.zip,202202141041,’†‹–€ŒSº˜a’¬¼ğ,…-190,,
19384-0900-11.zip,202202141041,’†‹–€ŒSº˜a’¬¼ğ,454-1,,
19384-0900-11.zip,202202141041,’†‹–€ŒSº˜a’¬¼ğ,547-1,,
19384-0900-11.zip,202202141041,’†‹–€ŒSº˜a’¬¼ğ,547-4,,
19384-0900-11.zip,202202141041,’†‹–€ŒSº˜a’¬¼ğ,546,,
19384-0900-11.zip,202202141041,’†‹–€ŒSº˜a’¬¼ğ,885-2,,
19384-0900-11.zip,202202141041,’†‹–€ŒSº˜a’¬¼ğ,885-3,,
19384-0900-11.zip,202202141041,’†‹–€ŒSº˜a’¬¼ğ,888-7,,
19384-0900-11.zip,202202141041,’†‹–€ŒSº˜a’¬¼ğ,885-1,,
19384-0900-11.zip,202202141041,’†‹–€ŒSº˜a’¬¼ğ,885-4,,
19384-0900-11.zip,202202141041,’†‹–€ŒSº˜a’¬¼ğ,888-1,,
19384-0900-11.zip,202202141041,’†‹–€ŒSº˜a’¬¼ğ,891-2,,
19384-0900-11.zip,202202141041,’†‹–€ŒSº˜a’¬¼ğ,891-1,,
19384-0900-11.zip,202202141041,’†‹–€ŒSº˜a’¬¼ğ,2110-6,,
19384-0900-11.zip,202202141041,’†‹–€ŒSº˜a’¬¼ğ,2110-5,,
19384-0900-11.zip,202202141041,’†‹–€ŒSº˜a’¬¼ğ,2110-1,,
19384-0900-11.zip,202202141041,’†‹–€ŒSº˜a’¬¼ğ,2109-2,,
19384-0900-11.zip,202202141041,’†‹–€ŒSº˜a’¬¼ğ,2108-1,,
19384-0900-11.zip,202202141041,’†‹–€ŒSº˜a’¬¼ğ,2108-3,,
19384-0900-11.zip,202202141041,’†‹–€ŒSº˜a’¬¼ğ,1592-19,,
19384-0900-11.zip,202202141041,’†‹–€ŒSº˜a’¬¼ğ,1592-20,,
19384-0900-11.zip,202202141041,’†‹–€ŒSº˜a’¬¼ğ,2135-2,,
19384-0900-11.zip,202202141041,’†‹–€ŒSº˜a’¬¼ğ,2135-3,,
19384-0900-11.zip,202202141041,’†‹–€ŒSº˜a’¬¼ğ,2130-2,,
19384-0900-11.zip,202202141041,’†‹–€ŒSº˜a’¬¼ğ,411-3,,
19384-0900-11.zip,202202141041,’†‹–€ŒSº˜a’¬¼ğ,4326-14,,
19384-0900-11.zip,202202141041,’†‹–€ŒSº˜a’¬¼ğ,4326-1,,
19384-0900-11.zip,202202141041,’†‹–€ŒSº˜a’¬¼ğ,’·‹·•¨•s–¾-132,,
19384-0900-11.zip,202202141041,’†‹–€ŒSº˜a’¬¼ğ,4326-8,,
19384-0900-11.zip,202202141041,’†‹–€ŒSº˜a’¬¼ğ,914-3,,
19384-0900-11.zip,202202141041,’†‹–€ŒSº˜a’¬¼ğ,914-10,,
19384-0900-11.zip,202202141041,’†‹–€ŒSº˜a’¬¼ğ,914-11,,
19384-0900-11.zip,202202141041,’†‹–€ŒSº˜a’¬¼ğ,914-12,,
19384-0900-11.zip,202202141041,’†‹–€ŒSº˜a’¬¼ğ,914-13,,
19384-0900-11.zip,202202141041,’†‹–€ŒSº˜a’¬¼ğ,914-16,,
19384-0900-11.zip,202202141041,’†‹–€ŒSº˜a’¬¼ğ,914-14,,
19384-0900-11.zip,202202141041,’†‹–€ŒSº˜a’¬¼ğ,914-15,,
19384-0900-11.zip,202202141041,’†‹–€ŒSº˜a’¬¼ğ,914-4,,
19384-0900-11.zip,202202141041,’†‹–€ŒSº˜a’¬¼ğ,914-1,,
19384-0900-11.zip,202202141041,’†‹–€ŒSº˜a’¬¼ğ,914-6,,
19384-0900-11.zip,202202141041,’†‹–€ŒSº˜a’¬¼ğ,914-7,,
19384-0900-11.zip,202202141041,’†‹–€ŒSº˜a’¬¼ğ,914-8,,
19384-0900-11.zip,202202141041,’†‹–€ŒSº˜a’¬¼ğ,914-9,,
19384-0900-11.zip,202202141041,’†‹–€ŒSº˜a’¬¼ğ,914-17,,
19384-0900-11.zip,202202141041,’†‹–€ŒSº˜a’¬¼ğ,914-5,,
19384-0900-11.zip,202202141041,’†‹–€ŒSº˜a’¬¼ğ,“¹-9-1,,
19384-0900-11.zip,202202141041,’†‹–€ŒSº˜a’¬¼ğ,908-1,,
19384-0900-11.zip,202202141041,’†‹–€ŒSº˜a’¬¼ğ,917-11,,
19384-0900-11.zip,202202141041,’†‹–€ŒSº˜a’¬¼ğ,355-1,,
19384-0900-11.zip,202202141041,’†‹–€ŒSº˜a’¬¼ğ,355-2,,
19384-0900-11.zip,202202141041,’†‹–€ŒSº˜a’¬¼ğ,369-2,,
19384-0900-11.zip,202202141041,’†‹–€ŒSº˜a’¬¼ğ,369-1,,
19384-0900-11.zip,202202141041,’†‹–€ŒSº˜a’¬¼ğ,…-27,,
19384-0900-11.zip,202202141041,’†‹–€ŒSº˜a’¬¼ğ,1167-5,,
19384-0900-11.zip,202202141041,’†‹–€ŒSº˜a’¬¼ğ,1167-3,,
19384-0900-11.zip,202202141041,’†‹–€ŒSº˜a’¬¼ğ,1796-3,,
19384-0900-11.zip,202202141041,’†‹–€ŒSº˜a’¬¼ğ,1796-1,,
19384-0900-11.zip,202202141041,’†‹–€ŒSº˜a’¬¼ğ,1796-4,,
19384-0900-11.zip,202202141041,’†‹–€ŒSº˜a’¬¼ğ,1796-5,,
19384-0900-11.zip,202202141041,’†‹–€ŒSº˜a’¬¼ğ,1803-1,,
19384-0900-11.zip,202202141041,’†‹–€ŒSº˜a’¬¼ğ,637-1,,
19384-0900-11.zip,202202141041,’†‹–€ŒSº˜a’¬¼ğ,637-4,,
19384-0900-11.zip,202202141041,’†‹–€ŒSº˜a’¬¼ğ,635,,
19384-0900-11.zip,202202141041,’†‹–€ŒSº˜a’¬¼ğ,375-13,,
19384-0900-11.zip,202202141041,’†‹–€ŒSº˜a’¬¼ğ,375-12,,
19384-0900-11.zip,202202141041,’†‹–€ŒSº˜a’¬¼ğ,375-1,,
19384-0900-11.zip,202202141041,’†‹–€ŒSº˜a’¬¼ğ,…-25,,
19384-0900-11.zip,202202141041,’†‹–€ŒSº˜a’¬¼ğ,“¹-287,,
19384-0900-11.zip,202202141041,’†‹–€ŒSº˜a’¬¼ğ,375-10,,
19384-0900-11.zip,202202141041,’†‹–€ŒSº˜a’¬¼ğ,1103-2,,
19384-0900-11.zip,202202141041,’†‹–€ŒSº˜a’¬¼ğ,…-170,,
19384-0900-11.zip,202202141041,’†‹–€ŒSº˜a’¬¼ğ,211-2,,
19384-0900-11.zip,202202141041,’†‹–€ŒSº˜a’¬¼ğ,211-1,,
19384-0900-11.zip,202202141041,’†‹–€ŒSº˜a’¬¼ğ,828-6,,
19384-0900-11.zip,202202141041,’†‹–€ŒSº˜a’¬¼ğ,862-2,,
19384-0900-11.zip,202202141041,’†‹–€ŒSº˜a’¬¼ğ,829-4,,
19384-0900-11.zip,202202141041,’†‹–€ŒSº˜a’¬¼ğ,2142,,
19384-0900-11.zip,202202141041,’†‹–€ŒSº˜a’¬¼ğ,4313-5,,
19384-0900-11.zip,202202141041,’†‹–€ŒSº˜a’¬¼ğ,4313-3,,
19384-0900-11.zip,202202141041,’†‹–€ŒSº˜a’¬¼ğ,…-18,,
19384-0900-11.zip,202202141041,’†‹–€ŒSº˜a’¬¼ğ,4313-1,,
19384-0900-11.zip,202202141041,’†‹–€ŒSº˜a’¬¼ğ,2098-2,,
19384-0900-11.zip,202202141041,’†‹–€ŒSº˜a’¬¼ğ,2098-3,,
19384-0900-11.zip,202202141041,’†‹–€ŒSº˜a’¬¼ğ,2149-1,,
19384-0900-11.zip,202202141041,’†‹–€ŒSº˜a’¬¼ğ,2149-2,,
19384-0900-11.zip,202202141041,’†‹–€ŒSº˜a’¬¼ğ,2150-1,,
19384-0900-11.zip,202202141041,’†‹–€ŒSº˜a’¬¼ğ,2150-2,,
19384-0900-11.zip,202202141041,’†‹–€ŒSº˜a’¬¼ğ,2150-3,,
19384-0900-11.zip,202202141041,’†‹–€ŒSº˜a’¬¼ğ,2144-2,,
19384-0900-11.zip,202202141041,’†‹–€ŒSº˜a’¬¼ğ,2144-1,,
19384-0900-11.zip,202202141041,’†‹–€ŒSº˜a’¬¼ğ,2148-2,,
19384-0900-11.zip,202202141041,’†‹–€ŒSº˜a’¬¼ğ,2148-1,,
19384-0900-11.zip,202202141041,’†‹–€ŒSº˜a’¬¼ğ,2146-1,,
19384-0900-11.zip,202202141041,’†‹–€ŒSº˜a’¬¼ğ,2147-1,,
19384-0900-11.zip,202202141041,’†‹–€ŒSº˜a’¬¼ğ,2147-2,,
19384-0900-11.zip,202202141041,’†‹–€ŒSº˜a’¬¼ğ,2147-3,,
19384-0900-11.zip,202202141041,’†‹–€ŒSº˜a’¬¼ğ,2146-6,,
19384-0900-11.zip,202202141041,’†‹–€ŒSº˜a’¬¼ğ,1103-6,,
19384-0900-11.zip,202202141041,’†‹–€ŒSº˜a’¬¼ğ,1103-4,,
19384-0900-11.zip,202202141041,’†‹–€ŒSº˜a’¬¼ğ,1103-3,,
19384-0900-11.zip,202202141041,’†‹–€ŒSº˜a’¬¼ğ,1103-5,,
19384-0900-11.zip,202202141041,’†‹–€ŒSº˜a’¬¼ğ,1103-7,,
19384-0900-11.zip,202202141041,’†‹–€ŒSº˜a’¬¼ğ,1103-1,,
19384-0900-11.zip,202202141041,’†‹–€ŒSº˜a’¬¼ğ,1105-3,,
19384-0900-11.zip,202202141041,’†‹–€ŒSº˜a’¬¼ğ,1105-5,,
19384-0900-11.zip,202202141041,’†‹–€ŒSº˜a’¬¼ğ,1105-1,,
19384-0900-11.zip,202202141041,’†‹–€ŒSº˜a’¬¼ğ,1105-4,,
19384-0900-11.zip,202202141041,’†‹–€ŒSº˜a’¬¼ğ,1105-2,,
19384-0900-11.zip,202202141041,’†‹–€ŒSº˜a’¬¼ğ,…-315,,
19384-0900-11.zip,202202141041,’†‹–€ŒSº˜a’¬¼ğ,1107,,
19384-0900-11.zip,202202141041,’†‹–€ŒSº˜a’¬¼ğ,1110-7,,
19384-0900-11.zip,202202141041,’†‹–€ŒSº˜a’¬¼ğ,1163-8,,
19384-0900-11.zip,202202141041,’†‹–€ŒSº˜a’¬¼ğ,1164-4,,
19384-0900-11.zip,202202141041,’†‹–€ŒSº˜a’¬¼ğ,…-235,,
19384-0900-11.zip,202202141041,’†‹–€ŒSº˜a’¬¼ğ,1164-3,,
19384-0900-11.zip,202202141041,’†‹–€ŒSº˜a’¬¼ğ,1164-5,,
19384-0900-11.zip,202202141041,’†‹–€ŒSº˜a’¬¼ğ,1164-6,,
19384-0900-11.zip,202202141041,’†‹–€ŒSº˜a’¬¼ğ,1114-1,,
19384-0900-11.zip,202202141041,’†‹–€ŒSº˜a’¬¼ğ,1114-4,,
19384-0900-11.zip,202202141041,’†‹–€ŒSº˜a’¬¼ğ,’·‹·•¨•s–¾-128,,
19384-0900-11.zip,202202141041,’†‹–€ŒSº˜a’¬¼ğ,1116-3,,
19384-0900-11.zip,202202141041,’†‹–€ŒSº˜a’¬¼ğ,2125-1,,
19384-0900-11.zip,202202141041,’†‹–€ŒSº˜a’¬¼ğ,2125-3,,
19384-0900-11.zip,202202141041,’†‹–€ŒSº˜a’¬¼ğ,2125-4,,
19384-0900-11.zip,202202141041,’†‹–€ŒSº˜a’¬¼ğ,2122-1,,
19384-0900-11.zip,202202141041,’†‹–€ŒSº˜a’¬¼ğ,2135-5,,
19384-0900-11.zip,202202141041,’†‹–€ŒSº˜a’¬¼ğ,2135-1,,
19384-0900-11.zip,202202141041,’†‹–€ŒSº˜a’¬¼ğ,2135-4,,
19384-0900-11.zip,202202141041,’†‹–€ŒSº˜a’¬¼ğ,1116-1,,
19384-0900-11.zip,202202141041,’†‹–€ŒSº˜a’¬¼ğ,1116-6,,
19384-0900-11.zip,202202141041,’†‹–€ŒSº˜a’¬¼ğ,1116-5,,
19384-0900-11.zip,202202141041,’†‹–€ŒSº˜a’¬¼ğ,1116-2,,
19384-0900-11.zip,202202141041,’†‹–€ŒSº˜a’¬¼ğ,1117-1,,
19384-0900-11.zip,202202141041,’†‹–€ŒSº˜a’¬¼ğ,1116-4,,
19384-0900-11.zip,202202141041,’†‹–€ŒSº˜a’¬¼ğ,2148-3,,
19384-0900-11.zip,202202141041,’†‹–€ŒSº˜a’¬¼ğ,…-168,,
19384-0900-11.zip,202202141041,’†‹–€ŒSº˜a’¬¼ğ,1163-9,,
19384-0900-11.zip,202202141041,’†‹–€ŒSº˜a’¬¼ğ,1163-10,,
19384-0900-11.zip,202202141041,’†‹–€ŒSº˜a’¬¼ğ,1163-3,,
19384-0900-11.zip,202202141041,’†‹–€ŒSº˜a’¬¼ğ,1163-6,,
19384-0900-11.zip,202202141041,’†‹–€ŒSº˜a’¬¼ğ,1167-6,,
19384-0900-11.zip,202202141041,’†‹–€ŒSº˜a’¬¼ğ,204-4,,
19384-0900-11.zip,202202141041,’†‹–€ŒSº˜a’¬¼ğ,204-3,,
19384-0900-11.zip,202202141041,’†‹–€ŒSº˜a’¬¼ğ,204-1,,
19384-0900-11.zip,202202141041,’†‹–€ŒSº˜a’¬¼ğ,209-3,,
19384-0900-11.zip,202202141041,’†‹–€ŒSº˜a’¬¼ğ,210-2,,
19384-0900-11.zip,202202141041,’†‹–€ŒSº˜a’¬¼ğ,209-2,,
19384-0900-11.zip,202202141041,’†‹–€ŒSº˜a’¬¼ğ,742-5,,
19384-0900-11.zip,202202141041,’†‹–€ŒSº˜a’¬¼ğ,742-1,,
19384-0900-11.zip,202202141041,’†‹–€ŒSº˜a’¬¼ğ,743-1,,
19384-0900-11.zip,202202141041,’†‹–€ŒSº˜a’¬¼ğ,742-4,,
19384-0900-11.zip,202202141041,’†‹–€ŒSº˜a’¬¼ğ,730-1,,
19384-0900-11.zip,202202141041,’†‹–€ŒSº˜a’¬¼ğ,730-2,,
19384-0900-11.zip,202202141041,’†‹–€ŒSº˜a’¬¼ğ,723-3,,
19384-0900-11.zip,202202141041,’†‹–€ŒSº˜a’¬¼ğ,731-3,,
19384-0900-11.zip,202202141041,’†‹–€ŒSº˜a’¬¼ğ,732-6,,
19384-0900-11.zip,202202141041,’†‹–€ŒSº˜a’¬¼ğ,731-2,,
19384-0900-11.zip,202202141041,’†‹–€ŒSº˜a’¬¼ğ,732-3,,
19384-0900-11.zip,202202141041,’†‹–€ŒSº˜a’¬¼ğ,732-8,,
19384-0900-11.zip,202202141041,’†‹–€ŒSº˜a’¬¼ğ,732-2,,
19384-0900-11.zip,202202141041,’†‹–€ŒSº˜a’¬¼ğ,732-7,,
19384-0900-11.zip,202202141041,’†‹–€ŒSº˜a’¬¼ğ,732-1,,
19384-0900-11.zip,202202141041,’†‹–€ŒSº˜a’¬¼ğ,732-5,,
19384-0900-11.zip,202202141041,’†‹–€ŒSº˜a’¬¼ğ,731-1,,
19384-0900-11.zip,202202141041,’†‹–€ŒSº˜a’¬¼ğ,732-4,,
19384-0900-11.zip,202202141041,’†‹–€ŒSº˜a’¬¼ğ,4273-2,,
19384-0900-11.zip,202202141041,’†‹–€ŒSº˜a’¬¼ğ,4273-7,,
19384-0900-11.zip,202202141041,’†‹–€ŒSº˜a’¬¼ğ,“¹-126,,
19384-0900-11.zip,202202141041,’†‹–€ŒSº˜a’¬¼ğ,993-4,,
19384-0900-11.zip,202202141041,’†‹–€ŒSº˜a’¬¼ğ,993-1,,
19384-0900-11.zip,202202141041,’†‹–€ŒSº˜a’¬¼ğ,993-5,,
19384-0900-11.zip,202202141041,’†‹–€ŒSº˜a’¬¼ğ,993-2,,
19384-0900-11.zip,202202141041,’†‹–€ŒSº˜a’¬¼ğ,993-3,,
19384-0900-11.zip,202202141041,’†‹–€ŒSº˜a’¬¼ğ,994-1,,
19384-0900-11.zip,202202141041,’†‹–€ŒSº˜a’¬¼ğ,994-4,,
19384-0900-11.zip,202202141041,’†‹–€ŒSº˜a’¬¼ğ,996-2,,
19384-0900-11.zip,202202141041,’†‹–€ŒSº˜a’¬¼ğ,994-2,,
19384-0900-11.zip,202202141041,’†‹–€ŒSº˜a’¬¼ğ,994-5,,
19384-0900-11.zip,202202141041,’†‹–€ŒSº˜a’¬¼ğ,993-6,,
19384-0900-11.zip,202202141041,’†‹–€ŒSº˜a’¬¼ğ,646-1,,
19384-0900-11.zip,202202141041,’†‹–€ŒSº˜a’¬¼ğ,646-4,,
19384-0900-11.zip,202202141041,’†‹–€ŒSº˜a’¬¼ğ,…-234,,
19384-0900-11.zip,202202141041,’†‹–€ŒSº˜a’¬¼ğ,1058-1,,
19384-0900-11.zip,202202141041,’†‹–€ŒSº˜a’¬¼ğ,548-4,,
19384-0900-11.zip,202202141041,’†‹–€ŒSº˜a’¬¼ğ,548-1,,
19384-0900-11.zip,202202141041,’†‹–€ŒSº˜a’¬¼ğ,“¹-185,,
19384-0900-11.zip,202202141041,’†‹–€ŒSº˜a’¬¼ğ,1823-2,,
19384-0900-11.zip,202202141041,’†‹–€ŒSº˜a’¬¼ğ,1844,,
19384-0900-11.zip,202202141041,’†‹–€ŒSº˜a’¬¼ğ,1844-2,,
19384-0900-11.zip,202202141041,’†‹–€ŒSº˜a’¬¼ğ,“¹-157,,
19384-0900-11.zip,202202141041,’†‹–€ŒSº˜a’¬¼ğ,’·‹·•¨•s–¾-27,,
19384-0900-11.zip,202202141041,’†‹–€ŒSº˜a’¬¼ğ,2067-5,,
19384-0900-11.zip,202202141041,’†‹–€ŒSº˜a’¬¼ğ,2067-3,,
19384-0900-11.zip,202202141041,’†‹–€ŒSº˜a’¬¼ğ,1823-1,,
19384-0900-11.zip,202202141041,’†‹–€ŒSº˜a’¬¼ğ,1823-3,,
19384-0900-11.zip,202202141041,’†‹–€ŒSº˜a’¬¼ğ,1823-4,,
19384-0900-11.zip,202202141041,’†‹–€ŒSº˜a’¬¼ğ,895-2,,
19384-0900-11.zip,202202141041,’†‹–€ŒSº˜a’¬¼ğ,895-3,,
19384-0900-11.zip,202202141041,’†‹–€ŒSº˜a’¬¼ğ,“¹-50,,
19384-0900-11.zip,202202141041,’†‹–€ŒSº˜a’¬¼ğ,896-2,,
19384-0900-11.zip,202202141041,’†‹–€ŒSº˜a’¬¼ğ,896-3,,
19384-0900-11.zip,202202141041,’†‹–€ŒSº˜a’¬¼ğ,907-1,,
19384-0900-11.zip,202202141041,’†‹–€ŒSº˜a’¬¼ğ,2145-3,,
19384-0900-11.zip,202202141041,’†‹–€ŒSº˜a’¬¼ğ,2145-1,,
19384-0900-11.zip,202202141041,’†‹–€ŒSº˜a’¬¼ğ,510-11,,
19384-0900-11.zip,202202141041,’†‹–€ŒSº˜a’¬¼ğ,510-10,,
19384-0900-11.zip,202202141041,’†‹–€ŒSº˜a’¬¼ğ,510-9,,
19384-0900-11.zip,202202141041,’†‹–€ŒSº˜a’¬¼ğ,510-8,,
19384-0900-11.zip,202202141041,’†‹–€ŒSº˜a’¬¼ğ,510-3,,
19384-0900-11.zip,202202141041,’†‹–€ŒSº˜a’¬¼ğ,510-12,,
19384-0900-11.zip,202202141041,’†‹–€ŒSº˜a’¬¼ğ,510-13,,
19384-0900-11.zip,202202141041,’†‹–€ŒSº˜a’¬¼ğ,“¹-214,,
19384-0900-11.zip,202202141041,’†‹–€ŒSº˜a’¬¼ğ,…-36,,
19384-0900-11.zip,202202141041,’†‹–€ŒSº˜a’¬¼ğ,510-5,,
19384-0900-11.zip,202202141041,’†‹–€ŒSº˜a’¬¼ğ,510-2,,
19384-0900-11.zip,202202141041,’†‹–€ŒSº˜a’¬¼ğ,2026-3,,
19384-0900-11.zip,202202141041,’†‹–€ŒSº˜a’¬¼ğ,2026-1,,
19384-0900-11.zip,202202141041,’†‹–€ŒSº˜a’¬¼ğ,2028,,
19384-0900-11.zip,202202141041,’†‹–€ŒSº˜a’¬¼ğ,1942-1,,
19384-0900-11.zip,202202141041,’†‹–€ŒSº˜a’¬¼ğ,1787-1,,
19384-0900-11.zip,202202141041,’†‹–€ŒSº˜a’¬¼ğ,1787-2,,
19384-0900-11.zip,202202141041,’†‹–€ŒSº˜a’¬¼ğ,’·‹·•¨•s–¾-25,,
19384-0900-11.zip,202202141041,’†‹–€ŒSº˜a’¬¼ğ,“¹-49,,
19384-0900-11.zip,202202141041,’†‹–€ŒSº˜a’¬¼ğ,1777,,
19384-0900-11.zip,202202141041,’†‹–€ŒSº˜a’¬¼ğ,1849-4,,
19384-0900-11.zip,202202141041,’†‹–€ŒSº˜a’¬¼ğ,1744-4,,
19384-0900-11.zip,202202141041,’†‹–€ŒSº˜a’¬¼ğ,1771-2,,
19384-0900-11.zip,202202141041,’†‹–€ŒSº˜a’¬¼ğ,2131-9,,
19384-0900-11.zip,202202141041,’†‹–€ŒSº˜a’¬¼ğ,2131-6,,
19384-0900-11.zip,202202141041,’†‹–€ŒSº˜a’¬¼ğ,2131-7,,
19384-0900-11.zip,202202141041,’†‹–€ŒSº˜a’¬¼ğ,2131-13,,
19384-0900-11.zip,202202141041,’†‹–€ŒSº˜a’¬¼ğ,2131-4,,
19384-0900-11.zip,202202141041,’†‹–€ŒSº˜a’¬¼ğ,2131-8,,
19384-0900-11.zip,202202141041,’†‹–€ŒSº˜a’¬¼ğ,2131-12,,
19384-0900-11.zip,202202141041,’†‹–€ŒSº˜a’¬¼ğ,2131-10,,
19384-0900-11.zip,202202141041,’†‹–€ŒSº˜a’¬¼ğ,2132-3,,
19384-0900-11.zip,202202141041,’†‹–€ŒSº˜a’¬¼ğ,2131-3,,
19384-0900-11.zip,202202141041,’†‹–€ŒSº˜a’¬¼ğ,2131-2,,
19384-0900-11.zip,202202141041,’†‹–€ŒSº˜a’¬¼ğ,2132-1,,
19384-0900-11.zip,202202141041,’†‹–€ŒSº˜a’¬¼ğ,2133-2,,
19384-0900-11.zip,202202141041,’†‹–€ŒSº˜a’¬¼ğ,“¹-269,,
19384-0900-11.zip,202202141041,’†‹–€ŒSº˜a’¬¼ğ,4311-24,,
19384-0900-11.zip,202202141041,’†‹–€ŒSº˜a’¬¼ğ,…-139,,
19384-0900-11.zip,202202141041,’†‹–€ŒSº˜a’¬¼ğ,994-3,,
19384-0900-11.zip,202202141041,’†‹–€ŒSº˜a’¬¼ğ,994-6,,
19384-0900-11.zip,202202141041,’†‹–€ŒSº˜a’¬¼ğ,…-100,,
19384-0900-11.zip,202202141041,’†‹–€ŒSº˜a’¬¼ğ,2131-1,,
19384-0900-11.zip,202202141041,’†‹–€ŒSº˜a’¬¼ğ,2131-5,,
19384-0900-11.zip,202202141041,’†‹–€ŒSº˜a’¬¼ğ,2131-11,,
19384-0900-11.zip,202202141041,’†‹–€ŒSº˜a’¬¼ğ,4311-7,,
19384-0900-11.zip,202202141041,’†‹–€ŒSº˜a’¬¼ğ,4311-26,,
19384-0900-11.zip,202202141041,’†‹–€ŒSº˜a’¬¼ğ,“¹-32,,
19384-0900-11.zip,202202141041,’†‹–€ŒSº˜a’¬¼ğ,4311-27,,
19384-0900-11.zip,202202141041,’†‹–€ŒSº˜a’¬¼ğ,4311-13,,
19384-0900-11.zip,202202141041,’†‹–€ŒSº˜a’¬¼ğ,4311-28,,
19384-0900-11.zip,202202141041,’†‹–€ŒSº˜a’¬¼ğ,4311-25,,
19384-0900-11.zip,202202141041,’†‹–€ŒSº˜a’¬¼ğ,1188-7,,
19384-0900-11.zip,202202141041,’†‹–€ŒSº˜a’¬¼ğ,1188-5,,
19384-0900-11.zip,202202141041,’†‹–€ŒSº˜a’¬¼ğ,1188-1,,
19384-0900-11.zip,202202141041,’†‹–€ŒSº˜a’¬¼ğ,1188-6,,
19384-0900-11.zip,202202141041,’†‹–€ŒSº˜a’¬¼ğ,1188-3,,
19384-0900-11.zip,202202141041,’†‹–€ŒSº˜a’¬¼ğ,“¹-143,,
19384-0900-11.zip,202202141041,’†‹–€ŒSº˜a’¬¼ğ,1187-1,,
19384-0900-11.zip,202202141041,’†‹–€ŒSº˜a’¬¼ğ,1938-19,,
19384-0900-11.zip,202202141041,’†‹–€ŒSº˜a’¬¼ğ,1938-18,,
19384-0900-11.zip,202202141041,’†‹–€ŒSº˜a’¬¼ğ,1938-17,,
19384-0900-11.zip,202202141041,’†‹–€ŒSº˜a’¬¼ğ,1938-4,,
19384-0900-11.zip,202202141041,’†‹–€ŒSº˜a’¬¼ğ,1938-1,,
19384-0900-11.zip,202202141041,’†‹–€ŒSº˜a’¬¼ğ,1938-5,,
19384-0900-11.zip,202202141041,’†‹–€ŒSº˜a’¬¼ğ,1938-6,,
19384-0900-11.zip,202202141041,’†‹–€ŒSº˜a’¬¼ğ,1938-7,,
19384-0900-11.zip,202202141041,’†‹–€ŒSº˜a’¬¼ğ,1938-8,,
19384-0900-11.zip,202202141041,’†‹–€ŒSº˜a’¬¼ğ,1938-9,,
19384-0900-11.zip,202202141041,’†‹–€ŒSº˜a’¬¼ğ,1938-10,,
19384-0900-11.zip,202202141041,’†‹–€ŒSº˜a’¬¼ğ,1938-11,,
19384-0900-11.zip,202202141041,’†‹–€ŒSº˜a’¬¼ğ,1938-12,,
19384-0900-11.zip,202202141041,’†‹–€ŒSº˜a’¬¼ğ,1938-13,,
19384-0900-11.zip,202202141041,’†‹–€ŒSº˜a’¬¼ğ,1938-15,,
19384-0900-11.zip,202202141041,’†‹–€ŒSº˜a’¬¼ğ,1938-14,,
19384-0900-11.zip,202202141041,’†‹–€ŒSº˜a’¬¼ğ,’·‹·•¨•s–¾-22,,
19384-0900-11.zip,202202141041,’†‹–€ŒSº˜a’¬¼ğ,1938-2,,
19384-0900-11.zip,202202141041,’†‹–€ŒSº˜a’¬¼ğ,2040-7,,
19384-0900-11.zip,202202141041,’†‹–€ŒSº˜a’¬¼ğ,2040-3,,
19384-0900-11.zip,202202141041,’†‹–€ŒSº˜a’¬¼ğ,2040-4,,
19384-0900-11.zip,202202141041,’†‹–€ŒSº˜a’¬¼ğ,2040-1,,
19384-0900-11.zip,202202141041,’†‹–€ŒSº˜a’¬¼ğ,2040-6,,
19384-0900-11.zip,202202141041,’†‹–€ŒSº˜a’¬¼ğ,2040-5,,
19384-0900-11.zip,202202141041,’†‹–€ŒSº˜a’¬¼ğ,2040-8,,
19384-0900-11.zip,202202141041,’†‹–€ŒSº˜a’¬¼ğ,’·‹·•¨•s–¾-23,,
19384-0900-11.zip,202202141041,’†‹–€ŒSº˜a’¬¼ğ,…-195,,
19384-0900-11.zip,202202141041,’†‹–€ŒSº˜a’¬¼ğ,…-377,,
19384-0900-11.zip,202202141041,’†‹–€ŒSº˜a’¬¼ğ,1934-3,,
19384-0900-11.zip,202202141041,’†‹–€ŒSº˜a’¬¼ğ,2084-2,,
19384-0900-11.zip,202202141041,’†‹–€ŒSº˜a’¬¼ğ,4319-2,,
19384-0900-11.zip,202202141041,’†‹–€ŒSº˜a’¬¼ğ,819-6,,
19384-0900-11.zip,202202141041,’†‹–€ŒSº˜a’¬¼ğ,819-1,,
19384-0900-11.zip,202202141041,’†‹–€ŒSº˜a’¬¼ğ,819-4,,
19384-0900-11.zip,202202141041,’†‹–€ŒSº˜a’¬¼ğ,’·‹·•¨•s–¾-4,,
19384-0900-11.zip,202202141041,’†‹–€ŒSº˜a’¬¼ğ,685,,
19384-0900-11.zip,202202141041,’†‹–€ŒSº˜a’¬¼ğ,686-6,,
19384-0900-11.zip,202202141041,’†‹–€ŒSº˜a’¬¼ğ,686-1,,
19384-0900-11.zip,202202141041,’†‹–€ŒSº˜a’¬¼ğ,686-7,,
19384-0900-11.zip,202202141041,’†‹–€ŒSº˜a’¬¼ğ,4317-3,,
19384-0900-11.zip,202202141041,’†‹–€ŒSº˜a’¬¼ğ,4317-4,,
19384-0900-11.zip,202202141041,’†‹–€ŒSº˜a’¬¼ğ,4317-5,,
19384-0900-11.zip,202202141041,’†‹–€ŒSº˜a’¬¼ğ,…-189,,
19384-0900-11.zip,202202141041,’†‹–€ŒSº˜a’¬¼ğ,…-164,,
19384-0900-11.zip,202202141041,’†‹–€ŒSº˜a’¬¼ğ,1880-1,,
19384-0900-11.zip,202202141041,’†‹–€ŒSº˜a’¬¼ğ,1880-9,,
19384-0900-11.zip,202202141041,’†‹–€ŒSº˜a’¬¼ğ,1880-35,,
19384-0900-11.zip,202202141041,’†‹–€ŒSº˜a’¬¼ğ,1880-8,,
19384-0900-11.zip,202202141041,’†‹–€ŒSº˜a’¬¼ğ,1880-39,,
19384-0900-11.zip,202202141041,’†‹–€ŒSº˜a’¬¼ğ,1880-40,,
19384-0900-11.zip,202202141041,’†‹–€ŒSº˜a’¬¼ğ,1880-34,,
19384-0900-11.zip,202202141041,’†‹–€ŒSº˜a’¬¼ğ,1880-33,,
19384-0900-11.zip,202202141041,’†‹–€ŒSº˜a’¬¼ğ,1880-37,,
19384-0900-11.zip,202202141041,’†‹–€ŒSº˜a’¬¼ğ,1880-32,,
19384-0900-11.zip,202202141041,’†‹–€ŒSº˜a’¬¼ğ,1880-36,,
19384-0900-11.zip,202202141041,’†‹–€ŒSº˜a’¬¼ğ,1880-31,,
19384-0900-11.zip,202202141041,’†‹–€ŒSº˜a’¬¼ğ,1880-38,,
19384-0900-11.zip,202202141041,’†‹–€ŒSº˜a’¬¼ğ,1900-1,,
19384-0900-11.zip,202202141041,’†‹–€ŒSº˜a’¬¼ğ,1900-2,,
19384-0900-11.zip,202202141041,’†‹–€ŒSº˜a’¬¼ğ,…-279,,
19384-0900-11.zip,202202141041,’†‹–€ŒSº˜a’¬¼ğ,“¹-292,,
19384-0900-11.zip,202202141041,’†‹–€ŒSº˜a’¬¼ğ,1880-41,,
19384-0900-11.zip,202202141041,’†‹–€ŒSº˜a’¬¼ğ,1880-42,,
19384-0900-11.zip,202202141041,’†‹–€ŒSº˜a’¬¼ğ,1880-44,,
19384-0900-11.zip,202202141041,’†‹–€ŒSº˜a’¬¼ğ,…-65,,
19384-0900-11.zip,202202141041,’†‹–€ŒSº˜a’¬¼ğ,1880-43,,
19384-0900-11.zip,202202141041,’†‹–€ŒSº˜a’¬¼ğ,1880-45,,
19384-0900-11.zip,202202141041,’†‹–€ŒSº˜a’¬¼ğ,1120-4,,
19384-0900-11.zip,202202141041,’†‹–€ŒSº˜a’¬¼ğ,1120-5,,
19384-0900-11.zip,202202141041,’†‹–€ŒSº˜a’¬¼ğ,1120-7,,
19384-0900-11.zip,202202141041,’†‹–€ŒSº˜a’¬¼ğ,731-4,,
19384-0900-11.zip,202202141041,’†‹–€ŒSº˜a’¬¼ğ,814,,
19384-0900-11.zip,202202141041,’†‹–€ŒSº˜a’¬¼ğ,814-2,,
19384-0900-11.zip,202202141041,’†‹–€ŒSº˜a’¬¼ğ,814-3,,
19384-0900-11.zip,202202141041,’†‹–€ŒSº˜a’¬¼ğ,…-512,,
19384-0900-11.zip,202202141041,’†‹–€ŒSº˜a’¬¼ğ,2125-2,,
19384-0900-11.zip,202202141041,’†‹–€ŒSº˜a’¬¼ğ,2125-5,,
19384-0900-11.zip,202202141041,’†‹–€ŒSº˜a’¬¼ğ,1826-1,,
19384-0900-11.zip,202202141041,’†‹–€ŒSº˜a’¬¼ğ,2165-4,,
19384-0900-11.zip,202202141041,’†‹–€ŒSº˜a’¬¼ğ,2165-6,,
19384-0900-11.zip,202202141041,’†‹–€ŒSº˜a’¬¼ğ,2166-4,,
19384-0900-11.zip,202202141041,’†‹–€ŒSº˜a’¬¼ğ,…-17,,
19384-0900-11.zip,202202141041,’†‹–€ŒSº˜a’¬¼ğ,1826-5,,
19384-0900-11.zip,202202141041,’†‹–€ŒSº˜a’¬¼ğ,1826-2,,
19384-0900-11.zip,202202141041,’†‹–€ŒSº˜a’¬¼ğ,1119-2,,
19384-0900-11.zip,202202141041,’†‹–€ŒSº˜a’¬¼ğ,1119-6,,
19384-0900-11.zip,202202141041,’†‹–€ŒSº˜a’¬¼ğ,1119-4,,
19384-0900-11.zip,202202141041,’†‹–€ŒSº˜a’¬¼ğ,4332-1,,
19384-0900-11.zip,202202141041,’†‹–€ŒSº˜a’¬¼ğ,1938-16,,
19384-0900-11.zip,202202141041,’†‹–€ŒSº˜a’¬¼ğ,2040-9,,
19384-0900-11.zip,202202141041,’†‹–€ŒSº˜a’¬¼ğ,1826-6,,
19384-0900-11.zip,202202141041,’†‹–€ŒSº˜a’¬¼ğ,1826-3,,
19384-0900-11.zip,202202141041,’†‹–€ŒSº˜a’¬¼ğ,1826-4,,
19384-0900-11.zip,202202141041,’†‹–€ŒSº˜a’¬¼ğ,1825,,
19384-0900-11.zip,202202141041,’†‹–€ŒSº˜a’¬¼ğ,1392-2,,
19384-0900-11.zip,202202141041,’†‹–€ŒSº˜a’¬¼ğ,1395,,
19384-0900-11.zip,202202141041,’†‹–€ŒSº˜a’¬¼ğ,648-1,,
19384-0900-11.zip,202202141041,’†‹–€ŒSº˜a’¬¼ğ,648-2,,
19384-0900-11.zip,202202141041,’†‹–€ŒSº˜a’¬¼ğ,651-2,,
19384-0900-11.zip,202202141041,’†‹–€ŒSº˜a’¬¼ğ,660-1,,
19384-0900-11.zip,202202141041,’†‹–€ŒSº˜a’¬¼ğ,660-3,,
19384-0900-11.zip,202202141041,’†‹–€ŒSº˜a’¬¼ğ,…-151,,
19384-0900-11.zip,202202141041,’†‹–€ŒSº˜a’¬¼ğ,663-1,,
19384-0900-11.zip,202202141041,’†‹–€ŒSº˜a’¬¼ğ,663-5,,
19384-0900-11.zip,202202141041,’†‹–€ŒSº˜a’¬¼ğ,663-3,,
19384-0900-11.zip,202202141041,’†‹–€ŒSº˜a’¬¼ğ,663-2,,
19384-0900-11.zip,202202141041,’†‹–€ŒSº˜a’¬¼ğ,663-4,,
19384-0900-11.zip,202202141041,’†‹–€ŒSº˜a’¬¼ğ,663-6,,
19384-0900-11.zip,202202141041,’†‹–€ŒSº˜a’¬¼ğ,1602-2,,
19384-0900-11.zip,202202141041,’†‹–€ŒSº˜a’¬¼ğ,769-3,,
19384-0900-11.zip,202202141041,’†‹–€ŒSº˜a’¬¼ğ,769-1,,
19384-0900-11.zip,202202141041,’†‹–€ŒSº˜a’¬¼ğ,“¹-29,,
19384-0900-11.zip,202202141041,’†‹–€ŒSº˜a’¬¼ğ,770-1,,
19384-0900-11.zip,202202141041,’†‹–€ŒSº˜a’¬¼ğ,770-2,,
19384-0900-11.zip,202202141041,’†‹–€ŒSº˜a’¬¼ğ,…-305,,
19384-0900-11.zip,202202141041,’†‹–€ŒSº˜a’¬¼ğ,1836-1,,
19384-0900-11.zip,202202141041,’†‹–€ŒSº˜a’¬¼ğ,1836-4,,
19384-0900-11.zip,202202141041,’†‹–€ŒSº˜a’¬¼ğ,1836-3,,
19384-0900-11.zip,202202141041,’†‹–€ŒSº˜a’¬¼ğ,…-202,,
19384-0900-11.zip,202202141041,’†‹–€ŒSº˜a’¬¼ğ,1836-2,,
19384-0900-11.zip,202202141041,’†‹–€ŒSº˜a’¬¼ğ,1428-3,,
19384-0900-11.zip,202202141041,’†‹–€ŒSº˜a’¬¼ğ,1428-2,,
19384-0900-11.zip,202202141041,’†‹–€ŒSº˜a’¬¼ğ,1428-1,,
19384-0900-11.zip,202202141041,’†‹–€ŒSº˜a’¬¼ğ,“¹-245,,
19384-0900-11.zip,202202141041,’†‹–€ŒSº˜a’¬¼ğ,1429-3,,
19384-0900-11.zip,202202141041,’†‹–€ŒSº˜a’¬¼ğ,1221-1,,
19384-0900-11.zip,202202141041,’†‹–€ŒSº˜a’¬¼ğ,1221-3,,
19384-0900-11.zip,202202141041,’†‹–€ŒSº˜a’¬¼ğ,1218-3,,
19384-0900-11.zip,202202141041,’†‹–€ŒSº˜a’¬¼ğ,1221-2,,
19384-0900-11.zip,202202141041,’†‹–€ŒSº˜a’¬¼ğ,1430-4,,
19384-0900-11.zip,202202141041,’†‹–€ŒSº˜a’¬¼ğ,1430-2,,
19384-0900-11.zip,202202141041,’†‹–€ŒSº˜a’¬¼ğ,1270-4,,
19384-0900-11.zip,202202141041,’†‹–€ŒSº˜a’¬¼ğ,“¹-224001,,
19384-0900-11.zip,202202141041,’†‹–€ŒSº˜a’¬¼ğ,“¹-224002,,
19384-0900-11.zip,202202141041,’†‹–€ŒSº˜a’¬¼ğ,1278-3,,
19384-0900-11.zip,202202141041,’†‹–€ŒSº˜a’¬¼ğ,1266-1,,
19384-0900-11.zip,202202141041,’†‹–€ŒSº˜a’¬¼ğ,1278-4,,
19384-0900-11.zip,202202141041,’†‹–€ŒSº˜a’¬¼ğ,1278-2,,
19384-0900-11.zip,202202141041,’†‹–€ŒSº˜a’¬¼ğ,1278-5,,
19384-0900-11.zip,202202141041,’†‹–€ŒSº˜a’¬¼ğ,1275-2,,
19384-0900-11.zip,202202141041,’†‹–€ŒSº˜a’¬¼ğ,1279-3,,
19384-0900-11.zip,202202141041,’†‹–€ŒSº˜a’¬¼ğ,1279-2,,
19384-0900-11.zip,202202141041,’†‹–€ŒSº˜a’¬¼ğ,1266-2,,
19384-0900-11.zip,202202141041,’†‹–€ŒSº˜a’¬¼ğ,1388-1,,
19384-0900-11.zip,202202141041,’†‹–€ŒSº˜a’¬¼ğ,1388-2,,
19384-0900-11.zip,202202141041,’†‹–€ŒSº˜a’¬¼ğ,1388-3,,
19384-0900-11.zip,202202141041,’†‹–€ŒSº˜a’¬¼ğ,1392-12,,
19384-0900-11.zip,202202141041,’†‹–€ŒSº˜a’¬¼ğ,1392-13,,
19384-0900-11.zip,202202141041,’†‹–€ŒSº˜a’¬¼ğ,1392-9,,
19384-0900-11.zip,202202141041,’†‹–€ŒSº˜a’¬¼ğ,1392-11,,
19384-0900-11.zip,202202141041,’†‹–€ŒSº˜a’¬¼ğ,1392-10,,
19384-0900-11.zip,202202141041,’†‹–€ŒSº˜a’¬¼ğ,1392-8,,
19384-0900-11.zip,202202141041,’†‹–€ŒSº˜a’¬¼ğ,1392-4,,
19384-0900-11.zip,202202141041,’†‹–€ŒSº˜a’¬¼ğ,1392-5,,
19384-0900-11.zip,202202141041,’†‹–€ŒSº˜a’¬¼ğ,1392-1,,
19384-0900-11.zip,202202141041,’†‹–€ŒSº˜a’¬¼ğ,1392-3,,
19384-0900-11.zip,202202141041,’†‹–€ŒSº˜a’¬¼ğ,1392-6,,
19384-0900-11.zip,202202141041,’†‹–€ŒSº˜a’¬¼ğ,1392-7,,
19384-0900-11.zip,202202141041,’†‹–€ŒSº˜a’¬¼ğ,1392-14,,
19384-0900-11.zip,202202141041,’†‹–€ŒSº˜a’¬¼ğ,1413-15,,
19384-0900-11.zip,202202141041,’†‹–€ŒSº˜a’¬¼ğ,1404,,
19384-0900-11.zip,202202141041,’†‹–€ŒSº˜a’¬¼ğ,1402-1,,
19384-0900-11.zip,202202141041,’†‹–€ŒSº˜a’¬¼ğ,1398,,
19384-0900-11.zip,202202141041,’†‹–€ŒSº˜a’¬¼ğ,1393-2,,
19384-0900-11.zip,202202141041,’†‹–€ŒSº˜a’¬¼ğ,1388-4,,
19384-0900-11.zip,202202141041,’†‹–€ŒSº˜a’¬¼ğ,…-138,,
19384-0900-11.zip,202202141041,’†‹–€ŒSº˜a’¬¼ğ,1204-5,,
19384-0900-11.zip,202202141041,’†‹–€ŒSº˜a’¬¼ğ,1219-3,,
19384-0900-11.zip,202202141041,’†‹–€ŒSº˜a’¬¼ğ,1202-3,,
19384-0900-11.zip,202202141041,’†‹–€ŒSº˜a’¬¼ğ,1206-5,,
19384-0900-11.zip,202202141041,’†‹–€ŒSº˜a’¬¼ğ,1042-1,,
19384-0900-11.zip,202202141041,’†‹–€ŒSº˜a’¬¼ğ,1044-1,,
19384-0900-11.zip,202202141041,’†‹–€ŒSº˜a’¬¼ğ,1044-7,,
19384-0900-11.zip,202202141041,’†‹–€ŒSº˜a’¬¼ğ,1044-6,,
19384-0900-11.zip,202202141041,’†‹–€ŒSº˜a’¬¼ğ,1270-1,,
19384-0900-11.zip,202202141041,’†‹–€ŒSº˜a’¬¼ğ,1270-5,,
19384-0900-11.zip,202202141041,’†‹–€ŒSº˜a’¬¼ğ,1270-7,,
19384-0900-11.zip,202202141041,’†‹–€ŒSº˜a’¬¼ğ,1270-3,,
19384-0900-11.zip,202202141041,’†‹–€ŒSº˜a’¬¼ğ,1276-5,,
19384-0900-11.zip,202202141041,’†‹–€ŒSº˜a’¬¼ğ,2264-1,,
19384-0900-11.zip,202202141041,’†‹–€ŒSº˜a’¬¼ğ,1245-1,,
19384-0900-11.zip,202202141041,’†‹–€ŒSº˜a’¬¼ğ,1281-1,,
19384-0900-11.zip,202202141041,’†‹–€ŒSº˜a’¬¼ğ,1297,,
19384-0900-11.zip,202202141041,’†‹–€ŒSº˜a’¬¼ğ,1281-2,,
19384-0900-11.zip,202202141041,’†‹–€ŒSº˜a’¬¼ğ,1420-3,,
19384-0900-11.zip,202202141041,’†‹–€ŒSº˜a’¬¼ğ,“¹-254,,
19384-0900-11.zip,202202141041,’†‹–€ŒSº˜a’¬¼ğ,1425,,
19384-0900-11.zip,202202141041,’†‹–€ŒSº˜a’¬¼ğ,“¹-48,,
19384-0900-11.zip,202202141041,’†‹–€ŒSº˜a’¬¼ğ,“¹-4444,,
19384-0900-11.zip,202202141041,’†‹–€ŒSº˜a’¬¼ğ,2095-4,,
19384-0900-11.zip,202202141041,’†‹–€ŒSº˜a’¬¼ğ,1995-3,,
19384-0900-11.zip,202202141041,’†‹–€ŒSº˜a’¬¼ğ,2004-2,,
19384-0900-11.zip,202202141041,’†‹–€ŒSº˜a’¬¼ğ,2074-4,,
19384-0900-11.zip,202202141041,’†‹–€ŒSº˜a’¬¼ğ,2064-2,,
19384-0900-11.zip,202202141041,’†‹–€ŒSº˜a’¬¼ğ,2075-7,,
19384-0900-11.zip,202202141041,’†‹–€ŒSº˜a’¬¼ğ,…-66,,
19384-0900-11.zip,202202141041,’†‹–€ŒSº˜a’¬¼ğ,2239-2,,
19384-0900-11.zip,202202141041,’†‹–€ŒSº˜a’¬¼ğ,2239-6,,
19384-0900-11.zip,202202141041,’†‹–€ŒSº˜a’¬¼ğ,…-304,,
19384-0900-11.zip,202202141041,’†‹–€ŒSº˜a’¬¼ğ,2080-14,,
19384-0900-11.zip,202202141041,’†‹–€ŒSº˜a’¬¼ğ,…-14315361,,
19384-0900-11.zip,202202141041,’†‹–€ŒSº˜a’¬¼ğ,1425-2,,
19384-0900-11.zip,202202141041,’†‹–€ŒSº˜a’¬¼ğ,1426,,
19384-0900-11.zip,202202141041,’†‹–€ŒSº˜a’¬¼ğ,1592-23,,
19384-0900-11.zip,202202141041,’†‹–€ŒSº˜a’¬¼ğ,…-267,,
19384-0900-11.zip,202202141041,’†‹–€ŒSº˜a’¬¼ğ,1592-24,,
19384-0900-11.zip,202202141041,’†‹–€ŒSº˜a’¬¼ğ,“¹-184,,
19384-0900-11.zip,202202141041,’†‹–€ŒSº˜a’¬¼ğ,1588-6,,
19384-0900-11.zip,202202141041,’†‹–€ŒSº˜a’¬¼ğ,1602-5,,
19384-0900-11.zip,202202141041,’†‹–€ŒSº˜a’¬¼ğ,1602-6,,
19384-0900-11.zip,202202141041,’†‹–€ŒSº˜a’¬¼ğ,1602-7,,
19384-0900-11.zip,202202141041,’†‹–€ŒSº˜a’¬¼ğ,1602-4,,
19384-0900-11.zip,202202141041,’†‹–€ŒSº˜a’¬¼ğ,1602-22,,
19384-0900-11.zip,202202141041,’†‹–€ŒSº˜a’¬¼ğ,1602-23,,
19384-0900-11.zip,202202141041,’†‹–€ŒSº˜a’¬¼ğ,1602-26,,
19384-0900-11.zip,202202141041,’†‹–€ŒSº˜a’¬¼ğ,1602-8,,
19384-0900-11.zip,202202141041,’†‹–€ŒSº˜a’¬¼ğ,1602-9,,
19384-0900-11.zip,202202141041,’†‹–€ŒSº˜a’¬¼ğ,1602-12,,
19384-0900-11.zip,202202141041,’†‹–€ŒSº˜a’¬¼ğ,1602-11,,
19384-0900-11.zip,202202141041,’†‹–€ŒSº˜a’¬¼ğ,1602-3,,
19384-0900-11.zip,202202141041,’†‹–€ŒSº˜a’¬¼ğ,1602-10,,
19384-0900-11.zip,202202141041,’†‹–€ŒSº˜a’¬¼ğ,1602-17,,
19384-0900-11.zip,202202141041,’†‹–€ŒSº˜a’¬¼ğ,1602-16,,
19384-0900-11.zip,202202141041,’†‹–€ŒSº˜a’¬¼ğ,1602-1,,
19384-0900-11.zip,202202141041,’†‹–€ŒSº˜a’¬¼ğ,1602-13,,
19384-0900-11.zip,202202141041,’†‹–€ŒSº˜a’¬¼ğ,1602-15,,
19384-0900-11.zip,202202141041,’†‹–€ŒSº˜a’¬¼ğ,1602-25,,
19384-0900-11.zip,202202141041,’†‹–€ŒSº˜a’¬¼ğ,1602-18,,
19384-0900-11.zip,202202141041,’†‹–€ŒSº˜a’¬¼ğ,1602-14,,
19384-0900-11.zip,202202141041,’†‹–€ŒSº˜a’¬¼ğ,1602-20,,
19384-0900-11.zip,202202141041,’†‹–€ŒSº˜a’¬¼ğ,1602-19,,
19384-0900-11.zip,202202141041,’†‹–€ŒSº˜a’¬¼ğ,1602-21,,
19384-0900-11.zip,202202141041,’†‹–€ŒSº˜a’¬¼ğ,1602-24,,
19384-0900-11.zip,202202141041,’†‹–€ŒSº˜a’¬¼ğ,…-163,,
19384-0900-11.zip,202202141041,’†‹–€ŒSº˜a’¬¼ğ,“¹-121,,
19384-0900-11.zip,202202141041,’†‹–€ŒSº˜a’¬¼ğ,…-64,,
19384-0900-11.zip,202202141041,’†‹–€ŒSº˜a’¬¼ğ,1601,,
19384-0900-11.zip,202202141041,’†‹–€ŒSº˜a’¬¼ğ,1600-1,,
19384-0900-11.zip,202202141041,’†‹–€ŒSº˜a’¬¼ğ,…-14315362,,
19384-0900-11.zip,202202141041,’†‹–€ŒSº˜a’¬¼ğ,1592-25,,
19384-0900-11.zip,202202141041,’†‹–€ŒSº˜a’¬¼ğ,1413-20,,
19384-0900-11.zip,202202141041,’†‹–€ŒSº˜a’¬¼ğ,1430-3,,
19384-0900-11.zip,202202141041,’†‹–€ŒSº˜a’¬¼ğ,1592-15,,
19384-0900-11.zip,202202141041,’†‹–€ŒSº˜a’¬¼ğ,“¹-14,,
19384-0900-11.zip,202202141041,’†‹–€ŒSº˜a’¬¼ğ,1592-3,,
19384-0900-11.zip,202202141041,’†‹–€ŒSº˜a’¬¼ğ,’·‹·•¨•s–¾-31,,
19384-0900-11.zip,202202141041,’†‹–€ŒSº˜a’¬¼ğ,1270-6,,
19384-0900-11.zip,202202141041,’†‹–€ŒSº˜a’¬¼ğ,1610-1,,
19384-0900-11.zip,202202141041,’†‹–€ŒSº˜a’¬¼ğ,1610-8,,
19384-0900-11.zip,202202141041,’†‹–€ŒSº˜a’¬¼ğ,836-1,,
19384-0900-11.zip,202202141041,’†‹–€ŒSº˜a’¬¼ğ,836-2,,
19384-0900-11.zip,202202141041,’†‹–€ŒSº˜a’¬¼ğ,…-180,,
19384-0900-11.zip,202202141041,’†‹–€ŒSº˜a’¬¼ğ,837,,
19384-0900-12.zip,202202141041,’†‹–€ŒSº˜a’¬´…V‹,1-1,,
19384-0900-12.zip,202202141041,’†‹–€ŒSº˜a’¬´…V‹,1-4,,
19384-0900-12.zip,202202141041,’†‹–€ŒSº˜a’¬´…V‹,1-8,,
19384-0900-12.zip,202202141041,’†‹–€ŒSº˜a’¬´…V‹,5-1,,
19384-0900-12.zip,202202141041,’†‹–€ŒSº˜a’¬´…V‹,5-2,,
19384-0900-12.zip,202202141041,’†‹–€ŒSº˜a’¬´…V‹,5-7,,
19384-0900-12.zip,202202141041,’†‹–€ŒSº˜a’¬´…V‹,6-1,,
19384-0900-12.zip,202202141041,’†‹–€ŒSº˜a’¬´…V‹,16-2,,
19384-0900-12.zip,202202141041,’†‹–€ŒSº˜a’¬´…V‹,16-3,,
19384-0900-12.zip,202202141041,’†‹–€ŒSº˜a’¬´…V‹,16-4,,
19384-0900-12.zip,202202141041,’†‹–€ŒSº˜a’¬´…V‹,16-5,,
19384-0900-12.zip,202202141041,’†‹–€ŒSº˜a’¬´…V‹,16-6,,
19384-0900-12.zip,202202141041,’†‹–€ŒSº˜a’¬´…V‹,16-7,,
19384-0900-12.zip,202202141041,’†‹–€ŒSº˜a’¬´…V‹,16-8,,
19384-0900-12.zip,202202141041,’†‹–€ŒSº˜a’¬´…V‹,16-9,,
19384-0900-12.zip,202202141041,’†‹–€ŒSº˜a’¬´…V‹,16-10,,
19384-0900-12.zip,202202141041,’†‹–€ŒSº˜a’¬´…V‹,16-11,,
19384-0900-12.zip,202202141041,’†‹–€ŒSº˜a’¬´…V‹,16-12,,
19384-0900-12.zip,202202141041,’†‹–€ŒSº˜a’¬´…V‹,16-13,,
19384-0900-12.zip,202202141041,’†‹–€ŒSº˜a’¬´…V‹,16-14,,
19384-0900-12.zip,202202141041,’†‹–€ŒSº˜a’¬´…V‹,16-15,,
19384-0900-12.zip,202202141041,’†‹–€ŒSº˜a’¬´…V‹,16-16,,
19384-0900-12.zip,202202141041,’†‹–€ŒSº˜a’¬´…V‹,16-17,,
19384-0900-12.zip,202202141041,’†‹–€ŒSº˜a’¬´…V‹,21-1,,
19384-0900-12.zip,202202141041,’†‹–€ŒSº˜a’¬´…V‹,21-2,,
19384-0900-12.zip,202202141041,’†‹–€ŒSº˜a’¬´…V‹,21-4,,
19384-0900-12.zip,202202141041,’†‹–€ŒSº˜a’¬´…V‹,22-1,,
19384-0900-12.zip,202202141041,’†‹–€ŒSº˜a’¬´…V‹,22-2,,
19384-0900-12.zip,202202141041,’†‹–€ŒSº˜a’¬´…V‹,22-3,,
19384-0900-12.zip,202202141041,’†‹–€ŒSº˜a’¬´…V‹,22-4,,
19384-0900-12.zip,202202141041,’†‹–€ŒSº˜a’¬´…V‹,25-2,,
19384-0900-12.zip,202202141041,’†‹–€ŒSº˜a’¬´…V‹,26-2,,
19384-0900-12.zip,202202141041,’†‹–€ŒSº˜a’¬´…V‹,26-3,,
19384-0900-12.zip,202202141041,’†‹–€ŒSº˜a’¬´…V‹,27-2,,
19384-0900-12.zip,202202141041,’†‹–€ŒSº˜a’¬´…V‹,27-4,,
19384-0900-12.zip,202202141041,’†‹–€ŒSº˜a’¬´…V‹,28-3,,
19384-0900-12.zip,202202141041,’†‹–€ŒSº˜a’¬´…V‹,29-1,,
19384-0900-12.zip,202202141041,’†‹–€ŒSº˜a’¬´…V‹,29-2,,
19384-0900-12.zip,202202141041,’†‹–€ŒSº˜a’¬´…V‹,29-3,,
19384-0900-12.zip,202202141041,’†‹–€ŒSº˜a’¬´…V‹,31-1,,
19384-0900-12.zip,202202141041,’†‹–€ŒSº˜a’¬´…V‹,31-2,,
19384-0900-12.zip,202202141041,’†‹–€ŒSº˜a’¬´…V‹,34,,
19384-0900-12.zip,202202141041,’†‹–€ŒSº˜a’¬´…V‹,35,,
19384-0900-12.zip,202202141041,’†‹–€ŒSº˜a’¬´…V‹,38-1,,
19384-0900-12.zip,202202141041,’†‹–€ŒSº˜a’¬´…V‹,39-3,,
19384-0900-12.zip,202202141041,’†‹–€ŒSº˜a’¬´…V‹,39-4,,
19384-0900-12.zip,202202141041,’†‹–€ŒSº˜a’¬´…V‹,46-1,,
19384-0900-12.zip,202202141041,’†‹–€ŒSº˜a’¬´…V‹,46-2,,
19384-0900-12.zip,202202141041,’†‹–€ŒSº˜a’¬´…V‹,46-3,,
19384-0900-12.zip,202202141041,’†‹–€ŒSº˜a’¬´…V‹,46-4,,
19384-0900-12.zip,202202141041,’†‹–€ŒSº˜a’¬´…V‹,47-1,,
19384-0900-12.zip,202202141041,’†‹–€ŒSº˜a’¬´…V‹,47-3,,
19384-0900-12.zip,202202141041,’†‹–€ŒSº˜a’¬´…V‹,48-1,,
19384-0900-12.zip,202202141041,’†‹–€ŒSº˜a’¬´…V‹,48-3,,
19384-0900-12.zip,202202141041,’†‹–€ŒSº˜a’¬´…V‹,53-1,,
19384-0900-12.zip,202202141041,’†‹–€ŒSº˜a’¬´…V‹,59-1,,
19384-0900-12.zip,202202141041,’†‹–€ŒSº˜a’¬´…V‹,59-4,,
19384-0900-12.zip,202202141041,’†‹–€ŒSº˜a’¬´…V‹,59-11,,
19384-0900-12.zip,202202141041,’†‹–€ŒSº˜a’¬´…V‹,59-13,,
19384-0900-12.zip,202202141041,’†‹–€ŒSº˜a’¬´…V‹,66-1,,
19384-0900-12.zip,202202141041,’†‹–€ŒSº˜a’¬´…V‹,66-2,,
19384-0900-12.zip,202202141041,’†‹–€ŒSº˜a’¬´…V‹,66-5,,
19384-0900-12.zip,202202141041,’†‹–€ŒSº˜a’¬´…V‹,66-8,,
19384-0900-12.zip,202202141041,’†‹–€ŒSº˜a’¬´…V‹,66-9,,
19384-0900-12.zip,202202141041,’†‹–€ŒSº˜a’¬´…V‹,66-10,,
19384-0900-12.zip,202202141041,’†‹–€ŒSº˜a’¬´…V‹,66-12,,
19384-0900-12.zip,202202141041,’†‹–€ŒSº˜a’¬´…V‹,66-22,,
19384-0900-12.zip,202202141041,’†‹–€ŒSº˜a’¬´…V‹,68-1,,
19384-0900-12.zip,202202141041,’†‹–€ŒSº˜a’¬´…V‹,68-3,,
19384-0900-12.zip,202202141041,’†‹–€ŒSº˜a’¬´…V‹,68-4,,
19384-0900-12.zip,202202141041,’†‹–€ŒSº˜a’¬´…V‹,69-1,,
19384-0900-12.zip,202202141041,’†‹–€ŒSº˜a’¬´…V‹,69-2,,
19384-0900-12.zip,202202141041,’†‹–€ŒSº˜a’¬´…V‹,69-4,,
19384-0900-12.zip,202202141041,’†‹–€ŒSº˜a’¬´…V‹,69-5,,
19384-0900-12.zip,202202141041,’†‹–€ŒSº˜a’¬´…V‹,69-6,,
19384-0900-12.zip,202202141041,’†‹–€ŒSº˜a’¬´…V‹,69-7,,
19384-0900-12.zip,202202141041,’†‹–€ŒSº˜a’¬´…V‹,72-1,,
19384-0900-12.zip,202202141041,’†‹–€ŒSº˜a’¬´…V‹,72-2,,
19384-0900-12.zip,202202141041,’†‹–€ŒSº˜a’¬´…V‹,72-3,,
19384-0900-12.zip,202202141041,’†‹–€ŒSº˜a’¬´…V‹,74-1,,
19384-0900-12.zip,202202141041,’†‹–€ŒSº˜a’¬´…V‹,74-2,,
19384-0900-12.zip,202202141041,’†‹–€ŒSº˜a’¬´…V‹,75-1,,
19384-0900-12.zip,202202141041,’†‹–€ŒSº˜a’¬´…V‹,75-2,,
19384-0900-12.zip,202202141041,’†‹–€ŒSº˜a’¬´…V‹,76-1,,
19384-0900-12.zip,202202141041,’†‹–€ŒSº˜a’¬´…V‹,76-2,,
19384-0900-12.zip,202202141041,’†‹–€ŒSº˜a’¬´…V‹,78,,
19384-0900-12.zip,202202141041,’†‹–€ŒSº˜a’¬´…V‹,78-2,,
19384-0900-12.zip,202202141041,’†‹–€ŒSº˜a’¬´…V‹,79-1,,
19384-0900-12.zip,202202141041,’†‹–€ŒSº˜a’¬´…V‹,79-2,,
19384-0900-12.zip,202202141041,’†‹–€ŒSº˜a’¬´…V‹,82-1,,
19384-0900-12.zip,202202141041,’†‹–€ŒSº˜a’¬´…V‹,82-2,,
19384-0900-12.zip,202202141041,’†‹–€ŒSº˜a’¬´…V‹,82-3,,
19384-0900-12.zip,202202141041,’†‹–€ŒSº˜a’¬´…V‹,83-1,,
19384-0900-12.zip,202202141041,’†‹–€ŒSº˜a’¬´…V‹,83-2,,
19384-0900-12.zip,202202141041,’†‹–€ŒSº˜a’¬´…V‹,83-3,,
19384-0900-12.zip,202202141041,’†‹–€ŒSº˜a’¬´…V‹,87,,
19384-0900-12.zip,202202141041,’†‹–€ŒSº˜a’¬´…V‹,87-2,,
19384-0900-12.zip,202202141041,’†‹–€ŒSº˜a’¬´…V‹,89-1,,
19384-0900-12.zip,202202141041,’†‹–€ŒSº˜a’¬´…V‹,89-2,,
19384-0900-12.zip,202202141041,’†‹–€ŒSº˜a’¬´…V‹,90-1,,
19384-0900-12.zip,202202141041,’†‹–€ŒSº˜a’¬´…V‹,90-2,,
19384-0900-12.zip,202202141041,’†‹–€ŒSº˜a’¬´…V‹,91-2,,
19384-0900-12.zip,202202141041,’†‹–€ŒSº˜a’¬´…V‹,91-3,,
19384-0900-12.zip,202202141041,’†‹–€ŒSº˜a’¬´…V‹,91-4,,
19384-0900-12.zip,202202141041,’†‹–€ŒSº˜a’¬´…V‹,91-5,,
19384-0900-12.zip,202202141041,’†‹–€ŒSº˜a’¬´…V‹,91-6,,
19384-0900-12.zip,202202141041,’†‹–€ŒSº˜a’¬´…V‹,91-8,,
19384-0900-12.zip,202202141041,’†‹–€ŒSº˜a’¬´…V‹,91-9,,
19384-0900-12.zip,202202141041,’†‹–€ŒSº˜a’¬´…V‹,95-2,,
19384-0900-12.zip,202202141041,’†‹–€ŒSº˜a’¬´…V‹,95-4,,
19384-0900-12.zip,202202141041,’†‹–€ŒSº˜a’¬´…V‹,100-1,,
19384-0900-12.zip,202202141041,’†‹–€ŒSº˜a’¬´…V‹,100-4,,
19384-0900-12.zip,202202141041,’†‹–€ŒSº˜a’¬´…V‹,100-5,,
19384-0900-12.zip,202202141041,’†‹–€ŒSº˜a’¬´…V‹,100-7,,
19384-0900-12.zip,202202141041,’†‹–€ŒSº˜a’¬´…V‹,100-10,,
19384-0900-12.zip,202202141041,’†‹–€ŒSº˜a’¬´…V‹,100-12,,
19384-0900-12.zip,202202141041,’†‹–€ŒSº˜a’¬´…V‹,100-16,,
19384-0900-12.zip,202202141041,’†‹–€ŒSº˜a’¬´…V‹,102-1,,
19384-0900-12.zip,202202141041,’†‹–€ŒSº˜a’¬´…V‹,102-6,,
19384-0900-12.zip,202202141041,’†‹–€ŒSº˜a’¬´…V‹,102-7,,
19384-0900-12.zip,202202141041,’†‹–€ŒSº˜a’¬´…V‹,102-8,,
19384-0900-12.zip,202202141041,’†‹–€ŒSº˜a’¬´…V‹,102-9,,
19384-0900-12.zip,202202141041,’†‹–€ŒSº˜a’¬´…V‹,102-10,,
19384-0900-12.zip,202202141041,’†‹–€ŒSº˜a’¬´…V‹,102-11,,
19384-0900-12.zip,202202141041,’†‹–€ŒSº˜a’¬´…V‹,104-2,,
19384-0900-12.zip,202202141041,’†‹–€ŒSº˜a’¬´…V‹,106,,
19384-0900-12.zip,202202141041,’†‹–€ŒSº˜a’¬´…V‹,108,,
19384-0900-12.zip,202202141041,’†‹–€ŒSº˜a’¬´…V‹,114-1,,
19384-0900-12.zip,202202141041,’†‹–€ŒSº˜a’¬´…V‹,114-2,,
19384-0900-12.zip,202202141041,’†‹–€ŒSº˜a’¬´…V‹,114-3,,
19384-0900-12.zip,202202141041,’†‹–€ŒSº˜a’¬´…V‹,115-2,,
19384-0900-12.zip,202202141041,’†‹–€ŒSº˜a’¬´…V‹,116-2,,
19384-0900-12.zip,202202141041,’†‹–€ŒSº˜a’¬´…V‹,116-3,,
19384-0900-12.zip,202202141041,’†‹–€ŒSº˜a’¬´…V‹,116-7,,
19384-0900-12.zip,202202141041,’†‹–€ŒSº˜a’¬´…V‹,121,,
19384-0900-12.zip,202202141041,’†‹–€ŒSº˜a’¬´…V‹,121-2,,
19384-0900-12.zip,202202141041,’†‹–€ŒSº˜a’¬´…V‹,122-1,,
19384-0900-12.zip,202202141041,’†‹–€ŒSº˜a’¬´…V‹,123-1,,
19384-0900-12.zip,202202141041,’†‹–€ŒSº˜a’¬´…V‹,124,,
19384-0900-12.zip,202202141041,’†‹–€ŒSº˜a’¬´…V‹,124-2,,
19384-0900-12.zip,202202141041,’†‹–€ŒSº˜a’¬´…V‹,134-1,,
19384-0900-12.zip,202202141041,’†‹–€ŒSº˜a’¬´…V‹,134-3,,
19384-0900-12.zip,202202141041,’†‹–€ŒSº˜a’¬´…V‹,139-1,,
19384-0900-12.zip,202202141041,’†‹–€ŒSº˜a’¬´…V‹,140-2,,
19384-0900-12.zip,202202141041,’†‹–€ŒSº˜a’¬´…V‹,141,,
19384-0900-12.zip,202202141041,’†‹–€ŒSº˜a’¬´…V‹,141-2,,
19384-0900-12.zip,202202141041,’†‹–€ŒSº˜a’¬´…V‹,143,,
19384-0900-12.zip,202202141041,’†‹–€ŒSº˜a’¬´…V‹,143-2,,
19384-0900-12.zip,202202141041,’†‹–€ŒSº˜a’¬´…V‹,144-1,,
19384-0900-12.zip,202202141041,’†‹–€ŒSº˜a’¬´…V‹,144-5,,
19384-0900-12.zip,202202141041,’†‹–€ŒSº˜a’¬´…V‹,144-6,,
19384-0900-12.zip,202202141041,’†‹–€ŒSº˜a’¬´…V‹,144-7,,
19384-0900-12.zip,202202141041,’†‹–€ŒSº˜a’¬´…V‹,145-2,,
19384-0900-12.zip,202202141041,’†‹–€ŒSº˜a’¬´…V‹,145-10,,
19384-0900-12.zip,202202141041,’†‹–€ŒSº˜a’¬´…V‹,145-12,,
19384-0900-12.zip,202202141041,’†‹–€ŒSº˜a’¬´…V‹,145-15,,
19384-0900-12.zip,202202141041,’†‹–€ŒSº˜a’¬´…V‹,148-1,,
19384-0900-12.zip,202202141041,’†‹–€ŒSº˜a’¬´…V‹,149,,
19384-0900-12.zip,202202141041,’†‹–€ŒSº˜a’¬´…V‹,150-1,,
19384-0900-12.zip,202202141041,’†‹–€ŒSº˜a’¬´…V‹,150-2,,
19384-0900-12.zip,202202141041,’†‹–€ŒSº˜a’¬´…V‹,150-3,,
19384-0900-12.zip,202202141041,’†‹–€ŒSº˜a’¬´…V‹,150-4,,
19384-0900-12.zip,202202141041,’†‹–€ŒSº˜a’¬´…V‹,151,,
19384-0900-12.zip,202202141041,’†‹–€ŒSº˜a’¬´…V‹,152-1,,
19384-0900-12.zip,202202141041,’†‹–€ŒSº˜a’¬´…V‹,152-2,,
19384-0900-12.zip,202202141041,’†‹–€ŒSº˜a’¬´…V‹,152-3,,
19384-0900-12.zip,202202141041,’†‹–€ŒSº˜a’¬´…V‹,153-1,,
19384-0900-12.zip,202202141041,’†‹–€ŒSº˜a’¬´…V‹,153-2,,
19384-0900-12.zip,202202141041,’†‹–€ŒSº˜a’¬´…V‹,154-1,,
19384-0900-12.zip,202202141041,’†‹–€ŒSº˜a’¬´…V‹,154-2,,
19384-0900-12.zip,202202141041,’†‹–€ŒSº˜a’¬´…V‹,154-3,,
19384-0900-12.zip,202202141041,’†‹–€ŒSº˜a’¬´…V‹,155-1,,
19384-0900-12.zip,202202141041,’†‹–€ŒSº˜a’¬´…V‹,155-2,,
19384-0900-12.zip,202202141041,’†‹–€ŒSº˜a’¬´…V‹,155-3,,
19384-0900-12.zip,202202141041,’†‹–€ŒSº˜a’¬´…V‹,155-4,,
19384-0900-12.zip,202202141041,’†‹–€ŒSº˜a’¬´…V‹,156-2,,
19384-0900-12.zip,202202141041,’†‹–€ŒSº˜a’¬´…V‹,161-1,,
19384-0900-12.zip,202202141041,’†‹–€ŒSº˜a’¬´…V‹,161-5,,
19384-0900-12.zip,202202141041,’†‹–€ŒSº˜a’¬´…V‹,163-2,,
19384-0900-12.zip,202202141041,’†‹–€ŒSº˜a’¬´…V‹,163-3,,
19384-0900-12.zip,202202141041,’†‹–€ŒSº˜a’¬´…V‹,163-5,,
19384-0900-12.zip,202202141041,’†‹–€ŒSº˜a’¬´…V‹,166-5,,
19384-0900-12.zip,202202141041,’†‹–€ŒSº˜a’¬´…V‹,166-7,,
19384-0900-12.zip,202202141041,’†‹–€ŒSº˜a’¬´…V‹,166-8,,
19384-0900-12.zip,202202141041,’†‹–€ŒSº˜a’¬´…V‹,169-1,,
19384-0900-12.zip,202202141041,’†‹–€ŒSº˜a’¬´…V‹,169-2,,
19384-0900-12.zip,202202141041,’†‹–€ŒSº˜a’¬´…V‹,173-3,,
19384-0900-12.zip,202202141041,’†‹–€ŒSº˜a’¬´…V‹,173-8,,
19384-0900-12.zip,202202141041,’†‹–€ŒSº˜a’¬´…V‹,175-2,,
19384-0900-12.zip,202202141041,’†‹–€ŒSº˜a’¬´…V‹,175-3,,
19384-0900-12.zip,202202141041,’†‹–€ŒSº˜a’¬´…V‹,175-7,,
19384-0900-12.zip,202202141041,’†‹–€ŒSº˜a’¬´…V‹,175-8,,
19384-0900-12.zip,202202141041,’†‹–€ŒSº˜a’¬´…V‹,175-9,,
19384-0900-12.zip,202202141041,’†‹–€ŒSº˜a’¬´…V‹,180-5,,
19384-0900-12.zip,202202141041,’†‹–€ŒSº˜a’¬´…V‹,180-6,,
19384-0900-12.zip,202202141041,’†‹–€ŒSº˜a’¬´…V‹,181-3,,
19384-0900-12.zip,202202141041,’†‹–€ŒSº˜a’¬´…V‹,181-4,,
19384-0900-12.zip,202202141041,’†‹–€ŒSº˜a’¬´…V‹,182-3,,
19384-0900-12.zip,202202141041,’†‹–€ŒSº˜a’¬´…V‹,188,,
19384-0900-12.zip,202202141041,’†‹–€ŒSº˜a’¬´…V‹,189,,
19384-0900-12.zip,202202141041,’†‹–€ŒSº˜a’¬´…V‹,“¹-1,,
19384-0900-12.zip,202202141041,’†‹–€ŒSº˜a’¬´…V‹,“¹-4,,
19384-0900-12.zip,202202141041,’†‹–€ŒSº˜a’¬´…V‹,“¹-10,,
19384-0900-12.zip,202202141041,’†‹–€ŒSº˜a’¬´…V‹,“¹-12,,
19384-0900-12.zip,202202141041,’†‹–€ŒSº˜a’¬´…V‹,“¹-14,,
19384-0900-12.zip,202202141041,’†‹–€ŒSº˜a’¬´…V‹,“¹-16,,
19384-0900-12.zip,202202141041,’†‹–€ŒSº˜a’¬´…V‹,“¹-19,,
19384-0900-12.zip,202202141041,’†‹–€ŒSº˜a’¬´…V‹,“¹-20,,
19384-0900-12.zip,202202141041,’†‹–€ŒSº˜a’¬´…V‹,“¹-21,,
19384-0900-12.zip,202202141041,’†‹–€ŒSº˜a’¬´…V‹,“¹-22,,
19384-0900-12.zip,202202141041,’†‹–€ŒSº˜a’¬´…V‹,“¹-23,,
19384-0900-12.zip,202202141041,’†‹–€ŒSº˜a’¬´…V‹,“¹-24,,
19384-0900-12.zip,202202141041,’†‹–€ŒSº˜a’¬´…V‹,“¹-25,,
19384-0900-12.zip,202202141041,’†‹–€ŒSº˜a’¬´…V‹,“¹-26,,
19384-0900-12.zip,202202141041,’†‹–€ŒSº˜a’¬´…V‹,“¹-27,,
19384-0900-12.zip,202202141041,’†‹–€ŒSº˜a’¬´…V‹,“¹-28,,
19384-0900-12.zip,202202141041,’†‹–€ŒSº˜a’¬´…V‹,“¹-29,,
19384-0900-12.zip,202202141041,’†‹–€ŒSº˜a’¬´…V‹,“¹-59,,
19384-0900-12.zip,202202141041,’†‹–€ŒSº˜a’¬´…V‹,“¹-62,,
19384-0900-12.zip,202202141041,’†‹–€ŒSº˜a’¬´…V‹,“¹-79,,
19384-0900-12.zip,202202141041,’†‹–€ŒSº˜a’¬´…V‹,“¹-80,,
19384-0900-12.zip,202202141041,’†‹–€ŒSº˜a’¬´…V‹,“¹-84,,
19384-0900-12.zip,202202141041,’†‹–€ŒSº˜a’¬´…V‹,“¹-87,,
19384-0900-12.zip,202202141041,’†‹–€ŒSº˜a’¬´…V‹,“¹-96,,
19384-0900-12.zip,202202141041,’†‹–€ŒSº˜a’¬´…V‹,“¹-105,,
19384-0900-12.zip,202202141041,’†‹–€ŒSº˜a’¬´…V‹,…-30-2,,
19384-0900-12.zip,202202141041,’†‹–€ŒSº˜a’¬´…V‹,…-74,,
19384-0900-12.zip,202202141041,’†‹–€ŒSº˜a’¬´…V‹,…-81,,
19384-0900-12.zip,202202141041,’†‹–€ŒSº˜a’¬´…V‹,…-81-1,,
19384-0900-12.zip,202202141041,’†‹–€ŒSº˜a’¬´…V‹,190-1,,
19384-0900-12.zip,202202141041,’†‹–€ŒSº˜a’¬´…V‹,190-3,,
19384-0900-12.zip,202202141041,’†‹–€ŒSº˜a’¬´…V‹,191-1,,
19384-0900-12.zip,202202141041,’†‹–€ŒSº˜a’¬´…V‹,191-2,,
19384-0900-12.zip,202202141041,’†‹–€ŒSº˜a’¬´…V‹,191-4,,
19384-0900-12.zip,202202141041,’†‹–€ŒSº˜a’¬´…V‹,191-5,,
19384-0900-12.zip,202202141041,’†‹–€ŒSº˜a’¬´…V‹,191-6,,
19384-0900-12.zip,202202141041,’†‹–€ŒSº˜a’¬´…V‹,192-1,,
19384-0900-12.zip,202202141041,’†‹–€ŒSº˜a’¬´…V‹,192-3,,
19384-0900-12.zip,202202141041,’†‹–€ŒSº˜a’¬´…V‹,193-2,,
19384-0900-12.zip,202202141041,’†‹–€ŒSº˜a’¬´…V‹,194-1,,
19384-0900-12.zip,202202141041,’†‹–€ŒSº˜a’¬´…V‹,194-2,,
19384-0900-12.zip,202202141041,’†‹–€ŒSº˜a’¬´…V‹,195-2,,
19384-0900-12.zip,202202141041,’†‹–€ŒSº˜a’¬´…V‹,196-1,,
19384-0900-12.zip,202202141041,’†‹–€ŒSº˜a’¬´…V‹,196-2,,
19384-0900-12.zip,202202141041,’†‹–€ŒSº˜a’¬´…V‹,196-3,,
19384-0900-12.zip,202202141041,’†‹–€ŒSº˜a’¬´…V‹,196-4,,
19384-0900-12.zip,202202141041,’†‹–€ŒSº˜a’¬´…V‹,196-5,,
19384-0900-12.zip,202202141041,’†‹–€ŒSº˜a’¬´…V‹,197-1,,
19384-0900-12.zip,202202141041,’†‹–€ŒSº˜a’¬´…V‹,197-2,,
19384-0900-12.zip,202202141041,’†‹–€ŒSº˜a’¬´…V‹,198-1,,
19384-0900-12.zip,202202141041,’†‹–€ŒSº˜a’¬´…V‹,198-2,,
19384-0900-12.zip,202202141041,’†‹–€ŒSº˜a’¬´…V‹,198-3,,
19384-0900-12.zip,202202141041,’†‹–€ŒSº˜a’¬´…V‹,198-4,,
19384-0900-12.zip,202202141041,’†‹–€ŒSº˜a’¬´…V‹,198-5,,
19384-0900-12.zip,202202141041,’†‹–€ŒSº˜a’¬´…V‹,198-6,,
19384-0900-12.zip,202202141041,’†‹–€ŒSº˜a’¬´…V‹,198-7,,
19384-0900-12.zip,202202141041,’†‹–€ŒSº˜a’¬´…V‹,198-8,,
19384-0900-12.zip,202202141041,’†‹–€ŒSº˜a’¬´…V‹,198-9,,
19384-0900-12.zip,202202141041,’†‹–€ŒSº˜a’¬´…V‹,198-10,,
19384-0900-12.zip,202202141041,’†‹–€ŒSº˜a’¬´…V‹,198-11,,
19384-0900-12.zip,202202141041,’†‹–€ŒSº˜a’¬´…V‹,198-12,,
19384-0900-12.zip,202202141041,’†‹–€ŒSº˜a’¬´…V‹,201-1,,
19384-0900-12.zip,202202141041,’†‹–€ŒSº˜a’¬´…V‹,201-2,,
19384-0900-12.zip,202202141041,’†‹–€ŒSº˜a’¬´…V‹,201-3,,
19384-0900-12.zip,202202141041,’†‹–€ŒSº˜a’¬´…V‹,201-4,,
19384-0900-12.zip,202202141041,’†‹–€ŒSº˜a’¬´…V‹,201-5,,
19384-0900-12.zip,202202141041,’†‹–€ŒSº˜a’¬´…V‹,201-6,,
19384-0900-12.zip,202202141041,’†‹–€ŒSº˜a’¬´…V‹,201-7,,
19384-0900-12.zip,202202141041,’†‹–€ŒSº˜a’¬´…V‹,201-8,,
19384-0900-12.zip,202202141041,’†‹–€ŒSº˜a’¬´…V‹,201-9,,
19384-0900-12.zip,202202141041,’†‹–€ŒSº˜a’¬´…V‹,201-10,,
19384-0900-12.zip,202202141041,’†‹–€ŒSº˜a’¬´…V‹,202-1,,
19384-0900-12.zip,202202141041,’†‹–€ŒSº˜a’¬´…V‹,202-2,,
19384-0900-12.zip,202202141041,’†‹–€ŒSº˜a’¬´…V‹,202-3,,
19384-0900-12.zip,202202141041,’†‹–€ŒSº˜a’¬´…V‹,202-4,,
19384-0900-12.zip,202202141041,’†‹–€ŒSº˜a’¬´…V‹,203-1,,
19384-0900-12.zip,202202141041,’†‹–€ŒSº˜a’¬´…V‹,203-2,,
19384-0900-12.zip,202202141041,’†‹–€ŒSº˜a’¬´…V‹,203-3,,
19384-0900-12.zip,202202141041,’†‹–€ŒSº˜a’¬´…V‹,203-4,,
19384-0900-12.zip,202202141041,’†‹–€ŒSº˜a’¬´…V‹,204-1,,
19384-0900-12.zip,202202141041,’†‹–€ŒSº˜a’¬´…V‹,204-2,,
19384-0900-12.zip,202202141041,’†‹–€ŒSº˜a’¬´…V‹,215-2,,
19384-0900-12.zip,202202141041,’†‹–€ŒSº˜a’¬´…V‹,216-1,,
19384-0900-12.zip,202202141041,’†‹–€ŒSº˜a’¬´…V‹,228-2,,
19384-0900-12.zip,202202141041,’†‹–€ŒSº˜a’¬´…V‹,228-3,,
19384-0900-12.zip,202202141041,’†‹–€ŒSº˜a’¬´…V‹,228-4,,
19384-0900-12.zip,202202141041,’†‹–€ŒSº˜a’¬´…V‹,228-6,,
19384-0900-12.zip,202202141041,’†‹–€ŒSº˜a’¬´…V‹,229-3,,
19384-0900-12.zip,202202141041,’†‹–€ŒSº˜a’¬´…V‹,229-4,,
19384-0900-12.zip,202202141041,’†‹–€ŒSº˜a’¬´…V‹,230-1,,
19384-0900-12.zip,202202141041,’†‹–€ŒSº˜a’¬´…V‹,230-2,,
19384-0900-12.zip,202202141041,’†‹–€ŒSº˜a’¬´…V‹,230-4,,
19384-0900-12.zip,202202141041,’†‹–€ŒSº˜a’¬´…V‹,230-6,,
19384-0900-12.zip,202202141041,’†‹–€ŒSº˜a’¬´…V‹,230-7,,
19384-0900-12.zip,202202141041,’†‹–€ŒSº˜a’¬´…V‹,230-9,,
19384-0900-12.zip,202202141041,’†‹–€ŒSº˜a’¬´…V‹,230-11,,
19384-0900-12.zip,202202141041,’†‹–€ŒSº˜a’¬´…V‹,232-1,,
19384-0900-12.zip,202202141041,’†‹–€ŒSº˜a’¬´…V‹,232-2,,
19384-0900-12.zip,202202141041,’†‹–€ŒSº˜a’¬´…V‹,235-2,,
19384-0900-12.zip,202202141041,’†‹–€ŒSº˜a’¬´…V‹,236-3,,
19384-0900-12.zip,202202141041,’†‹–€ŒSº˜a’¬´…V‹,239-1,,
19384-0900-12.zip,202202141041,’†‹–€ŒSº˜a’¬´…V‹,239-2,,
19384-0900-12.zip,202202141041,’†‹–€ŒSº˜a’¬´…V‹,240-2,,
19384-0900-12.zip,202202141041,’†‹–€ŒSº˜a’¬´…V‹,241-1,,
19384-0900-12.zip,202202141041,’†‹–€ŒSº˜a’¬´…V‹,241-3,,
19384-0900-12.zip,202202141041,’†‹–€ŒSº˜a’¬´…V‹,241-4,,
19384-0900-12.zip,202202141041,’†‹–€ŒSº˜a’¬´…V‹,241-5,,
19384-0900-12.zip,202202141041,’†‹–€ŒSº˜a’¬´…V‹,241-6,,
19384-0900-12.zip,202202141041,’†‹–€ŒSº˜a’¬´…V‹,243-1,,
19384-0900-12.zip,202202141041,’†‹–€ŒSº˜a’¬´…V‹,246,,
19384-0900-12.zip,202202141041,’†‹–€ŒSº˜a’¬´…V‹,247-3,,
19384-0900-12.zip,202202141041,’†‹–€ŒSº˜a’¬´…V‹,249,,
19384-0900-12.zip,202202141041,’†‹–€ŒSº˜a’¬´…V‹,250-1,,
19384-0900-12.zip,202202141041,’†‹–€ŒSº˜a’¬´…V‹,250-3,,
19384-0900-12.zip,202202141041,’†‹–€ŒSº˜a’¬´…V‹,250-4,,
19384-0900-12.zip,202202141041,’†‹–€ŒSº˜a’¬´…V‹,250-5,,
19384-0900-12.zip,202202141041,’†‹–€ŒSº˜a’¬´…V‹,250-6,,
19384-0900-12.zip,202202141041,’†‹–€ŒSº˜a’¬´…V‹,251-1,,
19384-0900-12.zip,202202141041,’†‹–€ŒSº˜a’¬´…V‹,251-2,,
19384-0900-12.zip,202202141041,’†‹–€ŒSº˜a’¬´…V‹,252,,
19384-0900-12.zip,202202141041,’†‹–€ŒSº˜a’¬´…V‹,252-2,,
19384-0900-12.zip,202202141041,’†‹–€ŒSº˜a’¬´…V‹,255-1,,
19384-0900-12.zip,202202141041,’†‹–€ŒSº˜a’¬´…V‹,255-2,,
19384-0900-12.zip,202202141041,’†‹–€ŒSº˜a’¬´…V‹,255-4,,
19384-0900-12.zip,202202141041,’†‹–€ŒSº˜a’¬´…V‹,255-5,,
19384-0900-12.zip,202202141041,’†‹–€ŒSº˜a’¬´…V‹,255-6,,
19384-0900-12.zip,202202141041,’†‹–€ŒSº˜a’¬´…V‹,255-7,,
19384-0900-12.zip,202202141041,’†‹–€ŒSº˜a’¬´…V‹,255-8,,
19384-0900-12.zip,202202141041,’†‹–€ŒSº˜a’¬´…V‹,255-9,,
19384-0900-12.zip,202202141041,’†‹–€ŒSº˜a’¬´…V‹,255-10,,
19384-0900-12.zip,202202141041,’†‹–€ŒSº˜a’¬´…V‹,255-11,,
19384-0900-12.zip,202202141041,’†‹–€ŒSº˜a’¬´…V‹,258-5,,
19384-0900-12.zip,202202141041,’†‹–€ŒSº˜a’¬´…V‹,259,,
19384-0900-12.zip,202202141041,’†‹–€ŒSº˜a’¬´…V‹,262,,
19384-0900-12.zip,202202141041,’†‹–€ŒSº˜a’¬´…V‹,263,,
19384-0900-12.zip,202202141041,’†‹–€ŒSº˜a’¬´…V‹,264,,
19384-0900-12.zip,202202141041,’†‹–€ŒSº˜a’¬´…V‹,265,,
19384-0900-12.zip,202202141041,’†‹–€ŒSº˜a’¬´…V‹,266,,
19384-0900-12.zip,202202141041,’†‹–€ŒSº˜a’¬´…V‹,267,,
19384-0900-12.zip,202202141041,’†‹–€ŒSº˜a’¬´…V‹,269,,
19384-0900-12.zip,202202141041,’†‹–€ŒSº˜a’¬´…V‹,270,,
19384-0900-12.zip,202202141041,’†‹–€ŒSº˜a’¬´…V‹,271-1,,
19384-0900-12.zip,202202141041,’†‹–€ŒSº˜a’¬´…V‹,274,,
19384-0900-12.zip,202202141041,’†‹–€ŒSº˜a’¬´…V‹,276,,
19384-0900-12.zip,202202141041,’†‹–€ŒSº˜a’¬´…V‹,278-1,,
19384-0900-12.zip,202202141041,’†‹–€ŒSº˜a’¬´…V‹,278-2,,
19384-0900-12.zip,202202141041,’†‹–€ŒSº˜a’¬´…V‹,279-1,,
19384-0900-12.zip,202202141041,’†‹–€ŒSº˜a’¬´…V‹,279-2,,
19384-0900-12.zip,202202141041,’†‹–€ŒSº˜a’¬´…V‹,279-3,,
19384-0900-12.zip,202202141041,’†‹–€ŒSº˜a’¬´…V‹,280-1,,
19384-0900-12.zip,202202141041,’†‹–€ŒSº˜a’¬´…V‹,280-2,,
19384-0900-12.zip,202202141041,’†‹–€ŒSº˜a’¬´…V‹,280-3,,
19384-0900-12.zip,202202141041,’†‹–€ŒSº˜a’¬´…V‹,280-4,,
19384-0900-12.zip,202202141041,’†‹–€ŒSº˜a’¬´…V‹,280-6,,
19384-0900-12.zip,202202141041,’†‹–€ŒSº˜a’¬´…V‹,280-7,,
19384-0900-12.zip,202202141041,’†‹–€ŒSº˜a’¬´…V‹,280-8,,
19384-0900-12.zip,202202141041,’†‹–€ŒSº˜a’¬´…V‹,280-9,,
19384-0900-12.zip,202202141041,’†‹–€ŒSº˜a’¬´…V‹,280-10,,
19384-0900-12.zip,202202141041,’†‹–€ŒSº˜a’¬´…V‹,281-2,,
19384-0900-12.zip,202202141041,’†‹–€ŒSº˜a’¬´…V‹,281-4,,
19384-0900-12.zip,202202141041,’†‹–€ŒSº˜a’¬´…V‹,281-5,,
19384-0900-12.zip,202202141041,’†‹–€ŒSº˜a’¬´…V‹,282-1,,
19384-0900-12.zip,202202141041,’†‹–€ŒSº˜a’¬´…V‹,282-2,,
19384-0900-12.zip,202202141041,’†‹–€ŒSº˜a’¬´…V‹,286-1,,
19384-0900-12.zip,202202141041,’†‹–€ŒSº˜a’¬´…V‹,287,,
19384-0900-12.zip,202202141041,’†‹–€ŒSº˜a’¬´…V‹,289-1,,
19384-0900-12.zip,202202141041,’†‹–€ŒSº˜a’¬´…V‹,289-2,,
19384-0900-12.zip,202202141041,’†‹–€ŒSº˜a’¬´…V‹,293,,
19384-0900-12.zip,202202141041,’†‹–€ŒSº˜a’¬´…V‹,296,,
19384-0900-12.zip,202202141041,’†‹–€ŒSº˜a’¬´…V‹,302-2,,
19384-0900-12.zip,202202141041,’†‹–€ŒSº˜a’¬´…V‹,304-1,,
19384-0900-12.zip,202202141041,’†‹–€ŒSº˜a’¬´…V‹,305,,
19384-0900-12.zip,202202141041,’†‹–€ŒSº˜a’¬´…V‹,306,,
19384-0900-12.zip,202202141041,’†‹–€ŒSº˜a’¬´…V‹,308-5,,
19384-0900-12.zip,202202141041,’†‹–€ŒSº˜a’¬´…V‹,309-4,,
19384-0900-12.zip,202202141041,’†‹–€ŒSº˜a’¬´…V‹,312,,
19384-0900-12.zip,202202141041,’†‹–€ŒSº˜a’¬´…V‹,315,,
19384-0900-12.zip,202202141041,’†‹–€ŒSº˜a’¬´…V‹,322-2,,
19384-0900-12.zip,202202141041,’†‹–€ŒSº˜a’¬´…V‹,335-1,,
19384-0900-12.zip,202202141041,’†‹–€ŒSº˜a’¬´…V‹,335-2,,
19384-0900-12.zip,202202141041,’†‹–€ŒSº˜a’¬´…V‹,335-3,,
19384-0900-12.zip,202202141041,’†‹–€ŒSº˜a’¬´…V‹,336,,
19384-0900-12.zip,202202141041,’†‹–€ŒSº˜a’¬´…V‹,337,,
19384-0900-12.zip,202202141041,’†‹–€ŒSº˜a’¬´…V‹,339,,
19384-0900-12.zip,202202141041,’†‹–€ŒSº˜a’¬´…V‹,345,,
19384-0900-12.zip,202202141041,’†‹–€ŒSº˜a’¬´…V‹,349,,
19384-0900-12.zip,202202141041,’†‹–€ŒSº˜a’¬´…V‹,350-2,,
19384-0900-12.zip,202202141041,’†‹–€ŒSº˜a’¬´…V‹,351-2,,
19384-0900-12.zip,202202141041,’†‹–€ŒSº˜a’¬´…V‹,353-1,,
19384-0900-12.zip,202202141041,’†‹–€ŒSº˜a’¬´…V‹,353-2,,
19384-0900-12.zip,202202141041,’†‹–€ŒSº˜a’¬´…V‹,353-3,,
19384-0900-12.zip,202202141041,’†‹–€ŒSº˜a’¬´…V‹,353-4,,
19384-0900-12.zip,202202141041,’†‹–€ŒSº˜a’¬´…V‹,353-5,,
19384-0900-12.zip,202202141041,’†‹–€ŒSº˜a’¬´…V‹,353-6,,
19384-0900-12.zip,202202141041,’†‹–€ŒSº˜a’¬´…V‹,356,,
19384-0900-12.zip,202202141041,’†‹–€ŒSº˜a’¬´…V‹,357-1,,
19384-0900-12.zip,202202141041,’†‹–€ŒSº˜a’¬´…V‹,357-2,,
19384-0900-12.zip,202202141041,’†‹–€ŒSº˜a’¬´…V‹,357-4,,
19384-0900-12.zip,202202141041,’†‹–€ŒSº˜a’¬´…V‹,357-5,,
19384-0900-12.zip,202202141041,’†‹–€ŒSº˜a’¬´…V‹,359,,
19384-0900-12.zip,202202141041,’†‹–€ŒSº˜a’¬´…V‹,360,,
19384-0900-12.zip,202202141041,’†‹–€ŒSº˜a’¬´…V‹,362,,
19384-0900-12.zip,202202141041,’†‹–€ŒSº˜a’¬´…V‹,373,,
19384-0900-12.zip,202202141041,’†‹–€ŒSº˜a’¬´…V‹,375,,
19384-0900-12.zip,202202141041,’†‹–€ŒSº˜a’¬´…V‹,376,,
19384-0900-12.zip,202202141041,’†‹–€ŒSº˜a’¬´…V‹,378-1,,
19384-0900-12.zip,202202141041,’†‹–€ŒSº˜a’¬´…V‹,378-2,,
19384-0900-12.zip,202202141041,’†‹–€ŒSº˜a’¬´…V‹,380,,
19384-0900-12.zip,202202141041,’†‹–€ŒSº˜a’¬´…V‹,385-1,,
19384-0900-12.zip,202202141041,’†‹–€ŒSº˜a’¬´…V‹,385-2,,
19384-0900-12.zip,202202141041,’†‹–€ŒSº˜a’¬´…V‹,387,,
19384-0900-12.zip,202202141041,’†‹–€ŒSº˜a’¬´…V‹,389-3,,
19384-0900-12.zip,202202141041,’†‹–€ŒSº˜a’¬´…V‹,389-4,,
19384-0900-12.zip,202202141041,’†‹–€ŒSº˜a’¬´…V‹,390-2,,
19384-0900-12.zip,202202141041,’†‹–€ŒSº˜a’¬´…V‹,393-2,,
19384-0900-12.zip,202202141041,’†‹–€ŒSº˜a’¬´…V‹,394,,
19384-0900-12.zip,202202141041,’†‹–€ŒSº˜a’¬´…V‹,396,,
19384-0900-12.zip,202202141041,’†‹–€ŒSº˜a’¬´…V‹,398-2,,
19384-0900-12.zip,202202141041,’†‹–€ŒSº˜a’¬´…V‹,398-4,,
19384-0900-12.zip,202202141041,’†‹–€ŒSº˜a’¬´…V‹,398-5,,
19384-0900-12.zip,202202141041,’†‹–€ŒSº˜a’¬´…V‹,399-2,,
19384-0900-12.zip,202202141041,’†‹–€ŒSº˜a’¬´…V‹,399-3,,
19384-0900-12.zip,202202141041,’†‹–€ŒSº˜a’¬´…V‹,400-2,,
19384-0900-12.zip,202202141041,’†‹–€ŒSº˜a’¬´…V‹,401,,
19384-0900-12.zip,202202141041,’†‹–€ŒSº˜a’¬´…V‹,402-2,,
19384-0900-12.zip,202202141041,’†‹–€ŒSº˜a’¬´…V‹,402-3,,
19384-0900-12.zip,202202141041,’†‹–€ŒSº˜a’¬´…V‹,402-4,,
19384-0900-12.zip,202202141041,’†‹–€ŒSº˜a’¬´…V‹,409,,
19384-0900-12.zip,202202141041,’†‹–€ŒSº˜a’¬´…V‹,410,,
19384-0900-12.zip,202202141041,’†‹–€ŒSº˜a’¬´…V‹,411,,
19384-0900-12.zip,202202141041,’†‹–€ŒSº˜a’¬´…V‹,“¹-5,,
19384-0900-12.zip,202202141041,’†‹–€ŒSº˜a’¬´…V‹,“¹-37,,
19384-0900-12.zip,202202141041,’†‹–€ŒSº˜a’¬´…V‹,“¹-69,,
19384-0900-12.zip,202202141041,’†‹–€ŒSº˜a’¬´…V‹,…-5,,
19384-0900-12.zip,202202141041,’†‹–€ŒSº˜a’¬´…V‹,…-10,,
19384-0900-12.zip,202202141041,’†‹–€ŒSº˜a’¬´…V‹,…-12,,
19384-0900-12.zip,202202141041,’†‹–€ŒSº˜a’¬´…V‹,…-32,,
19384-0900-12.zip,202202141041,’†‹–€ŒSº˜a’¬´…V‹,…-33,,
19384-0900-12.zip,202202141041,’†‹–€ŒSº˜a’¬´…V‹,…-34,,
19384-0900-12.zip,202202141041,’†‹–€ŒSº˜a’¬´…V‹,…-35,,
19384-0900-12.zip,202202141041,’†‹–€ŒSº˜a’¬´…V‹,…-36,,
19384-0900-12.zip,202202141041,’†‹–€ŒSº˜a’¬´…V‹,…-37,,
19384-0900-12.zip,202202141041,’†‹–€ŒSº˜a’¬´…V‹,…-38,,
19384-0900-12.zip,202202141041,’†‹–€ŒSº˜a’¬´…V‹,…-39,,
19384-0900-12.zip,202202141041,’†‹–€ŒSº˜a’¬´…V‹,…-40,,
19384-0900-12.zip,202202141041,’†‹–€ŒSº˜a’¬´…V‹,…-42,,
19384-0900-12.zip,202202141041,’†‹–€ŒSº˜a’¬´…V‹,…-43,,
19384-0900-12.zip,202202141041,’†‹–€ŒSº˜a’¬´…V‹,…-44,,
19384-0900-12.zip,202202141041,’†‹–€ŒSº˜a’¬´…V‹,…-45,,
19384-0900-12.zip,202202141041,’†‹–€ŒSº˜a’¬´…V‹,…-46,,
19384-0900-12.zip,202202141041,’†‹–€ŒSº˜a’¬´…V‹,…-47,,
19384-0900-12.zip,202202141041,’†‹–€ŒSº˜a’¬´…V‹,…-49,,
19384-0900-12.zip,202202141041,’†‹–€ŒSº˜a’¬´…V‹,…-50,,
19384-0900-12.zip,202202141041,’†‹–€ŒSº˜a’¬´…V‹,…-51,,
19384-0900-12.zip,202202141041,’†‹–€ŒSº˜a’¬´…V‹,…-52,,
19384-0900-12.zip,202202141041,’†‹–€ŒSº˜a’¬´…V‹,…-75,,
19384-0900-12.zip,202202141041,’†‹–€ŒSº˜a’¬´…V‹,…-80,,
19384-0900-12.zip,202202141041,’†‹–€ŒSº˜a’¬´…V‹,…-83,,
19384-0900-12.zip,202202141041,’†‹–€ŒSº˜a’¬´…V‹,…-92,,
19384-0900-12.zip,202202141041,’†‹–€ŒSº˜a’¬´…V‹,’·‹·•¨•s–¾-1,,
19384-0900-12.zip,202202141041,’†‹–€ŒSº˜a’¬´…V‹,420,,
19384-0900-12.zip,202202141041,’†‹–€ŒSº˜a’¬´…V‹,422-1,,
19384-0900-12.zip,202202141041,’†‹–€ŒSº˜a’¬´…V‹,422-2,,
19384-0900-12.zip,202202141041,’†‹–€ŒSº˜a’¬´…V‹,422-3,,
19384-0900-12.zip,202202141041,’†‹–€ŒSº˜a’¬´…V‹,422-4,,
19384-0900-12.zip,202202141041,’†‹–€ŒSº˜a’¬´…V‹,422-5,,
19384-0900-12.zip,202202141041,’†‹–€ŒSº˜a’¬´…V‹,423-1,,
19384-0900-12.zip,202202141041,’†‹–€ŒSº˜a’¬´…V‹,423-2,,
19384-0900-12.zip,202202141041,’†‹–€ŒSº˜a’¬´…V‹,423-3,,
19384-0900-12.zip,202202141041,’†‹–€ŒSº˜a’¬´…V‹,423-4,,
19384-0900-12.zip,202202141041,’†‹–€ŒSº˜a’¬´…V‹,423-5,,
19384-0900-12.zip,202202141041,’†‹–€ŒSº˜a’¬´…V‹,423-6,,
19384-0900-12.zip,202202141041,’†‹–€ŒSº˜a’¬´…V‹,423-7,,
19384-0900-12.zip,202202141041,’†‹–€ŒSº˜a’¬´…V‹,427-3,,
19384-0900-12.zip,202202141041,’†‹–€ŒSº˜a’¬´…V‹,428-1,,
19384-0900-12.zip,202202141041,’†‹–€ŒSº˜a’¬´…V‹,428-2,,
19384-0900-12.zip,202202141041,’†‹–€ŒSº˜a’¬´…V‹,436,,
19384-0900-12.zip,202202141041,’†‹–€ŒSº˜a’¬´…V‹,439-1,,
19384-0900-12.zip,202202141041,’†‹–€ŒSº˜a’¬´…V‹,440,,
19384-0900-12.zip,202202141041,’†‹–€ŒSº˜a’¬´…V‹,441,,
19384-0900-12.zip,202202141041,’†‹–€ŒSº˜a’¬´…V‹,442,,
19384-0900-12.zip,202202141041,’†‹–€ŒSº˜a’¬´…V‹,443,,
19384-0900-12.zip,202202141041,’†‹–€ŒSº˜a’¬´…V‹,445-1,,
19384-0900-12.zip,202202141041,’†‹–€ŒSº˜a’¬´…V‹,445-2,,
19384-0900-12.zip,202202141041,’†‹–€ŒSº˜a’¬´…V‹,446-2,,
19384-0900-12.zip,202202141041,’†‹–€ŒSº˜a’¬´…V‹,446-3,,
19384-0900-12.zip,202202141041,’†‹–€ŒSº˜a’¬´…V‹,447,,
19384-0900-12.zip,202202141041,’†‹–€ŒSº˜a’¬´…V‹,448,,
19384-0900-12.zip,202202141041,’†‹–€ŒSº˜a’¬´…V‹,449-1,,
19384-0900-12.zip,202202141041,’†‹–€ŒSº˜a’¬´…V‹,449-2,,
19384-0900-12.zip,202202141041,’†‹–€ŒSº˜a’¬´…V‹,449-3,,
19384-0900-12.zip,202202141041,’†‹–€ŒSº˜a’¬´…V‹,451,,
19384-0900-12.zip,202202141041,’†‹–€ŒSº˜a’¬´…V‹,452,,
19384-0900-12.zip,202202141041,’†‹–€ŒSº˜a’¬´…V‹,453-1,,
19384-0900-12.zip,202202141041,’†‹–€ŒSº˜a’¬´…V‹,453-2,,
19384-0900-12.zip,202202141041,’†‹–€ŒSº˜a’¬´…V‹,453-4,,
19384-0900-12.zip,202202141041,’†‹–€ŒSº˜a’¬´…V‹,466,,
19384-0900-12.zip,202202141041,’†‹–€ŒSº˜a’¬´…V‹,467-2,,
19384-0900-12.zip,202202141041,’†‹–€ŒSº˜a’¬´…V‹,475-1,,
19384-0900-12.zip,202202141041,’†‹–€ŒSº˜a’¬´…V‹,475-4,,
19384-0900-12.zip,202202141041,’†‹–€ŒSº˜a’¬´…V‹,476-1,,
19384-0900-12.zip,202202141041,’†‹–€ŒSº˜a’¬´…V‹,476-3,,
19384-0900-12.zip,202202141041,’†‹–€ŒSº˜a’¬´…V‹,476-4,,
19384-0900-12.zip,202202141041,’†‹–€ŒSº˜a’¬´…V‹,477-1,,
19384-0900-12.zip,202202141041,’†‹–€ŒSº˜a’¬´…V‹,480,,
19384-0900-12.zip,202202141041,’†‹–€ŒSº˜a’¬´…V‹,481,,
19384-0900-12.zip,202202141041,’†‹–€ŒSº˜a’¬´…V‹,482,,
19384-0900-12.zip,202202141041,’†‹–€ŒSº˜a’¬´…V‹,483-4,,
19384-0900-12.zip,202202141041,’†‹–€ŒSº˜a’¬´…V‹,484-1,,
19384-0900-12.zip,202202141041,’†‹–€ŒSº˜a’¬´…V‹,484-2,,
19384-0900-12.zip,202202141041,’†‹–€ŒSº˜a’¬´…V‹,484-3,,
19384-0900-12.zip,202202141041,’†‹–€ŒSº˜a’¬´…V‹,484-4,,
19384-0900-12.zip,202202141041,’†‹–€ŒSº˜a’¬´…V‹,484-5,,
19384-0900-12.zip,202202141041,’†‹–€ŒSº˜a’¬´…V‹,484-6,,
19384-0900-12.zip,202202141041,’†‹–€ŒSº˜a’¬´…V‹,484-7,,
19384-0900-12.zip,202202141041,’†‹–€ŒSº˜a’¬´…V‹,484-8,,
19384-0900-12.zip,202202141041,’†‹–€ŒSº˜a’¬´…V‹,484-10,,
19384-0900-12.zip,202202141041,’†‹–€ŒSº˜a’¬´…V‹,486-1,,
19384-0900-12.zip,202202141041,’†‹–€ŒSº˜a’¬´…V‹,487,,
19384-0900-12.zip,202202141041,’†‹–€ŒSº˜a’¬´…V‹,488-1,,
19384-0900-12.zip,202202141041,’†‹–€ŒSº˜a’¬´…V‹,488-2,,
19384-0900-12.zip,202202141041,’†‹–€ŒSº˜a’¬´…V‹,488-3,,
19384-0900-12.zip,202202141041,’†‹–€ŒSº˜a’¬´…V‹,488-4,,
19384-0900-12.zip,202202141041,’†‹–€ŒSº˜a’¬´…V‹,491-1,,
19384-0900-12.zip,202202141041,’†‹–€ŒSº˜a’¬´…V‹,491-2,,
19384-0900-12.zip,202202141041,’†‹–€ŒSº˜a’¬´…V‹,492-2,,
19384-0900-12.zip,202202141041,’†‹–€ŒSº˜a’¬´…V‹,494-2,,
19384-0900-12.zip,202202141041,’†‹–€ŒSº˜a’¬´…V‹,494-3,,
19384-0900-12.zip,202202141041,’†‹–€ŒSº˜a’¬´…V‹,500-1,,
19384-0900-12.zip,202202141041,’†‹–€ŒSº˜a’¬´…V‹,501-1,,
19384-0900-12.zip,202202141041,’†‹–€ŒSº˜a’¬´…V‹,503-1,,
19384-0900-12.zip,202202141041,’†‹–€ŒSº˜a’¬´…V‹,503-3,,
19384-0900-12.zip,202202141041,’†‹–€ŒSº˜a’¬´…V‹,504-1,,
19384-0900-12.zip,202202141041,’†‹–€ŒSº˜a’¬´…V‹,504-2,,
19384-0900-12.zip,202202141041,’†‹–€ŒSº˜a’¬´…V‹,504-5,,
19384-0900-12.zip,202202141041,’†‹–€ŒSº˜a’¬´…V‹,510-1,,
19384-0900-12.zip,202202141041,’†‹–€ŒSº˜a’¬´…V‹,510-2,,
19384-0900-12.zip,202202141041,’†‹–€ŒSº˜a’¬´…V‹,511-1,,
19384-0900-12.zip,202202141041,’†‹–€ŒSº˜a’¬´…V‹,511-2,,
19384-0900-12.zip,202202141041,’†‹–€ŒSº˜a’¬´…V‹,512,,
19384-0900-12.zip,202202141041,’†‹–€ŒSº˜a’¬´…V‹,513-1,,
19384-0900-12.zip,202202141041,’†‹–€ŒSº˜a’¬´…V‹,513-3,,
19384-0900-12.zip,202202141041,’†‹–€ŒSº˜a’¬´…V‹,513-4,,
19384-0900-12.zip,202202141041,’†‹–€ŒSº˜a’¬´…V‹,513-5,,
19384-0900-12.zip,202202141041,’†‹–€ŒSº˜a’¬´…V‹,514-2,,
19384-0900-12.zip,202202141041,’†‹–€ŒSº˜a’¬´…V‹,514-3,,
19384-0900-12.zip,202202141041,’†‹–€ŒSº˜a’¬´…V‹,514-4,,
19384-0900-12.zip,202202141041,’†‹–€ŒSº˜a’¬´…V‹,519,,
19384-0900-12.zip,202202141041,’†‹–€ŒSº˜a’¬´…V‹,520-1,,
19384-0900-12.zip,202202141041,’†‹–€ŒSº˜a’¬´…V‹,520-5,,
19384-0900-12.zip,202202141041,’†‹–€ŒSº˜a’¬´…V‹,520-6,,
19384-0900-12.zip,202202141041,’†‹–€ŒSº˜a’¬´…V‹,520-7,,
19384-0900-12.zip,202202141041,’†‹–€ŒSº˜a’¬´…V‹,520-8,,
19384-0900-12.zip,202202141041,’†‹–€ŒSº˜a’¬´…V‹,520-9,,
19384-0900-12.zip,202202141041,’†‹–€ŒSº˜a’¬´…V‹,525-3,,
19384-0900-12.zip,202202141041,’†‹–€ŒSº˜a’¬´…V‹,526-1,,
19384-0900-12.zip,202202141041,’†‹–€ŒSº˜a’¬´…V‹,527,,
19384-0900-12.zip,202202141041,’†‹–€ŒSº˜a’¬´…V‹,528,,
19384-0900-12.zip,202202141041,’†‹–€ŒSº˜a’¬´…V‹,529-1,,
19384-0900-12.zip,202202141041,’†‹–€ŒSº˜a’¬´…V‹,529-2,,
19384-0900-12.zip,202202141041,’†‹–€ŒSº˜a’¬´…V‹,530,,
19384-0900-12.zip,202202141041,’†‹–€ŒSº˜a’¬´…V‹,532,,
19384-0900-12.zip,202202141041,’†‹–€ŒSº˜a’¬´…V‹,534-1,,
19384-0900-12.zip,202202141041,’†‹–€ŒSº˜a’¬´…V‹,534-2,,
19384-0900-12.zip,202202141041,’†‹–€ŒSº˜a’¬´…V‹,534-3,,
19384-0900-12.zip,202202141041,’†‹–€ŒSº˜a’¬´…V‹,534-5,,
19384-0900-12.zip,202202141041,’†‹–€ŒSº˜a’¬´…V‹,534-6,,
19384-0900-12.zip,202202141041,’†‹–€ŒSº˜a’¬´…V‹,535-1,,
19384-0900-12.zip,202202141041,’†‹–€ŒSº˜a’¬´…V‹,535-2,,
19384-0900-12.zip,202202141041,’†‹–€ŒSº˜a’¬´…V‹,535-3,,
19384-0900-12.zip,202202141041,’†‹–€ŒSº˜a’¬´…V‹,535-4,,
19384-0900-12.zip,202202141041,’†‹–€ŒSº˜a’¬´…V‹,536-1,,
19384-0900-12.zip,202202141041,’†‹–€ŒSº˜a’¬´…V‹,536-2,,
19384-0900-12.zip,202202141041,’†‹–€ŒSº˜a’¬´…V‹,538,,
19384-0900-12.zip,202202141041,’†‹–€ŒSº˜a’¬´…V‹,539,,
19384-0900-12.zip,202202141041,’†‹–€ŒSº˜a’¬´…V‹,543,,
19384-0900-12.zip,202202141041,’†‹–€ŒSº˜a’¬´…V‹,544-1,,
19384-0900-12.zip,202202141041,’†‹–€ŒSº˜a’¬´…V‹,544-2,,
19384-0900-12.zip,202202141041,’†‹–€ŒSº˜a’¬´…V‹,545-1,,
19384-0900-12.zip,202202141041,’†‹–€ŒSº˜a’¬´…V‹,545-3,,
19384-0900-12.zip,202202141041,’†‹–€ŒSº˜a’¬´…V‹,545-5,,
19384-0900-12.zip,202202141041,’†‹–€ŒSº˜a’¬´…V‹,545-6,,
19384-0900-12.zip,202202141041,’†‹–€ŒSº˜a’¬´…V‹,546-1,,
19384-0900-12.zip,202202141041,’†‹–€ŒSº˜a’¬´…V‹,546-2,,
19384-0900-12.zip,202202141041,’†‹–€ŒSº˜a’¬´…V‹,547-1,,
19384-0900-12.zip,202202141041,’†‹–€ŒSº˜a’¬´…V‹,547-2,,
19384-0900-12.zip,202202141041,’†‹–€ŒSº˜a’¬´…V‹,547-3,,
19384-0900-12.zip,202202141041,’†‹–€ŒSº˜a’¬´…V‹,547-4,,
19384-0900-12.zip,202202141041,’†‹–€ŒSº˜a’¬´…V‹,547-5,,
19384-0900-12.zip,202202141041,’†‹–€ŒSº˜a’¬´…V‹,548,,
19384-0900-12.zip,202202141041,’†‹–€ŒSº˜a’¬´…V‹,549,,
19384-0900-12.zip,202202141041,’†‹–€ŒSº˜a’¬´…V‹,549-4,,
19384-0900-12.zip,202202141041,’†‹–€ŒSº˜a’¬´…V‹,550,,
19384-0900-12.zip,202202141041,’†‹–€ŒSº˜a’¬´…V‹,551,,
19384-0900-12.zip,202202141041,’†‹–€ŒSº˜a’¬´…V‹,552,,
19384-0900-12.zip,202202141041,’†‹–€ŒSº˜a’¬´…V‹,553,,
19384-0900-12.zip,202202141041,’†‹–€ŒSº˜a’¬´…V‹,554-1,,
19384-0900-12.zip,202202141041,’†‹–€ŒSº˜a’¬´…V‹,554-2,,
19384-0900-12.zip,202202141041,’†‹–€ŒSº˜a’¬´…V‹,554-3,,
19384-0900-12.zip,202202141041,’†‹–€ŒSº˜a’¬´…V‹,554-4,,
19384-0900-12.zip,202202141041,’†‹–€ŒSº˜a’¬´…V‹,554-5,,
19384-0900-12.zip,202202141041,’†‹–€ŒSº˜a’¬´…V‹,558,,
19384-0900-12.zip,202202141041,’†‹–€ŒSº˜a’¬´…V‹,558-2,,
19384-0900-12.zip,202202141041,’†‹–€ŒSº˜a’¬´…V‹,559,,
19384-0900-12.zip,202202141041,’†‹–€ŒSº˜a’¬´…V‹,560,,
19384-0900-12.zip,202202141041,’†‹–€ŒSº˜a’¬´…V‹,562,,
19384-0900-12.zip,202202141041,’†‹–€ŒSº˜a’¬´…V‹,570,,
19384-0900-12.zip,202202141041,’†‹–€ŒSº˜a’¬´…V‹,573,,
19384-0900-12.zip,202202141041,’†‹–€ŒSº˜a’¬´…V‹,575,,
19384-0900-12.zip,202202141041,’†‹–€ŒSº˜a’¬´…V‹,576,,
19384-0900-12.zip,202202141041,’†‹–€ŒSº˜a’¬´…V‹,578-2,,
19384-0900-12.zip,202202141041,’†‹–€ŒSº˜a’¬´…V‹,580-1,,
19384-0900-12.zip,202202141041,’†‹–€ŒSº˜a’¬´…V‹,580-3,,
19384-0900-12.zip,202202141041,’†‹–€ŒSº˜a’¬´…V‹,580-4,,
19384-0900-12.zip,202202141041,’†‹–€ŒSº˜a’¬´…V‹,580-5,,
19384-0900-12.zip,202202141041,’†‹–€ŒSº˜a’¬´…V‹,580-6,,
19384-0900-12.zip,202202141041,’†‹–€ŒSº˜a’¬´…V‹,580-7,,
19384-0900-12.zip,202202141041,’†‹–€ŒSº˜a’¬´…V‹,580-8,,
19384-0900-12.zip,202202141041,’†‹–€ŒSº˜a’¬´…V‹,580-9,,
19384-0900-12.zip,202202141041,’†‹–€ŒSº˜a’¬´…V‹,581-1,,
19384-0900-12.zip,202202141041,’†‹–€ŒSº˜a’¬´…V‹,581-2,,
19384-0900-12.zip,202202141041,’†‹–€ŒSº˜a’¬´…V‹,581-3,,
19384-0900-12.zip,202202141041,’†‹–€ŒSº˜a’¬´…V‹,582-1,,
19384-0900-12.zip,202202141041,’†‹–€ŒSº˜a’¬´…V‹,582-2,,
19384-0900-12.zip,202202141041,’†‹–€ŒSº˜a’¬´…V‹,582-3,,
19384-0900-12.zip,202202141041,’†‹–€ŒSº˜a’¬´…V‹,583-1,,
19384-0900-12.zip,202202141041,’†‹–€ŒSº˜a’¬´…V‹,584,,
19384-0900-12.zip,202202141041,’†‹–€ŒSº˜a’¬´…V‹,585,,
19384-0900-12.zip,202202141041,’†‹–€ŒSº˜a’¬´…V‹,585-2,,
19384-0900-12.zip,202202141041,’†‹–€ŒSº˜a’¬´…V‹,586,,
19384-0900-12.zip,202202141041,’†‹–€ŒSº˜a’¬´…V‹,587-1,,
19384-0900-12.zip,202202141041,’†‹–€ŒSº˜a’¬´…V‹,587-2,,
19384-0900-12.zip,202202141041,’†‹–€ŒSº˜a’¬´…V‹,587-3,,
19384-0900-12.zip,202202141041,’†‹–€ŒSº˜a’¬´…V‹,587-4,,
19384-0900-12.zip,202202141041,’†‹–€ŒSº˜a’¬´…V‹,587-5,,
19384-0900-12.zip,202202141041,’†‹–€ŒSº˜a’¬´…V‹,587-6,,
19384-0900-12.zip,202202141041,’†‹–€ŒSº˜a’¬´…V‹,588,,
19384-0900-12.zip,202202141041,’†‹–€ŒSº˜a’¬´…V‹,590-1,,
19384-0900-12.zip,202202141041,’†‹–€ŒSº˜a’¬´…V‹,591,,
19384-0900-12.zip,202202141041,’†‹–€ŒSº˜a’¬´…V‹,•MŠE–¢’è’n-64,’†‹–€ŒSº˜a’¬´…V‹,478-1
19384-0900-12.zip,202202141041,’†‹–€ŒSº˜a’¬´…V‹,•MŠE–¢’è’n-64,’†‹–€ŒSº˜a’¬´…V‹,479
19384-0900-12.zip,202202141041,’†‹–€ŒSº˜a’¬´…V‹,•MŠE–¢’è’n-64,’†‹–€ŒSº˜a’¬´…V‹,495
19384-0900-12.zip,202202141041,’†‹–€ŒSº˜a’¬´…V‹,•MŠE–¢’è’n-64,’†‹–€ŒSº˜a’¬´…V‹,496
19384-0900-12.zip,202202141041,’†‹–€ŒSº˜a’¬´…V‹,•MŠE–¢’è’n-64,’†‹–€ŒSº˜a’¬´…V‹,497-1
19384-0900-12.zip,202202141041,’†‹–€ŒSº˜a’¬´…V‹,•MŠE–¢’è’n-64,’†‹–€ŒSº˜a’¬´…V‹,498-1
19384-0900-12.zip,202202141041,’†‹–€ŒSº˜a’¬´…V‹,•MŠE–¢’è’n-64,’†‹–€ŒSº˜a’¬´…V‹,499
19384-0900-12.zip,202202141041,’†‹–€ŒSº˜a’¬´…V‹,•MŠE–¢’è’n-64,’†‹–€ŒSº˜a’¬´…V‹,“¹-31
19384-0900-12.zip,202202141041,’†‹–€ŒSº˜a’¬´…V‹,•MŠE–¢’è’n-65,’†‹–€ŒSº˜a’¬´…V‹,468
19384-0900-12.zip,202202141041,’†‹–€ŒSº˜a’¬´…V‹,•MŠE–¢’è’n-65,’†‹–€ŒSº˜a’¬´…V‹,469
19384-0900-12.zip,202202141041,’†‹–€ŒSº˜a’¬´…V‹,•MŠE–¢’è’n-65,’†‹–€ŒSº˜a’¬´…V‹,470
19384-0900-12.zip,202202141041,’†‹–€ŒSº˜a’¬´…V‹,•MŠE–¢’è’n-65,’†‹–€ŒSº˜a’¬´…V‹,471
19384-0900-12.zip,202202141041,’†‹–€ŒSº˜a’¬´…V‹,•MŠE–¢’è’n-65,’†‹–€ŒSº˜a’¬´…V‹,472
19384-0900-12.zip,202202141041,’†‹–€ŒSº˜a’¬´…V‹,•MŠE–¢’è’n-65,’†‹–€ŒSº˜a’¬´…V‹,473
19384-0900-12.zip,202202141041,’†‹–€ŒSº˜a’¬´…V‹,•MŠE–¢’è’n-65,’†‹–€ŒSº˜a’¬´…V‹,474
19384-0900-12.zip,202202141041,’†‹–€ŒSº˜a’¬´…V‹,“¹-3,,
19384-0900-12.zip,202202141041,’†‹–€ŒSº˜a’¬´…V‹,“¹-58,,
19384-0900-12.zip,202202141041,’†‹–€ŒSº˜a’¬´…V‹,…-1,,
19384-0900-12.zip,202202141041,’†‹–€ŒSº˜a’¬´…V‹,…-78,,
19384-0900-12.zip,202202141041,’†‹–€ŒSº˜a’¬´…V‹,…-87,,
19384-0900-12.zip,202202141041,’†‹–€ŒSº˜a’¬´…V‹,…-91,,
19384-0900-12.zip,202202141041,’†‹–€ŒSº˜a’¬´…V‹,…-94,,
19384-0900-12.zip,202202141041,’†‹–€ŒSº˜a’¬´…V‹,592-2,,
19384-0900-12.zip,202202141041,’†‹–€ŒSº˜a’¬´…V‹,593,,
19384-0900-12.zip,202202141041,’†‹–€ŒSº˜a’¬´…V‹,595-1,,
19384-0900-12.zip,202202141041,’†‹–€ŒSº˜a’¬´…V‹,595-2,,
19384-0900-12.zip,202202141041,’†‹–€ŒSº˜a’¬´…V‹,595-3,,
19384-0900-12.zip,202202141041,’†‹–€ŒSº˜a’¬´…V‹,598,,
19384-0900-12.zip,202202141041,’†‹–€ŒSº˜a’¬´…V‹,599-1,,
19384-0900-12.zip,202202141041,’†‹–€ŒSº˜a’¬´…V‹,600,,
19384-0900-12.zip,202202141041,’†‹–€ŒSº˜a’¬´…V‹,601-1,,
19384-0900-12.zip,202202141041,’†‹–€ŒSº˜a’¬´…V‹,601-3,,
19384-0900-12.zip,202202141041,’†‹–€ŒSº˜a’¬´…V‹,601-4,,
19384-0900-12.zip,202202141041,’†‹–€ŒSº˜a’¬´…V‹,603-1,,
19384-0900-12.zip,202202141041,’†‹–€ŒSº˜a’¬´…V‹,681-2,,
19384-0900-12.zip,202202141041,’†‹–€ŒSº˜a’¬´…V‹,681-4,,
19384-0900-12.zip,202202141041,’†‹–€ŒSº˜a’¬´…V‹,697-1,,
19384-0900-12.zip,202202141041,’†‹–€ŒSº˜a’¬´…V‹,697-2,,
19384-0900-12.zip,202202141041,’†‹–€ŒSº˜a’¬´…V‹,697-3,,
19384-0900-12.zip,202202141041,’†‹–€ŒSº˜a’¬´…V‹,697-4,,
19384-0900-12.zip,202202141041,’†‹–€ŒSº˜a’¬´…V‹,697-5,,
19384-0900-12.zip,202202141041,’†‹–€ŒSº˜a’¬´…V‹,697-6,,
19384-0900-12.zip,202202141041,’†‹–€ŒSº˜a’¬´…V‹,697-8,,
19384-0900-12.zip,202202141041,’†‹–€ŒSº˜a’¬´…V‹,703-2,,
19384-0900-12.zip,202202141041,’†‹–€ŒSº˜a’¬´…V‹,703-3,,
19384-0900-12.zip,202202141041,’†‹–€ŒSº˜a’¬´…V‹,703-4,,
19384-0900-12.zip,202202141041,’†‹–€ŒSº˜a’¬´…V‹,709-1,,
19384-0900-12.zip,202202141041,’†‹–€ŒSº˜a’¬´…V‹,709-2,,
19384-0900-12.zip,202202141041,’†‹–€ŒSº˜a’¬´…V‹,709-3,,
19384-0900-12.zip,202202141041,’†‹–€ŒSº˜a’¬´…V‹,709-4,,
19384-0900-12.zip,202202141041,’†‹–€ŒSº˜a’¬´…V‹,709-5,,
19384-0900-12.zip,202202141041,’†‹–€ŒSº˜a’¬´…V‹,709-6,,
19384-0900-12.zip,202202141041,’†‹–€ŒSº˜a’¬´…V‹,709-7,,
19384-0900-12.zip,202202141041,’†‹–€ŒSº˜a’¬´…V‹,718-3,,
19384-0900-12.zip,202202141041,’†‹–€ŒSº˜a’¬´…V‹,737-3,,
19384-0900-12.zip,202202141041,’†‹–€ŒSº˜a’¬´…V‹,737-5,,
19384-0900-12.zip,202202141041,’†‹–€ŒSº˜a’¬´…V‹,737-6,,
19384-0900-12.zip,202202141041,’†‹–€ŒSº˜a’¬´…V‹,737-7,,
19384-0900-12.zip,202202141041,’†‹–€ŒSº˜a’¬´…V‹,737-8,,
19384-0900-12.zip,202202141041,’†‹–€ŒSº˜a’¬´…V‹,737-9,,
19384-0900-12.zip,202202141041,’†‹–€ŒSº˜a’¬´…V‹,739-2,,
19384-0900-12.zip,202202141041,’†‹–€ŒSº˜a’¬´…V‹,768,,
19384-0900-12.zip,202202141041,’†‹–€ŒSº˜a’¬´…V‹,769,,
19384-0900-12.zip,202202141041,’†‹–€ŒSº˜a’¬´…V‹,770-1,,
19384-0900-12.zip,202202141041,’†‹–€ŒSº˜a’¬´…V‹,770-2,,
19384-0900-12.zip,202202141041,’†‹–€ŒSº˜a’¬´…V‹,770-3,,
19384-0900-12.zip,202202141041,’†‹–€ŒSº˜a’¬´…V‹,770-4,,
19384-0900-12.zip,202202141041,’†‹–€ŒSº˜a’¬´…V‹,770-5,,
19384-0900-12.zip,202202141041,’†‹–€ŒSº˜a’¬´…V‹,770-7,,
19384-0900-12.zip,202202141041,’†‹–€ŒSº˜a’¬´…V‹,770-8,,
19384-0900-12.zip,202202141041,’†‹–€ŒSº˜a’¬´…V‹,770-12,,
19384-0900-12.zip,202202141041,’†‹–€ŒSº˜a’¬´…V‹,770-13,,
19384-0900-12.zip,202202141041,’†‹–€ŒSº˜a’¬´…V‹,770-14,,
19384-0900-12.zip,202202141041,’†‹–€ŒSº˜a’¬´…V‹,788-1,,
19384-0900-12.zip,202202141041,’†‹–€ŒSº˜a’¬´…V‹,788-3,,
19384-0900-12.zip,202202141041,’†‹–€ŒSº˜a’¬´…V‹,812-3,,
19384-0900-12.zip,202202141041,’†‹–€ŒSº˜a’¬´…V‹,814-3,,
19384-0900-12.zip,202202141041,’†‹–€ŒSº˜a’¬´…V‹,816-2,,
19384-0900-12.zip,202202141041,’†‹–€ŒSº˜a’¬´…V‹,820-2,,
19384-0900-12.zip,202202141041,’†‹–€ŒSº˜a’¬´…V‹,829-2,,
19384-0900-12.zip,202202141041,’†‹–€ŒSº˜a’¬´…V‹,831-6,,
19384-0900-12.zip,202202141041,’†‹–€ŒSº˜a’¬´…V‹,831-7,,
19384-0900-12.zip,202202141041,’†‹–€ŒSº˜a’¬´…V‹,831-8,,
19384-0900-12.zip,202202141041,’†‹–€ŒSº˜a’¬´…V‹,831-9,,
19384-0900-12.zip,202202141041,’†‹–€ŒSº˜a’¬´…V‹,836,,
19384-0900-12.zip,202202141041,’†‹–€ŒSº˜a’¬´…V‹,841-1,,
19384-0900-12.zip,202202141041,’†‹–€ŒSº˜a’¬´…V‹,841-2,,
19384-0900-12.zip,202202141041,’†‹–€ŒSº˜a’¬´…V‹,844-1,,
19384-0900-12.zip,202202141041,’†‹–€ŒSº˜a’¬´…V‹,844-7,,
19384-0900-12.zip,202202141041,’†‹–€ŒSº˜a’¬´…V‹,844-8,,
19384-0900-12.zip,202202141041,’†‹–€ŒSº˜a’¬´…V‹,844-9,,
19384-0900-12.zip,202202141041,’†‹–€ŒSº˜a’¬´…V‹,847-1,,
19384-0900-12.zip,202202141041,’†‹–€ŒSº˜a’¬´…V‹,847-3,,
19384-0900-12.zip,202202141041,’†‹–€ŒSº˜a’¬´…V‹,851-1,,
19384-0900-12.zip,202202141041,’†‹–€ŒSº˜a’¬´…V‹,851-2,,
19384-0900-12.zip,202202141041,’†‹–€ŒSº˜a’¬´…V‹,852-1,,
19384-0900-12.zip,202202141041,’†‹–€ŒSº˜a’¬´…V‹,855-1,,
19384-0900-12.zip,202202141041,’†‹–€ŒSº˜a’¬´…V‹,856-3,,
19384-0900-12.zip,202202141041,’†‹–€ŒSº˜a’¬´…V‹,856-4,,
19384-0900-12.zip,202202141041,’†‹–€ŒSº˜a’¬´…V‹,856-5,,
19384-0900-12.zip,202202141041,’†‹–€ŒSº˜a’¬´…V‹,856-8,,
19384-0900-12.zip,202202141041,’†‹–€ŒSº˜a’¬´…V‹,856-16,,
19384-0900-12.zip,202202141041,’†‹–€ŒSº˜a’¬´…V‹,856-20,,
19384-0900-12.zip,202202141041,’†‹–€ŒSº˜a’¬´…V‹,857-1,,
19384-0900-12.zip,202202141041,’†‹–€ŒSº˜a’¬´…V‹,857-2,,
19384-0900-12.zip,202202141041,’†‹–€ŒSº˜a’¬´…V‹,857-3,,
19384-0900-12.zip,202202141041,’†‹–€ŒSº˜a’¬´…V‹,857-4,,
19384-0900-12.zip,202202141041,’†‹–€ŒSº˜a’¬´…V‹,857-5,,
19384-0900-12.zip,202202141041,’†‹–€ŒSº˜a’¬´…V‹,867-1,,
19384-0900-12.zip,202202141041,’†‹–€ŒSº˜a’¬´…V‹,897-3,,
19384-0900-12.zip,202202141041,’†‹–€ŒSº˜a’¬´…V‹,904-2,,
19384-0900-12.zip,202202141041,’†‹–€ŒSº˜a’¬´…V‹,907-1,,
19384-0900-12.zip,202202141041,’†‹–€ŒSº˜a’¬´…V‹,907-3,,
19384-0900-12.zip,202202141041,’†‹–€ŒSº˜a’¬´…V‹,907-5,,
19384-0900-12.zip,202202141041,’†‹–€ŒSº˜a’¬´…V‹,907-6,,
19384-0900-12.zip,202202141041,’†‹–€ŒSº˜a’¬´…V‹,910-1,,
19384-0900-12.zip,202202141041,’†‹–€ŒSº˜a’¬´…V‹,910-5,,
19384-0900-12.zip,202202141041,’†‹–€ŒSº˜a’¬´…V‹,–³’n”Ô-323,,
19384-0900-12.zip,202202141041,’†‹–€ŒSº˜a’¬´…V‹,“¹-9,,
19384-0900-12.zip,202202141041,’†‹–€ŒSº˜a’¬´…V‹,“¹-42,,
19384-0900-12.zip,202202141041,’†‹–€ŒSº˜a’¬´…V‹,“¹-57,,
19384-0900-12.zip,202202141041,’†‹–€ŒSº˜a’¬´…V‹,“¹-68,,
19384-0900-12.zip,202202141041,’†‹–€ŒSº˜a’¬´…V‹,“¹-73,,
19384-0900-12.zip,202202141041,’†‹–€ŒSº˜a’¬´…V‹,“¹-78,,
19384-0900-12.zip,202202141041,’†‹–€ŒSº˜a’¬´…V‹,“¹-82,,
19384-0900-12.zip,202202141041,’†‹–€ŒSº˜a’¬´…V‹,“¹-85,,
19384-0900-12.zip,202202141041,’†‹–€ŒSº˜a’¬´…V‹,“¹-89,,
19384-0900-12.zip,202202141041,’†‹–€ŒSº˜a’¬´…V‹,“¹-999,,
19384-0900-12.zip,202202141041,’†‹–€ŒSº˜a’¬´…V‹,…-72,,
19384-0900-12.zip,202202141041,’†‹–€ŒSº˜a’¬´…V‹,…-73,,
19384-0900-12.zip,202202141041,’†‹–€ŒSº˜a’¬´…V‹,…-79,,
19384-0900-12.zip,202202141041,’†‹–€ŒSº˜a’¬´…V‹,…-86,,
19384-0900-12.zip,202202141041,’†‹–€ŒSº˜a’¬´…V‹,818-4,,
19384-0900-12.zip,202202141041,’†‹–€ŒSº˜a’¬´…V‹,818-5,,
19384-0900-12.zip,202202141041,’†‹–€ŒSº˜a’¬´…V‹,818-6,,
19384-0900-12.zip,202202141041,’†‹–€ŒSº˜a’¬´…V‹,911-1,,
19384-0900-12.zip,202202141041,’†‹–€ŒSº˜a’¬´…V‹,911-2,,
19384-0900-12.zip,202202141041,’†‹–€ŒSº˜a’¬´…V‹,912,,
19384-0900-12.zip,202202141041,’†‹–€ŒSº˜a’¬´…V‹,914-1,,
19384-0900-12.zip,202202141041,’†‹–€ŒSº˜a’¬´…V‹,914-9,,
19384-0900-12.zip,202202141041,’†‹–€ŒSº˜a’¬´…V‹,915-1,,
19384-0900-12.zip,202202141041,’†‹–€ŒSº˜a’¬´…V‹,915-5,,
19384-0900-12.zip,202202141041,’†‹–€ŒSº˜a’¬´…V‹,915-8,,
19384-0900-12.zip,202202141041,’†‹–€ŒSº˜a’¬´…V‹,915-9,,
19384-0900-12.zip,202202141041,’†‹–€ŒSº˜a’¬´…V‹,915-10,,
19384-0900-12.zip,202202141041,’†‹–€ŒSº˜a’¬´…V‹,915-11,,
19384-0900-12.zip,202202141041,’†‹–€ŒSº˜a’¬´…V‹,918-1,,
19384-0900-12.zip,202202141041,’†‹–€ŒSº˜a’¬´…V‹,918-2,,
19384-0900-12.zip,202202141041,’†‹–€ŒSº˜a’¬´…V‹,918-4,,
19384-0900-12.zip,202202141041,’†‹–€ŒSº˜a’¬´…V‹,918-6,,
19384-0900-12.zip,202202141041,’†‹–€ŒSº˜a’¬´…V‹,922-1,,
19384-0900-12.zip,202202141041,’†‹–€ŒSº˜a’¬´…V‹,922-2,,
19384-0900-12.zip,202202141041,’†‹–€ŒSº˜a’¬´…V‹,922-3,,
19384-0900-12.zip,202202141041,’†‹–€ŒSº˜a’¬´…V‹,922-4,,
19384-0900-12.zip,202202141041,’†‹–€ŒSº˜a’¬´…V‹,922-5,,
19384-0900-12.zip,202202141041,’†‹–€ŒSº˜a’¬´…V‹,922-6,,
19384-0900-12.zip,202202141041,’†‹–€ŒSº˜a’¬´…V‹,922-7,,
19384-0900-12.zip,202202141041,’†‹–€ŒSº˜a’¬´…V‹,922-8,,
19384-0900-12.zip,202202141041,’†‹–€ŒSº˜a’¬´…V‹,930-1,,
19384-0900-12.zip,202202141041,’†‹–€ŒSº˜a’¬´…V‹,930-2,,
19384-0900-12.zip,202202141041,’†‹–€ŒSº˜a’¬´…V‹,930-3,,
19384-0900-12.zip,202202141041,’†‹–€ŒSº˜a’¬´…V‹,930-4,,
19384-0900-12.zip,202202141041,’†‹–€ŒSº˜a’¬´…V‹,930-5,,
19384-0900-12.zip,202202141041,’†‹–€ŒSº˜a’¬´…V‹,930-6,,
19384-0900-12.zip,202202141041,’†‹–€ŒSº˜a’¬´…V‹,938,,
19384-0900-12.zip,202202141041,’†‹–€ŒSº˜a’¬´…V‹,938-2,,
19384-0900-12.zip,202202141041,’†‹–€ŒSº˜a’¬´…V‹,939-1,,
19384-0900-12.zip,202202141041,’†‹–€ŒSº˜a’¬´…V‹,939-2,,
19384-0900-12.zip,202202141041,’†‹–€ŒSº˜a’¬´…V‹,939-4,,
19384-0900-12.zip,202202141041,’†‹–€ŒSº˜a’¬´…V‹,939-5,,
19384-0900-12.zip,202202141041,’†‹–€ŒSº˜a’¬´…V‹,939-7,,
19384-0900-12.zip,202202141041,’†‹–€ŒSº˜a’¬´…V‹,939-8,,
19384-0900-12.zip,202202141041,’†‹–€ŒSº˜a’¬´…V‹,939-9,,
19384-0900-12.zip,202202141041,’†‹–€ŒSº˜a’¬´…V‹,939-10,,
19384-0900-12.zip,202202141041,’†‹–€ŒSº˜a’¬´…V‹,940,,
19384-0900-12.zip,202202141041,’†‹–€ŒSº˜a’¬´…V‹,943-2,,
19384-0900-12.zip,202202141041,’†‹–€ŒSº˜a’¬´…V‹,949-2,,
19384-0900-12.zip,202202141041,’†‹–€ŒSº˜a’¬´…V‹,949-3,,
19384-0900-12.zip,202202141041,’†‹–€ŒSº˜a’¬´…V‹,950-2,,
19384-0900-12.zip,202202141041,’†‹–€ŒSº˜a’¬´…V‹,951-1,,
19384-0900-12.zip,202202141041,’†‹–€ŒSº˜a’¬´…V‹,951-2,,
19384-0900-12.zip,202202141041,’†‹–€ŒSº˜a’¬´…V‹,958-2,,
19384-0900-12.zip,202202141041,’†‹–€ŒSº˜a’¬´…V‹,958-3,,
19384-0900-12.zip,202202141041,’†‹–€ŒSº˜a’¬´…V‹,958-4,,
19384-0900-12.zip,202202141041,’†‹–€ŒSº˜a’¬´…V‹,958-5,,
19384-0900-12.zip,202202141041,’†‹–€ŒSº˜a’¬´…V‹,959-1,,
19384-0900-12.zip,202202141041,’†‹–€ŒSº˜a’¬´…V‹,959-2,,
19384-0900-12.zip,202202141041,’†‹–€ŒSº˜a’¬´…V‹,961-1,,
19384-0900-12.zip,202202141041,’†‹–€ŒSº˜a’¬´…V‹,961-2,,
19384-0900-12.zip,202202141041,’†‹–€ŒSº˜a’¬´…V‹,961-3,,
19384-0900-12.zip,202202141041,’†‹–€ŒSº˜a’¬´…V‹,961-4,,
19384-0900-12.zip,202202141041,’†‹–€ŒSº˜a’¬´…V‹,961-5,,
19384-0900-12.zip,202202141041,’†‹–€ŒSº˜a’¬´…V‹,962-1,,
19384-0900-12.zip,202202141041,’†‹–€ŒSº˜a’¬´…V‹,962-2,,
19384-0900-12.zip,202202141041,’†‹–€ŒSº˜a’¬´…V‹,962-3,,
19384-0900-12.zip,202202141041,’†‹–€ŒSº˜a’¬´…V‹,964,,
19384-0900-12.zip,202202141041,’†‹–€ŒSº˜a’¬´…V‹,965,,
19384-0900-12.zip,202202141041,’†‹–€ŒSº˜a’¬´…V‹,966-5,,
19384-0900-12.zip,202202141041,’†‹–€ŒSº˜a’¬´…V‹,966-6,,
19384-0900-12.zip,202202141041,’†‹–€ŒSº˜a’¬´…V‹,968-1,,
19384-0900-12.zip,202202141041,’†‹–€ŒSº˜a’¬´…V‹,968-2,,
19384-0900-12.zip,202202141041,’†‹–€ŒSº˜a’¬´…V‹,968-3,,
19384-0900-12.zip,202202141041,’†‹–€ŒSº˜a’¬´…V‹,971-1,,
19384-0900-12.zip,202202141041,’†‹–€ŒSº˜a’¬´…V‹,971-5,,
19384-0900-12.zip,202202141041,’†‹–€ŒSº˜a’¬´…V‹,972-1,,
19384-0900-12.zip,202202141041,’†‹–€ŒSº˜a’¬´…V‹,972-2,,
19384-0900-12.zip,202202141041,’†‹–€ŒSº˜a’¬´…V‹,973-1,,
19384-0900-12.zip,202202141041,’†‹–€ŒSº˜a’¬´…V‹,973-2,,
19384-0900-12.zip,202202141041,’†‹–€ŒSº˜a’¬´…V‹,974-1,,
19384-0900-12.zip,202202141041,’†‹–€ŒSº˜a’¬´…V‹,974-2,,
19384-0900-12.zip,202202141041,’†‹–€ŒSº˜a’¬´…V‹,975-1,,
19384-0900-12.zip,202202141041,’†‹–€ŒSº˜a’¬´…V‹,976-1,,
19384-0900-12.zip,202202141041,’†‹–€ŒSº˜a’¬´…V‹,976-3,,
19384-0900-12.zip,202202141041,’†‹–€ŒSº˜a’¬´…V‹,977-1,,
19384-0900-12.zip,202202141041,’†‹–€ŒSº˜a’¬´…V‹,977-2,,
19384-0900-12.zip,202202141041,’†‹–€ŒSº˜a’¬´…V‹,977-3,,
19384-0900-12.zip,202202141041,’†‹–€ŒSº˜a’¬´…V‹,977-4,,
19384-0900-12.zip,202202141041,’†‹–€ŒSº˜a’¬´…V‹,978-1,,
19384-0900-12.zip,202202141041,’†‹–€ŒSº˜a’¬´…V‹,978-2,,
19384-0900-12.zip,202202141041,’†‹–€ŒSº˜a’¬´…V‹,981,,
19384-0900-12.zip,202202141041,’†‹–€ŒSº˜a’¬´…V‹,981-2,,
19384-0900-12.zip,202202141041,’†‹–€ŒSº˜a’¬´…V‹,982-1,,
19384-0900-12.zip,202202141041,’†‹–€ŒSº˜a’¬´…V‹,982-4,,
19384-0900-12.zip,202202141041,’†‹–€ŒSº˜a’¬´…V‹,982-5,,
19384-0900-12.zip,202202141041,’†‹–€ŒSº˜a’¬´…V‹,983-2,,
19384-0900-12.zip,202202141041,’†‹–€ŒSº˜a’¬´…V‹,983-3,,
19384-0900-12.zip,202202141041,’†‹–€ŒSº˜a’¬´…V‹,983-4,,
19384-0900-12.zip,202202141041,’†‹–€ŒSº˜a’¬´…V‹,983-5,,
19384-0900-12.zip,202202141041,’†‹–€ŒSº˜a’¬´…V‹,983-6,,
19384-0900-12.zip,202202141041,’†‹–€ŒSº˜a’¬´…V‹,983-7,,
19384-0900-12.zip,202202141041,’†‹–€ŒSº˜a’¬´…V‹,983-8,,
19384-0900-12.zip,202202141041,’†‹–€ŒSº˜a’¬´…V‹,983-9,,
19384-0900-12.zip,202202141041,’†‹–€ŒSº˜a’¬´…V‹,983-10,,
19384-0900-12.zip,202202141041,’†‹–€ŒSº˜a’¬´…V‹,983-11,,
19384-0900-12.zip,202202141041,’†‹–€ŒSº˜a’¬´…V‹,983-14,,
19384-0900-12.zip,202202141041,’†‹–€ŒSº˜a’¬´…V‹,983-15,,
19384-0900-12.zip,202202141041,’†‹–€ŒSº˜a’¬´…V‹,983-16,,
19384-0900-12.zip,202202141041,’†‹–€ŒSº˜a’¬´…V‹,985-1,,
19384-0900-12.zip,202202141041,’†‹–€ŒSº˜a’¬´…V‹,988-3,,
19384-0900-12.zip,202202141041,’†‹–€ŒSº˜a’¬´…V‹,992-1,,
19384-0900-12.zip,202202141041,’†‹–€ŒSº˜a’¬´…V‹,992-2,,
19384-0900-12.zip,202202141041,’†‹–€ŒSº˜a’¬´…V‹,992-3,,
19384-0900-12.zip,202202141041,’†‹–€ŒSº˜a’¬´…V‹,993-1,,
19384-0900-12.zip,202202141041,’†‹–€ŒSº˜a’¬´…V‹,993-2,,
19384-0900-12.zip,202202141041,’†‹–€ŒSº˜a’¬´…V‹,994,,
19384-0900-12.zip,202202141041,’†‹–€ŒSº˜a’¬´…V‹,995,,
19384-0900-12.zip,202202141041,’†‹–€ŒSº˜a’¬´…V‹,998,,
19384-0900-12.zip,202202141041,’†‹–€ŒSº˜a’¬´…V‹,998-2,,
19384-0900-12.zip,202202141041,’†‹–€ŒSº˜a’¬´…V‹,999-6,,
19384-0900-12.zip,202202141041,’†‹–€ŒSº˜a’¬´…V‹,1004,,
19384-0900-12.zip,202202141041,’†‹–€ŒSº˜a’¬´…V‹,1007,,
19384-0900-12.zip,202202141041,’†‹–€ŒSº˜a’¬´…V‹,1008-1,,
19384-0900-12.zip,202202141041,’†‹–€ŒSº˜a’¬´…V‹,1008-2,,
19384-0900-12.zip,202202141041,’†‹–€ŒSº˜a’¬´…V‹,1009-1,,
19384-0900-12.zip,202202141041,’†‹–€ŒSº˜a’¬´…V‹,1009-2,,
19384-0900-12.zip,202202141041,’†‹–€ŒSº˜a’¬´…V‹,1009-6,,
19384-0900-12.zip,202202141041,’†‹–€ŒSº˜a’¬´…V‹,1009-7,,
19384-0900-12.zip,202202141041,’†‹–€ŒSº˜a’¬´…V‹,1009-8,,
19384-0900-12.zip,202202141041,’†‹–€ŒSº˜a’¬´…V‹,1009-10,,
19384-0900-12.zip,202202141041,’†‹–€ŒSº˜a’¬´…V‹,1013-1,,
19384-0900-12.zip,202202141041,’†‹–€ŒSº˜a’¬´…V‹,1013-2,,
19384-0900-12.zip,202202141041,’†‹–€ŒSº˜a’¬´…V‹,1014,,
19384-0900-12.zip,202202141041,’†‹–€ŒSº˜a’¬´…V‹,1017,,
19384-0900-12.zip,202202141041,’†‹–€ŒSº˜a’¬´…V‹,1019-1,,
19384-0900-12.zip,202202141041,’†‹–€ŒSº˜a’¬´…V‹,1019-3,,
19384-0900-12.zip,202202141041,’†‹–€ŒSº˜a’¬´…V‹,1020-1,,
19384-0900-12.zip,202202141041,’†‹–€ŒSº˜a’¬´…V‹,1021-1,,
19384-0900-12.zip,202202141041,’†‹–€ŒSº˜a’¬´…V‹,1021-3,,
19384-0900-12.zip,202202141041,’†‹–€ŒSº˜a’¬´…V‹,1021-5,,
19384-0900-12.zip,202202141041,’†‹–€ŒSº˜a’¬´…V‹,1021-6,,
19384-0900-12.zip,202202141041,’†‹–€ŒSº˜a’¬´…V‹,1022-1,,
19384-0900-12.zip,202202141041,’†‹–€ŒSº˜a’¬´…V‹,1022-2,,
19384-0900-12.zip,202202141041,’†‹–€ŒSº˜a’¬´…V‹,1022-3,,
19384-0900-12.zip,202202141041,’†‹–€ŒSº˜a’¬´…V‹,1022-4,,
19384-0900-12.zip,202202141041,’†‹–€ŒSº˜a’¬´…V‹,1023,,
19384-0900-12.zip,202202141041,’†‹–€ŒSº˜a’¬´…V‹,1023-2,,
19384-0900-12.zip,202202141041,’†‹–€ŒSº˜a’¬´…V‹,1023-3,,
19384-0900-12.zip,202202141041,’†‹–€ŒSº˜a’¬´…V‹,1025,,
19384-0900-12.zip,202202141041,’†‹–€ŒSº˜a’¬´…V‹,1025-2,,
19384-0900-12.zip,202202141041,’†‹–€ŒSº˜a’¬´…V‹,1026-1,,
19384-0900-12.zip,202202141041,’†‹–€ŒSº˜a’¬´…V‹,1026-2,,
19384-0900-12.zip,202202141041,’†‹–€ŒSº˜a’¬´…V‹,1026-3,,
19384-0900-12.zip,202202141041,’†‹–€ŒSº˜a’¬´…V‹,1027-1,,
19384-0900-12.zip,202202141041,’†‹–€ŒSº˜a’¬´…V‹,1027-2,,
19384-0900-12.zip,202202141041,’†‹–€ŒSº˜a’¬´…V‹,1027-3,,
19384-0900-12.zip,202202141041,’†‹–€ŒSº˜a’¬´…V‹,1028-1,,
19384-0900-12.zip,202202141041,’†‹–€ŒSº˜a’¬´…V‹,1028-3,,
19384-0900-12.zip,202202141041,’†‹–€ŒSº˜a’¬´…V‹,1028-4,,
19384-0900-12.zip,202202141041,’†‹–€ŒSº˜a’¬´…V‹,1028-5,,
19384-0900-12.zip,202202141041,’†‹–€ŒSº˜a’¬´…V‹,1028-6,,
19384-0900-12.zip,202202141041,’†‹–€ŒSº˜a’¬´…V‹,1028-7,,
19384-0900-12.zip,202202141041,’†‹–€ŒSº˜a’¬´…V‹,1029-1,,
19384-0900-12.zip,202202141041,’†‹–€ŒSº˜a’¬´…V‹,1029-2,,
19384-0900-12.zip,202202141041,’†‹–€ŒSº˜a’¬´…V‹,1030,,
19384-0900-12.zip,202202141041,’†‹–€ŒSº˜a’¬´…V‹,1031,,
19384-0900-12.zip,202202141041,’†‹–€ŒSº˜a’¬´…V‹,1031-2,,
19384-0900-12.zip,202202141041,’†‹–€ŒSº˜a’¬´…V‹,1032-1,,
19384-0900-12.zip,202202141041,’†‹–€ŒSº˜a’¬´…V‹,1032-2,,
19384-0900-12.zip,202202141041,’†‹–€ŒSº˜a’¬´…V‹,1033,,
19384-0900-12.zip,202202141041,’†‹–€ŒSº˜a’¬´…V‹,1034-1,,
19384-0900-12.zip,202202141041,’†‹–€ŒSº˜a’¬´…V‹,1039,,
19384-0900-12.zip,202202141041,’†‹–€ŒSº˜a’¬´…V‹,1040-1,,
19384-0900-12.zip,202202141041,’†‹–€ŒSº˜a’¬´…V‹,1040-2,,
19384-0900-12.zip,202202141041,’†‹–€ŒSº˜a’¬´…V‹,1040-3,,
19384-0900-12.zip,202202141041,’†‹–€ŒSº˜a’¬´…V‹,1040-4,,
19384-0900-12.zip,202202141041,’†‹–€ŒSº˜a’¬´…V‹,1040-5,,
19384-0900-12.zip,202202141041,’†‹–€ŒSº˜a’¬´…V‹,1041-4,,
19384-0900-12.zip,202202141041,’†‹–€ŒSº˜a’¬´…V‹,1041-5,,
19384-0900-12.zip,202202141041,’†‹–€ŒSº˜a’¬´…V‹,1041-6,,
19384-0900-12.zip,202202141041,’†‹–€ŒSº˜a’¬´…V‹,1041-7,,
19384-0900-12.zip,202202141041,’†‹–€ŒSº˜a’¬´…V‹,1043-1,,
19384-0900-12.zip,202202141041,’†‹–€ŒSº˜a’¬´…V‹,1043-2,,
19384-0900-12.zip,202202141041,’†‹–€ŒSº˜a’¬´…V‹,1073-11,,
19384-0900-12.zip,202202141041,’†‹–€ŒSº˜a’¬´…V‹,1073-12,,
19384-0900-12.zip,202202141041,’†‹–€ŒSº˜a’¬´…V‹,1073-13,,
19384-0900-12.zip,202202141041,’†‹–€ŒSº˜a’¬´…V‹,“¹-7,,
19384-0900-12.zip,202202141041,’†‹–€ŒSº˜a’¬´…V‹,“¹-8,,
19384-0900-12.zip,202202141041,’†‹–€ŒSº˜a’¬´…V‹,“¹-56,,
19384-0900-12.zip,202202141041,’†‹–€ŒSº˜a’¬´…V‹,“¹-61,,
19384-0900-12.zip,202202141041,’†‹–€ŒSº˜a’¬´…V‹,“¹-92,,
19384-0900-12.zip,202202141041,’†‹–€ŒSº˜a’¬´…V‹,“¹-94,,
19384-0900-12.zip,202202141041,’†‹–€ŒSº˜a’¬´…V‹,“¹-95,,
19384-0900-12.zip,202202141041,’†‹–€ŒSº˜a’¬´…V‹,“¹-98,,
19384-0900-12.zip,202202141041,’†‹–€ŒSº˜a’¬´…V‹,“¹-102,,
19384-0900-12.zip,202202141041,’†‹–€ŒSº˜a’¬´…V‹,“¹-149,,
19384-0900-12.zip,202202141041,’†‹–€ŒSº˜a’¬´…V‹,…-2,,
19384-0900-12.zip,202202141041,’†‹–€ŒSº˜a’¬´…V‹,…-7,,
19384-0900-12.zip,202202141041,’†‹–€ŒSº˜a’¬´…V‹,…-82,,
19384-0900-12.zip,202202141041,’†‹–€ŒSº˜a’¬´…V‹,…-84,,
19384-0900-12.zip,202202141041,’†‹–€ŒSº˜a’¬´…V‹,…-88,,
19384-0900-12.zip,202202141041,’†‹–€ŒSº˜a’¬´…V‹,…-93,,
19384-0900-12.zip,202202141041,’†‹–€ŒSº˜a’¬´…V‹,1046-1,,
19384-0900-12.zip,202202141041,’†‹–€ŒSº˜a’¬´…V‹,1046-4,,
19384-0900-12.zip,202202141041,’†‹–€ŒSº˜a’¬´…V‹,1047,,
19384-0900-12.zip,202202141041,’†‹–€ŒSº˜a’¬´…V‹,1048-1,,
19384-0900-12.zip,202202141041,’†‹–€ŒSº˜a’¬´…V‹,1048-3,,
19384-0900-12.zip,202202141041,’†‹–€ŒSº˜a’¬´…V‹,1048-5,,
19384-0900-12.zip,202202141041,’†‹–€ŒSº˜a’¬´…V‹,1052-3,,
19384-0900-12.zip,202202141041,’†‹–€ŒSº˜a’¬´…V‹,1052-5,,
19384-0900-12.zip,202202141041,’†‹–€ŒSº˜a’¬´…V‹,1054,,
19384-0900-12.zip,202202141041,’†‹–€ŒSº˜a’¬´…V‹,1056-1,,
19384-0900-12.zip,202202141041,’†‹–€ŒSº˜a’¬´…V‹,1067-1,,
19384-0900-12.zip,202202141041,’†‹–€ŒSº˜a’¬´…V‹,1067-3,,
19384-0900-12.zip,202202141041,’†‹–€ŒSº˜a’¬´…V‹,1068-1,,
19384-0900-12.zip,202202141041,’†‹–€ŒSº˜a’¬´…V‹,1069,,
19384-0900-12.zip,202202141041,’†‹–€ŒSº˜a’¬´…V‹,1071,,
19384-0900-12.zip,202202141041,’†‹–€ŒSº˜a’¬´…V‹,1071-2,,
19384-0900-12.zip,202202141041,’†‹–€ŒSº˜a’¬´…V‹,1077-1,,
19384-0900-12.zip,202202141041,’†‹–€ŒSº˜a’¬´…V‹,1077-2,,
19384-0900-12.zip,202202141041,’†‹–€ŒSº˜a’¬´…V‹,1078,,
19384-0900-12.zip,202202141041,’†‹–€ŒSº˜a’¬´…V‹,1079,,
19384-0900-12.zip,202202141041,’†‹–€ŒSº˜a’¬´…V‹,1082-2,,
19384-0900-12.zip,202202141041,’†‹–€ŒSº˜a’¬´…V‹,1083-5,,
19384-0900-12.zip,202202141041,’†‹–€ŒSº˜a’¬´…V‹,1083-7,,
19384-0900-12.zip,202202141041,’†‹–€ŒSº˜a’¬´…V‹,1085-1,,
19384-0900-12.zip,202202141041,’†‹–€ŒSº˜a’¬´…V‹,1086-1,,
19384-0900-12.zip,202202141041,’†‹–€ŒSº˜a’¬´…V‹,1087-1,,
19384-0900-12.zip,202202141041,’†‹–€ŒSº˜a’¬´…V‹,1087-2,,
19384-0900-12.zip,202202141041,’†‹–€ŒSº˜a’¬´…V‹,1089-2,,
19384-0900-12.zip,202202141041,’†‹–€ŒSº˜a’¬´…V‹,1090,,
19384-0900-12.zip,202202141041,’†‹–€ŒSº˜a’¬´…V‹,1096-5,,
19384-0900-12.zip,202202141041,’†‹–€ŒSº˜a’¬´…V‹,1098-1,,
19384-0900-12.zip,202202141041,’†‹–€ŒSº˜a’¬´…V‹,1098-2,,
19384-0900-12.zip,202202141041,’†‹–€ŒSº˜a’¬´…V‹,1098-3,,
19384-0900-12.zip,202202141041,’†‹–€ŒSº˜a’¬´…V‹,1101-1,,
19384-0900-12.zip,202202141041,’†‹–€ŒSº˜a’¬´…V‹,1101-3,,
19384-0900-12.zip,202202141041,’†‹–€ŒSº˜a’¬´…V‹,1102-1,,
19384-0900-12.zip,202202141041,’†‹–€ŒSº˜a’¬´…V‹,1102-2,,
19384-0900-12.zip,202202141041,’†‹–€ŒSº˜a’¬´…V‹,1103-1,,
19384-0900-12.zip,202202141041,’†‹–€ŒSº˜a’¬´…V‹,1103-2,,
19384-0900-12.zip,202202141041,’†‹–€ŒSº˜a’¬´…V‹,1103-5,,
19384-0900-12.zip,202202141041,’†‹–€ŒSº˜a’¬´…V‹,1104-1,,
19384-0900-12.zip,202202141041,’†‹–€ŒSº˜a’¬´…V‹,1104-2,,
19384-0900-12.zip,202202141041,’†‹–€ŒSº˜a’¬´…V‹,1105,,
19384-0900-12.zip,202202141041,’†‹–€ŒSº˜a’¬´…V‹,1106-1,,
19384-0900-12.zip,202202141041,’†‹–€ŒSº˜a’¬´…V‹,1106-2,,
19384-0900-12.zip,202202141041,’†‹–€ŒSº˜a’¬´…V‹,1108-1,,
19384-0900-12.zip,202202141041,’†‹–€ŒSº˜a’¬´…V‹,1108-2,,
19384-0900-12.zip,202202141041,’†‹–€ŒSº˜a’¬´…V‹,1108-3,,
19384-0900-12.zip,202202141041,’†‹–€ŒSº˜a’¬´…V‹,1109-1,,
19384-0900-12.zip,202202141041,’†‹–€ŒSº˜a’¬´…V‹,1109-3,,
19384-0900-12.zip,202202141041,’†‹–€ŒSº˜a’¬´…V‹,1109-4,,
19384-0900-12.zip,202202141041,’†‹–€ŒSº˜a’¬´…V‹,1109-5,,
19384-0900-12.zip,202202141041,’†‹–€ŒSº˜a’¬´…V‹,1109-6,,
19384-0900-12.zip,202202141041,’†‹–€ŒSº˜a’¬´…V‹,1109-7,,
19384-0900-12.zip,202202141041,’†‹–€ŒSº˜a’¬´…V‹,1110-1,,
19384-0900-12.zip,202202141041,’†‹–€ŒSº˜a’¬´…V‹,1110-2,,
19384-0900-12.zip,202202141041,’†‹–€ŒSº˜a’¬´…V‹,1111,,
19384-0900-12.zip,202202141041,’†‹–€ŒSº˜a’¬´…V‹,1114-4,,
19384-0900-12.zip,202202141041,’†‹–€ŒSº˜a’¬´…V‹,1114-5,,
19384-0900-12.zip,202202141041,’†‹–€ŒSº˜a’¬´…V‹,1114-6,,
19384-0900-12.zip,202202141041,’†‹–€ŒSº˜a’¬´…V‹,1114-7,,
19384-0900-12.zip,202202141041,’†‹–€ŒSº˜a’¬´…V‹,1114-8,,
19384-0900-12.zip,202202141041,’†‹–€ŒSº˜a’¬´…V‹,1114-10,,
19384-0900-12.zip,202202141041,’†‹–€ŒSº˜a’¬´…V‹,1114-11,,
19384-0900-12.zip,202202141041,’†‹–€ŒSº˜a’¬´…V‹,1114-13,,
19384-0900-12.zip,202202141041,’†‹–€ŒSº˜a’¬´…V‹,1114-15,,
19384-0900-12.zip,202202141041,’†‹–€ŒSº˜a’¬´…V‹,1114-16,,
19384-0900-12.zip,202202141041,’†‹–€ŒSº˜a’¬´…V‹,1114-17,,
19384-0900-12.zip,202202141041,’†‹–€ŒSº˜a’¬´…V‹,1114-18,,
19384-0900-12.zip,202202141041,’†‹–€ŒSº˜a’¬´…V‹,1117-1,,
19384-0900-12.zip,202202141041,’†‹–€ŒSº˜a’¬´…V‹,1118-1,,
19384-0900-12.zip,202202141041,’†‹–€ŒSº˜a’¬´…V‹,1120-1,,
19384-0900-12.zip,202202141041,’†‹–€ŒSº˜a’¬´…V‹,1120-4,,
19384-0900-12.zip,202202141041,’†‹–€ŒSº˜a’¬´…V‹,1121-1,,
19384-0900-12.zip,202202141041,’†‹–€ŒSº˜a’¬´…V‹,1121-4,,
19384-0900-12.zip,202202141041,’†‹–€ŒSº˜a’¬´…V‹,1123-1,,
19384-0900-12.zip,202202141041,’†‹–€ŒSº˜a’¬´…V‹,1123-2,,
19384-0900-12.zip,202202141041,’†‹–€ŒSº˜a’¬´…V‹,1124-1,,
19384-0900-12.zip,202202141041,’†‹–€ŒSº˜a’¬´…V‹,1124-2,,
19384-0900-12.zip,202202141041,’†‹–€ŒSº˜a’¬´…V‹,1124-3,,
19384-0900-12.zip,202202141041,’†‹–€ŒSº˜a’¬´…V‹,1125-2,,
19384-0900-12.zip,202202141041,’†‹–€ŒSº˜a’¬´…V‹,1125-3,,
19384-0900-12.zip,202202141041,’†‹–€ŒSº˜a’¬´…V‹,1125-4,,
19384-0900-12.zip,202202141041,’†‹–€ŒSº˜a’¬´…V‹,1129-2,,
19384-0900-12.zip,202202141041,’†‹–€ŒSº˜a’¬´…V‹,1130-1,,
19384-0900-12.zip,202202141041,’†‹–€ŒSº˜a’¬´…V‹,1130-2,,
19384-0900-12.zip,202202141041,’†‹–€ŒSº˜a’¬´…V‹,1130-4,,
19384-0900-12.zip,202202141041,’†‹–€ŒSº˜a’¬´…V‹,1130-6,,
19384-0900-12.zip,202202141041,’†‹–€ŒSº˜a’¬´…V‹,1132-2,,
19384-0900-12.zip,202202141041,’†‹–€ŒSº˜a’¬´…V‹,1133-1,,
19384-0900-12.zip,202202141041,’†‹–€ŒSº˜a’¬´…V‹,1133-2,,
19384-0900-12.zip,202202141041,’†‹–€ŒSº˜a’¬´…V‹,1133-3,,
19384-0900-12.zip,202202141041,’†‹–€ŒSº˜a’¬´…V‹,1133-4,,
19384-0900-12.zip,202202141041,’†‹–€ŒSº˜a’¬´…V‹,1133-5,,
19384-0900-12.zip,202202141041,’†‹–€ŒSº˜a’¬´…V‹,1133-6,,
19384-0900-12.zip,202202141041,’†‹–€ŒSº˜a’¬´…V‹,1134-2,,
19384-0900-12.zip,202202141041,’†‹–€ŒSº˜a’¬´…V‹,1136-3,,
19384-0900-12.zip,202202141041,’†‹–€ŒSº˜a’¬´…V‹,1136-4,,
19384-0900-12.zip,202202141041,’†‹–€ŒSº˜a’¬´…V‹,1136-6,,
19384-0900-12.zip,202202141041,’†‹–€ŒSº˜a’¬´…V‹,1137-2,,
19384-0900-12.zip,202202141041,’†‹–€ŒSº˜a’¬´…V‹,1141-1,,
19384-0900-12.zip,202202141041,’†‹–€ŒSº˜a’¬´…V‹,1143-2,,
19384-0900-12.zip,202202141041,’†‹–€ŒSº˜a’¬´…V‹,1144,,
19384-0900-12.zip,202202141041,’†‹–€ŒSº˜a’¬´…V‹,1147-2,,
19384-0900-12.zip,202202141041,’†‹–€ŒSº˜a’¬´…V‹,1147-6,,
19384-0900-12.zip,202202141041,’†‹–€ŒSº˜a’¬´…V‹,1147-7,,
19384-0900-12.zip,202202141041,’†‹–€ŒSº˜a’¬´…V‹,1149,,
19384-0900-12.zip,202202141041,’†‹–€ŒSº˜a’¬´…V‹,1150-2,,
19384-0900-12.zip,202202141041,’†‹–€ŒSº˜a’¬´…V‹,1150-3,,
19384-0900-12.zip,202202141041,’†‹–€ŒSº˜a’¬´…V‹,1150-4,,
19384-0900-12.zip,202202141041,’†‹–€ŒSº˜a’¬´…V‹,1150-5,,
19384-0900-12.zip,202202141041,’†‹–€ŒSº˜a’¬´…V‹,1151,,
19384-0900-12.zip,202202141041,’†‹–€ŒSº˜a’¬´…V‹,1160,,
19384-0900-12.zip,202202141041,’†‹–€ŒSº˜a’¬´…V‹,1161,,
19384-0900-12.zip,202202141041,’†‹–€ŒSº˜a’¬´…V‹,1162-1,,
19384-0900-12.zip,202202141041,’†‹–€ŒSº˜a’¬´…V‹,1163-1,,
19384-0900-12.zip,202202141041,’†‹–€ŒSº˜a’¬´…V‹,1163-2,,
19384-0900-12.zip,202202141041,’†‹–€ŒSº˜a’¬´…V‹,1163-5,,
19384-0900-12.zip,202202141041,’†‹–€ŒSº˜a’¬´…V‹,1164-1,,
19384-0900-12.zip,202202141041,’†‹–€ŒSº˜a’¬´…V‹,1165,,
19384-0900-12.zip,202202141041,’†‹–€ŒSº˜a’¬´…V‹,1167,,
19384-0900-12.zip,202202141041,’†‹–€ŒSº˜a’¬´…V‹,1168-1,,
19384-0900-12.zip,202202141041,’†‹–€ŒSº˜a’¬´…V‹,1168-2,,
19384-0900-12.zip,202202141041,’†‹–€ŒSº˜a’¬´…V‹,1168-3,,
19384-0900-12.zip,202202141041,’†‹–€ŒSº˜a’¬´…V‹,1168-4,,
19384-0900-12.zip,202202141041,’†‹–€ŒSº˜a’¬´…V‹,1169-2,,
19384-0900-12.zip,202202141041,’†‹–€ŒSº˜a’¬´…V‹,1169-5,,
19384-0900-12.zip,202202141041,’†‹–€ŒSº˜a’¬´…V‹,1169-6,,
19384-0900-12.zip,202202141041,’†‹–€ŒSº˜a’¬´…V‹,1169-7,,
19384-0900-12.zip,202202141041,’†‹–€ŒSº˜a’¬´…V‹,1169-9,,
19384-0900-12.zip,202202141041,’†‹–€ŒSº˜a’¬´…V‹,1169-10,,
19384-0900-12.zip,202202141041,’†‹–€ŒSº˜a’¬´…V‹,1169-11,,
19384-0900-12.zip,202202141041,’†‹–€ŒSº˜a’¬´…V‹,1170-1,,
19384-0900-12.zip,202202141041,’†‹–€ŒSº˜a’¬´…V‹,1170-2,,
19384-0900-12.zip,202202141041,’†‹–€ŒSº˜a’¬´…V‹,1170-5,,
19384-0900-12.zip,202202141041,’†‹–€ŒSº˜a’¬´…V‹,1170-6,,
19384-0900-12.zip,202202141041,’†‹–€ŒSº˜a’¬´…V‹,1173-1,,
19384-0900-12.zip,202202141041,’†‹–€ŒSº˜a’¬´…V‹,1173-2,,
19384-0900-12.zip,202202141041,’†‹–€ŒSº˜a’¬´…V‹,1173-3,,
19384-0900-12.zip,202202141041,’†‹–€ŒSº˜a’¬´…V‹,1173-4,,
19384-0900-12.zip,202202141041,’†‹–€ŒSº˜a’¬´…V‹,1173-5,,
19384-0900-12.zip,202202141041,’†‹–€ŒSº˜a’¬´…V‹,1176-1,,
19384-0900-12.zip,202202141041,’†‹–€ŒSº˜a’¬´…V‹,1176-2,,
19384-0900-12.zip,202202141041,’†‹–€ŒSº˜a’¬´…V‹,1180-2,,
19384-0900-12.zip,202202141041,’†‹–€ŒSº˜a’¬´…V‹,1181-2,,
19384-0900-12.zip,202202141041,’†‹–€ŒSº˜a’¬´…V‹,1184,,
19384-0900-12.zip,202202141041,’†‹–€ŒSº˜a’¬´…V‹,1186-1,,
19384-0900-12.zip,202202141041,’†‹–€ŒSº˜a’¬´…V‹,1186-4,,
19384-0900-12.zip,202202141041,’†‹–€ŒSº˜a’¬´…V‹,1189-4,,
19384-0900-12.zip,202202141041,’†‹–€ŒSº˜a’¬´…V‹,1189-5,,
19384-0900-12.zip,202202141041,’†‹–€ŒSº˜a’¬´…V‹,1190-1,,
19384-0900-12.zip,202202141041,’†‹–€ŒSº˜a’¬´…V‹,1190-3,,
19384-0900-12.zip,202202141041,’†‹–€ŒSº˜a’¬´…V‹,1190-4,,
19384-0900-12.zip,202202141041,’†‹–€ŒSº˜a’¬´…V‹,1190-5,,
19384-0900-12.zip,202202141041,’†‹–€ŒSº˜a’¬´…V‹,1190-6,,
19384-0900-12.zip,202202141041,’†‹–€ŒSº˜a’¬´…V‹,1200-1,,
19384-0900-12.zip,202202141041,’†‹–€ŒSº˜a’¬´…V‹,1200-2,,
19384-0900-12.zip,202202141041,’†‹–€ŒSº˜a’¬´…V‹,1201-1,,
19384-0900-12.zip,202202141041,’†‹–€ŒSº˜a’¬´…V‹,1201-2,,
19384-0900-12.zip,202202141041,’†‹–€ŒSº˜a’¬´…V‹,1201-3,,
19384-0900-12.zip,202202141041,’†‹–€ŒSº˜a’¬´…V‹,1202-2,,
19384-0900-12.zip,202202141041,’†‹–€ŒSº˜a’¬´…V‹,1203-1,,
19384-0900-12.zip,202202141041,’†‹–€ŒSº˜a’¬´…V‹,1203-3,,
19384-0900-12.zip,202202141041,’†‹–€ŒSº˜a’¬´…V‹,1204-1,,
19384-0900-12.zip,202202141041,’†‹–€ŒSº˜a’¬´…V‹,1204-2,,
19384-0900-12.zip,202202141041,’†‹–€ŒSº˜a’¬´…V‹,1204-3,,
19384-0900-12.zip,202202141041,’†‹–€ŒSº˜a’¬´…V‹,1204-4,,
19384-0900-12.zip,202202141041,’†‹–€ŒSº˜a’¬´…V‹,1205-2,,
19384-0900-12.zip,202202141041,’†‹–€ŒSº˜a’¬´…V‹,1205-3,,
19384-0900-12.zip,202202141041,’†‹–€ŒSº˜a’¬´…V‹,1207-2,,
19384-0900-12.zip,202202141041,’†‹–€ŒSº˜a’¬´…V‹,1207-5,,
19384-0900-12.zip,202202141041,’†‹–€ŒSº˜a’¬´…V‹,1208-1,,
19384-0900-12.zip,202202141041,’†‹–€ŒSº˜a’¬´…V‹,1208-2,,
19384-0900-12.zip,202202141041,’†‹–€ŒSº˜a’¬´…V‹,1209,,
19384-0900-12.zip,202202141041,’†‹–€ŒSº˜a’¬´…V‹,1210-1,,
19384-0900-12.zip,202202141041,’†‹–€ŒSº˜a’¬´…V‹,1210-2,,
19384-0900-12.zip,202202141041,’†‹–€ŒSº˜a’¬´…V‹,1210-3,,
19384-0900-12.zip,202202141041,’†‹–€ŒSº˜a’¬´…V‹,1211-1,,
19384-0900-12.zip,202202141041,’†‹–€ŒSº˜a’¬´…V‹,1211-2,,
19384-0900-12.zip,202202141041,’†‹–€ŒSº˜a’¬´…V‹,1211-3,,
19384-0900-12.zip,202202141041,’†‹–€ŒSº˜a’¬´…V‹,1212-2,,
19384-0900-12.zip,202202141041,’†‹–€ŒSº˜a’¬´…V‹,1213-1,,
19384-0900-12.zip,202202141041,’†‹–€ŒSº˜a’¬´…V‹,1213-2,,
19384-0900-12.zip,202202141041,’†‹–€ŒSº˜a’¬´…V‹,1215-1,,
19384-0900-12.zip,202202141041,’†‹–€ŒSº˜a’¬´…V‹,1215-2,,
19384-0900-12.zip,202202141041,’†‹–€ŒSº˜a’¬´…V‹,1215-3,,
19384-0900-12.zip,202202141041,’†‹–€ŒSº˜a’¬´…V‹,1216-1,,
19384-0900-12.zip,202202141041,’†‹–€ŒSº˜a’¬´…V‹,1216-2,,
19384-0900-12.zip,202202141041,’†‹–€ŒSº˜a’¬´…V‹,1218-4,,
19384-0900-12.zip,202202141041,’†‹–€ŒSº˜a’¬´…V‹,1220-1,,
19384-0900-12.zip,202202141041,’†‹–€ŒSº˜a’¬´…V‹,1220-3,,
19384-0900-12.zip,202202141041,’†‹–€ŒSº˜a’¬´…V‹,1220-4,,
19384-0900-12.zip,202202141041,’†‹–€ŒSº˜a’¬´…V‹,1222-1,,
19384-0900-12.zip,202202141041,’†‹–€ŒSº˜a’¬´…V‹,1224-1,,
19384-0900-12.zip,202202141041,’†‹–€ŒSº˜a’¬´…V‹,1225,,
19384-0900-12.zip,202202141041,’†‹–€ŒSº˜a’¬´…V‹,1226,,
19384-0900-12.zip,202202141041,’†‹–€ŒSº˜a’¬´…V‹,1227-1,,
19384-0900-12.zip,202202141041,’†‹–€ŒSº˜a’¬´…V‹,1228,,
19384-0900-12.zip,202202141041,’†‹–€ŒSº˜a’¬´…V‹,1229,,
19384-0900-12.zip,202202141041,’†‹–€ŒSº˜a’¬´…V‹,1234-2,,
19384-0900-12.zip,202202141041,’†‹–€ŒSº˜a’¬´…V‹,1234-3,,
19384-0900-12.zip,202202141041,’†‹–€ŒSº˜a’¬´…V‹,1236-1,,
19384-0900-12.zip,202202141041,’†‹–€ŒSº˜a’¬´…V‹,1236-2,,
19384-0900-12.zip,202202141041,’†‹–€ŒSº˜a’¬´…V‹,1236-3,,
19384-0900-12.zip,202202141041,’†‹–€ŒSº˜a’¬´…V‹,1236-4,,
19384-0900-12.zip,202202141041,’†‹–€ŒSº˜a’¬´…V‹,1236-5,,
19384-0900-12.zip,202202141041,’†‹–€ŒSº˜a’¬´…V‹,1237,,
19384-0900-12.zip,202202141041,’†‹–€ŒSº˜a’¬´…V‹,1239-1,,
19384-0900-12.zip,202202141041,’†‹–€ŒSº˜a’¬´…V‹,1239-2,,
19384-0900-12.zip,202202141041,’†‹–€ŒSº˜a’¬´…V‹,1239-3,,
19384-0900-12.zip,202202141041,’†‹–€ŒSº˜a’¬´…V‹,1240-1,,
19384-0900-12.zip,202202141041,’†‹–€ŒSº˜a’¬´…V‹,1240-3,,
19384-0900-12.zip,202202141041,’†‹–€ŒSº˜a’¬´…V‹,1242-2,,
19384-0900-12.zip,202202141041,’†‹–€ŒSº˜a’¬´…V‹,1242-3,,
19384-0900-12.zip,202202141041,’†‹–€ŒSº˜a’¬´…V‹,1242-6,,
19384-0900-12.zip,202202141041,’†‹–€ŒSº˜a’¬´…V‹,1250,,
19384-0900-12.zip,202202141041,’†‹–€ŒSº˜a’¬´…V‹,1251,,
19384-0900-12.zip,202202141041,’†‹–€ŒSº˜a’¬´…V‹,1254-2,,
19384-0900-12.zip,202202141041,’†‹–€ŒSº˜a’¬´…V‹,1257-1,,
19384-0900-12.zip,202202141041,’†‹–€ŒSº˜a’¬´…V‹,1262-3,,
19384-0900-12.zip,202202141041,’†‹–€ŒSº˜a’¬´…V‹,1265-1,,
19384-0900-12.zip,202202141041,’†‹–€ŒSº˜a’¬´…V‹,1265-4,,
19384-0900-12.zip,202202141041,’†‹–€ŒSº˜a’¬´…V‹,1266-1,,
19384-0900-12.zip,202202141041,’†‹–€ŒSº˜a’¬´…V‹,1266-2,,
19384-0900-12.zip,202202141041,’†‹–€ŒSº˜a’¬´…V‹,1266-3,,
19384-0900-12.zip,202202141041,’†‹–€ŒSº˜a’¬´…V‹,1267-1,,
19384-0900-12.zip,202202141041,’†‹–€ŒSº˜a’¬´…V‹,1267-5,,
19384-0900-12.zip,202202141041,’†‹–€ŒSº˜a’¬´…V‹,1268-1,,
19384-0900-12.zip,202202141041,’†‹–€ŒSº˜a’¬´…V‹,1268-2,,
19384-0900-12.zip,202202141041,’†‹–€ŒSº˜a’¬´…V‹,1271,,
19384-0900-12.zip,202202141041,’†‹–€ŒSº˜a’¬´…V‹,1272,,
19384-0900-12.zip,202202141041,’†‹–€ŒSº˜a’¬´…V‹,1275,,
19384-0900-12.zip,202202141041,’†‹–€ŒSº˜a’¬´…V‹,1278-1,,
19384-0900-12.zip,202202141041,’†‹–€ŒSº˜a’¬´…V‹,1278-2,,
19384-0900-12.zip,202202141041,’†‹–€ŒSº˜a’¬´…V‹,1278-3,,
19384-0900-12.zip,202202141041,’†‹–€ŒSº˜a’¬´…V‹,1278-4,,
19384-0900-12.zip,202202141041,’†‹–€ŒSº˜a’¬´…V‹,1279-1,,
19384-0900-12.zip,202202141041,’†‹–€ŒSº˜a’¬´…V‹,1279-2,,
19384-0900-12.zip,202202141041,’†‹–€ŒSº˜a’¬´…V‹,1279-3,,
19384-0900-12.zip,202202141041,’†‹–€ŒSº˜a’¬´…V‹,1279-4,,
19384-0900-12.zip,202202141041,’†‹–€ŒSº˜a’¬´…V‹,1281-1,,
19384-0900-12.zip,202202141041,’†‹–€ŒSº˜a’¬´…V‹,1281-3,,
19384-0900-12.zip,202202141041,’†‹–€ŒSº˜a’¬´…V‹,1282-1,,
19384-0900-12.zip,202202141041,’†‹–€ŒSº˜a’¬´…V‹,1282-2,,
19384-0900-12.zip,202202141041,’†‹–€ŒSº˜a’¬´…V‹,1283-1,,
19384-0900-12.zip,202202141041,’†‹–€ŒSº˜a’¬´…V‹,1283-2,,
19384-0900-12.zip,202202141041,’†‹–€ŒSº˜a’¬´…V‹,1283-3,,
19384-0900-12.zip,202202141041,’†‹–€ŒSº˜a’¬´…V‹,1291,,
19384-0900-12.zip,202202141041,’†‹–€ŒSº˜a’¬´…V‹,1292,,
19384-0900-12.zip,202202141041,’†‹–€ŒSº˜a’¬´…V‹,1293-1,,
19384-0900-12.zip,202202141041,’†‹–€ŒSº˜a’¬´…V‹,1293-2,,
19384-0900-12.zip,202202141041,’†‹–€ŒSº˜a’¬´…V‹,1294,,
19384-0900-12.zip,202202141041,’†‹–€ŒSº˜a’¬´…V‹,1297-1,,
19384-0900-12.zip,202202141041,’†‹–€ŒSº˜a’¬´…V‹,1298,,
19384-0900-12.zip,202202141041,’†‹–€ŒSº˜a’¬´…V‹,1300-1,,
19384-0900-12.zip,202202141041,’†‹–€ŒSº˜a’¬´…V‹,1301-1,,
19384-0900-12.zip,202202141041,’†‹–€ŒSº˜a’¬´…V‹,1304-1,,
19384-0900-12.zip,202202141041,’†‹–€ŒSº˜a’¬´…V‹,1304-2,,
19384-0900-12.zip,202202141041,’†‹–€ŒSº˜a’¬´…V‹,1306-1,,
19384-0900-12.zip,202202141041,’†‹–€ŒSº˜a’¬´…V‹,1306-2,,
19384-0900-12.zip,202202141041,’†‹–€ŒSº˜a’¬´…V‹,1306-3,,
19384-0900-12.zip,202202141041,’†‹–€ŒSº˜a’¬´…V‹,1307,,
19384-0900-12.zip,202202141041,’†‹–€ŒSº˜a’¬´…V‹,1308,,
19384-0900-12.zip,202202141041,’†‹–€ŒSº˜a’¬´…V‹,1309,,
19384-0900-12.zip,202202141041,’†‹–€ŒSº˜a’¬´…V‹,1310,,
19384-0900-12.zip,202202141041,’†‹–€ŒSº˜a’¬´…V‹,1311,,
19384-0900-12.zip,202202141041,’†‹–€ŒSº˜a’¬´…V‹,1312-1,,
19384-0900-12.zip,202202141041,’†‹–€ŒSº˜a’¬´…V‹,1312-4,,
19384-0900-12.zip,202202141041,’†‹–€ŒSº˜a’¬´…V‹,1314,,
19384-0900-12.zip,202202141041,’†‹–€ŒSº˜a’¬´…V‹,1316,,
19384-0900-12.zip,202202141041,’†‹–€ŒSº˜a’¬´…V‹,1317,,
19384-0900-12.zip,202202141041,’†‹–€ŒSº˜a’¬´…V‹,1318,,
19384-0900-12.zip,202202141041,’†‹–€ŒSº˜a’¬´…V‹,1319-1,,
19384-0900-12.zip,202202141041,’†‹–€ŒSº˜a’¬´…V‹,1319-2,,
19384-0900-12.zip,202202141041,’†‹–€ŒSº˜a’¬´…V‹,1319-3,,
19384-0900-12.zip,202202141041,’†‹–€ŒSº˜a’¬´…V‹,1319-4,,
19384-0900-12.zip,202202141041,’†‹–€ŒSº˜a’¬´…V‹,1319-5,,
19384-0900-12.zip,202202141041,’†‹–€ŒSº˜a’¬´…V‹,1319-6,,
19384-0900-12.zip,202202141041,’†‹–€ŒSº˜a’¬´…V‹,1319-7,,
19384-0900-12.zip,202202141041,’†‹–€ŒSº˜a’¬´…V‹,1324-2,,
19384-0900-12.zip,202202141041,’†‹–€ŒSº˜a’¬´…V‹,1325,,
19384-0900-12.zip,202202141041,’†‹–€ŒSº˜a’¬´…V‹,1330,,
19384-0900-12.zip,202202141041,’†‹–€ŒSº˜a’¬´…V‹,1331-2,,
19384-0900-12.zip,202202141041,’†‹–€ŒSº˜a’¬´…V‹,1337-1,,
19384-0900-12.zip,202202141041,’†‹–€ŒSº˜a’¬´…V‹,1338,,
19384-0900-12.zip,202202141041,’†‹–€ŒSº˜a’¬´…V‹,1340,,
19384-0900-12.zip,202202141041,’†‹–€ŒSº˜a’¬´…V‹,1341-1,,
19384-0900-12.zip,202202141041,’†‹–€ŒSº˜a’¬´…V‹,1341-2,,
19384-0900-12.zip,202202141041,’†‹–€ŒSº˜a’¬´…V‹,1343,,
19384-0900-12.zip,202202141041,’†‹–€ŒSº˜a’¬´…V‹,1344,,
19384-0900-12.zip,202202141041,’†‹–€ŒSº˜a’¬´…V‹,1345,,
19384-0900-12.zip,202202141041,’†‹–€ŒSº˜a’¬´…V‹,1346,,
19384-0900-12.zip,202202141041,’†‹–€ŒSº˜a’¬´…V‹,1347-6,,
19384-0900-12.zip,202202141041,’†‹–€ŒSº˜a’¬´…V‹,1347-7,,
19384-0900-12.zip,202202141041,’†‹–€ŒSº˜a’¬´…V‹,1347-8,,
19384-0900-12.zip,202202141041,’†‹–€ŒSº˜a’¬´…V‹,1347-10,,
19384-0900-12.zip,202202141041,’†‹–€ŒSº˜a’¬´…V‹,1347-19,,
19384-0900-12.zip,202202141041,’†‹–€ŒSº˜a’¬´…V‹,1347-21,,
19384-0900-12.zip,202202141041,’†‹–€ŒSº˜a’¬´…V‹,1347-24,,
19384-0900-12.zip,202202141041,’†‹–€ŒSº˜a’¬´…V‹,1347-25,,
19384-0900-12.zip,202202141041,’†‹–€ŒSº˜a’¬´…V‹,1349-1,,
19384-0900-12.zip,202202141041,’†‹–€ŒSº˜a’¬´…V‹,1349-2,,
19384-0900-12.zip,202202141041,’†‹–€ŒSº˜a’¬´…V‹,1349-3,,
19384-0900-12.zip,202202141041,’†‹–€ŒSº˜a’¬´…V‹,1349-4,,
19384-0900-12.zip,202202141041,’†‹–€ŒSº˜a’¬´…V‹,1349-6,,
19384-0900-12.zip,202202141041,’†‹–€ŒSº˜a’¬´…V‹,1349-7,,
19384-0900-12.zip,202202141041,’†‹–€ŒSº˜a’¬´…V‹,1349-9,,
19384-0900-12.zip,202202141041,’†‹–€ŒSº˜a’¬´…V‹,1349-13,,
19384-0900-12.zip,202202141041,’†‹–€ŒSº˜a’¬´…V‹,1349-14,,
19384-0900-12.zip,202202141041,’†‹–€ŒSº˜a’¬´…V‹,1349-15,,
19384-0900-12.zip,202202141041,’†‹–€ŒSº˜a’¬´…V‹,1349-18,,
19384-0900-12.zip,202202141041,’†‹–€ŒSº˜a’¬´…V‹,1349-20,,
19384-0900-12.zip,202202141041,’†‹–€ŒSº˜a’¬´…V‹,1349-22,,
19384-0900-12.zip,202202141041,’†‹–€ŒSº˜a’¬´…V‹,1350-2,,
19384-0900-12.zip,202202141041,’†‹–€ŒSº˜a’¬´…V‹,1350-8,,
19384-0900-12.zip,202202141041,’†‹–€ŒSº˜a’¬´…V‹,1350-10,,
19384-0900-12.zip,202202141041,’†‹–€ŒSº˜a’¬´…V‹,1357-1,,
19384-0900-12.zip,202202141041,’†‹–€ŒSº˜a’¬´…V‹,1357-2,,
19384-0900-12.zip,202202141041,’†‹–€ŒSº˜a’¬´…V‹,1357-3,,
19384-0900-12.zip,202202141041,’†‹–€ŒSº˜a’¬´…V‹,1357-4,,
19384-0900-12.zip,202202141041,’†‹–€ŒSº˜a’¬´…V‹,1357-5,,
19384-0900-12.zip,202202141041,’†‹–€ŒSº˜a’¬´…V‹,1359-4,,
19384-0900-12.zip,202202141041,’†‹–€ŒSº˜a’¬´…V‹,1363,,
19384-0900-12.zip,202202141041,’†‹–€ŒSº˜a’¬´…V‹,1364,,
19384-0900-12.zip,202202141041,’†‹–€ŒSº˜a’¬´…V‹,1367-1,,
19384-0900-12.zip,202202141041,’†‹–€ŒSº˜a’¬´…V‹,1367-2,,
19384-0900-12.zip,202202141041,’†‹–€ŒSº˜a’¬´…V‹,1367-3,,
19384-0900-12.zip,202202141041,’†‹–€ŒSº˜a’¬´…V‹,1368,,
19384-0900-12.zip,202202141041,’†‹–€ŒSº˜a’¬´…V‹,1369-1,,
19384-0900-12.zip,202202141041,’†‹–€ŒSº˜a’¬´…V‹,1369-2,,
19384-0900-12.zip,202202141041,’†‹–€ŒSº˜a’¬´…V‹,1369-3,,
19384-0900-12.zip,202202141041,’†‹–€ŒSº˜a’¬´…V‹,1370-1,,
19384-0900-12.zip,202202141041,’†‹–€ŒSº˜a’¬´…V‹,1372,,
19384-0900-12.zip,202202141041,’†‹–€ŒSº˜a’¬´…V‹,1373-1,,
19384-0900-12.zip,202202141041,’†‹–€ŒSº˜a’¬´…V‹,1373-2,,
19384-0900-12.zip,202202141041,’†‹–€ŒSº˜a’¬´…V‹,1374-1,,
19384-0900-12.zip,202202141041,’†‹–€ŒSº˜a’¬´…V‹,1374-2,,
19384-0900-12.zip,202202141041,’†‹–€ŒSº˜a’¬´…V‹,1374-3,,
19384-0900-12.zip,202202141041,’†‹–€ŒSº˜a’¬´…V‹,1376-1,,
19384-0900-12.zip,202202141041,’†‹–€ŒSº˜a’¬´…V‹,1376-3,,
19384-0900-12.zip,202202141041,’†‹–€ŒSº˜a’¬´…V‹,1376-4,,
19384-0900-12.zip,202202141041,’†‹–€ŒSº˜a’¬´…V‹,1377-3,,
19384-0900-12.zip,202202141041,’†‹–€ŒSº˜a’¬´…V‹,1378-2,,
19384-0900-12.zip,202202141041,’†‹–€ŒSº˜a’¬´…V‹,1379-1,,
19384-0900-12.zip,202202141041,’†‹–€ŒSº˜a’¬´…V‹,1379-2,,
19384-0900-12.zip,202202141041,’†‹–€ŒSº˜a’¬´…V‹,1380-1,,
19384-0900-12.zip,202202141041,’†‹–€ŒSº˜a’¬´…V‹,1380-4,,
19384-0900-12.zip,202202141041,’†‹–€ŒSº˜a’¬´…V‹,1381-1,,
19384-0900-12.zip,202202141041,’†‹–€ŒSº˜a’¬´…V‹,1393-1,,
19384-0900-12.zip,202202141041,’†‹–€ŒSº˜a’¬´…V‹,1393-2,,
19384-0900-12.zip,202202141041,’†‹–€ŒSº˜a’¬´…V‹,1393-3,,
19384-0900-12.zip,202202141041,’†‹–€ŒSº˜a’¬´…V‹,1396-1,,
19384-0900-12.zip,202202141041,’†‹–€ŒSº˜a’¬´…V‹,1396-2,,
19384-0900-12.zip,202202141041,’†‹–€ŒSº˜a’¬´…V‹,1398,,
19384-0900-12.zip,202202141041,’†‹–€ŒSº˜a’¬´…V‹,1399,,
19384-0900-12.zip,202202141041,’†‹–€ŒSº˜a’¬´…V‹,1405-2,,
19384-0900-12.zip,202202141041,’†‹–€ŒSº˜a’¬´…V‹,–³’n”Ô-100,,
19384-0900-12.zip,202202141041,’†‹–€ŒSº˜a’¬´…V‹,•MŠE–¢’è’n-54,’†‹–€ŒSº˜a’¬´…V‹,1044
19384-0900-12.zip,202202141041,’†‹–€ŒSº˜a’¬´…V‹,•MŠE–¢’è’n-54,’†‹–€ŒSº˜a’¬´…V‹,1045
19384-0900-12.zip,202202141041,’†‹–€ŒSº˜a’¬´…V‹,“¹-18,,
19384-0900-12.zip,202202141041,’†‹–€ŒSº˜a’¬´…V‹,“¹-36,,
19384-0900-12.zip,202202141041,’†‹–€ŒSº˜a’¬´…V‹,“¹-43,,
19384-0900-12.zip,202202141041,’†‹–€ŒSº˜a’¬´…V‹,“¹-66,,
19384-0900-12.zip,202202141041,’†‹–€ŒSº˜a’¬´…V‹,“¹-72,,
19384-0900-12.zip,202202141041,’†‹–€ŒSº˜a’¬´…V‹,“¹-74,,
19384-0900-12.zip,202202141041,’†‹–€ŒSº˜a’¬´…V‹,“¹-81,,
19384-0900-12.zip,202202141041,’†‹–€ŒSº˜a’¬´…V‹,“¹-90,,
19384-0900-12.zip,202202141041,’†‹–€ŒSº˜a’¬´…V‹,“¹-97,,
19384-0900-12.zip,202202141041,’†‹–€ŒSº˜a’¬´…V‹,“¹-103,,
19384-0900-12.zip,202202141041,’†‹–€ŒSº˜a’¬´…V‹,…-11,,
19384-0900-12.zip,202202141041,’†‹–€ŒSº˜a’¬´…V‹,…-85,,
19384-0900-12.zip,202202141041,’†‹–€ŒSº˜a’¬´…V‹,…-99,,
19384-0900-12.zip,202202141041,’†‹–€ŒSº˜a’¬´…V‹,115-4,,
19384-0900-12.zip,202202141041,’†‹–€ŒSº˜a’¬´…V‹,115-5,,
19384-0900-12.zip,202202141041,’†‹–€ŒSº˜a’¬´…V‹,190-6,,
19384-0900-12.zip,202202141041,’†‹–€ŒSº˜a’¬´…V‹,190-2,,
19384-0900-12.zip,202202141041,’†‹–€ŒSº˜a’¬´…V‹,191-3,,
19384-0900-12.zip,202202141041,’†‹–€ŒSº˜a’¬´…V‹,“¹-83,,
19384-0900-12.zip,202202141041,’†‹–€ŒSº˜a’¬´…V‹,1710,,
19384-0900-12.zip,202202141041,’†‹–€ŒSº˜a’¬´…V‹,1501,,
19384-0900-12.zip,202202141041,’†‹–€ŒSº˜a’¬´…V‹,1502,,
19384-0900-12.zip,202202141041,’†‹–€ŒSº˜a’¬´…V‹,1709,,
19384-0900-12.zip,202202141041,’†‹–€ŒSº˜a’¬´…V‹,1674-1,,
19384-0900-12.zip,202202141041,’†‹–€ŒSº˜a’¬´…V‹,1674-2,,
19384-0900-12.zip,202202141041,’†‹–€ŒSº˜a’¬´…V‹,1683,,
19384-0900-12.zip,202202141041,’†‹–€ŒSº˜a’¬´…V‹,1685,,
19384-0900-12.zip,202202141041,’†‹–€ŒSº˜a’¬´…V‹,1509-1,,
19384-0900-12.zip,202202141041,’†‹–€ŒSº˜a’¬´…V‹,1509-2,,
19384-0900-12.zip,202202141041,’†‹–€ŒSº˜a’¬´…V‹,1523,,
19384-0900-12.zip,202202141041,’†‹–€ŒSº˜a’¬´…V‹,1687,,
19384-0900-12.zip,202202141041,’†‹–€ŒSº˜a’¬´…V‹,1510,,
19384-0900-12.zip,202202141041,’†‹–€ŒSº˜a’¬´…V‹,1511-2,,
19384-0900-12.zip,202202141041,’†‹–€ŒSº˜a’¬´…V‹,1511-1,,
19384-0900-12.zip,202202141041,’†‹–€ŒSº˜a’¬´…V‹,1522,,
19384-0900-12.zip,202202141041,’†‹–€ŒSº˜a’¬´…V‹,1520,,
19384-0900-12.zip,202202141041,’†‹–€ŒSº˜a’¬´…V‹,1512,,
19384-0900-12.zip,202202141041,’†‹–€ŒSº˜a’¬´…V‹,1513-2,,
19384-0900-12.zip,202202141041,’†‹–€ŒSº˜a’¬´…V‹,1513-1,,
19384-0900-12.zip,202202141041,’†‹–€ŒSº˜a’¬´…V‹,1519,,
19384-0900-12.zip,202202141041,’†‹–€ŒSº˜a’¬´…V‹,1514,,
19384-0900-12.zip,202202141041,’†‹–€ŒSº˜a’¬´…V‹,1515-1,,
19384-0900-12.zip,202202141041,’†‹–€ŒSº˜a’¬´…V‹,1515-2,,
19384-0900-12.zip,202202141041,’†‹–€ŒSº˜a’¬´…V‹,1516-1,,
19384-0900-12.zip,202202141041,’†‹–€ŒSº˜a’¬´…V‹,1516-2,,
19384-0900-12.zip,202202141041,’†‹–€ŒSº˜a’¬´…V‹,1517-1,,
19384-0900-12.zip,202202141041,’†‹–€ŒSº˜a’¬´…V‹,1517-2,,
19384-0900-12.zip,202202141041,’†‹–€ŒSº˜a’¬´…V‹,1518-1,,
19384-0900-12.zip,202202141041,’†‹–€ŒSº˜a’¬´…V‹,1518-2,,
19384-0900-12.zip,202202141041,’†‹–€ŒSº˜a’¬´…V‹,1688,,
19384-0900-12.zip,202202141041,’†‹–€ŒSº˜a’¬´…V‹,1524,,
19384-0900-12.zip,202202141041,’†‹–€ŒSº˜a’¬´…V‹,1525,,
19384-0900-12.zip,202202141041,’†‹–€ŒSº˜a’¬´…V‹,1526,,
19384-0900-12.zip,202202141041,’†‹–€ŒSº˜a’¬´…V‹,1689,,
19384-0900-12.zip,202202141041,’†‹–€ŒSº˜a’¬´…V‹,1527,,
19384-0900-12.zip,202202141041,’†‹–€ŒSº˜a’¬´…V‹,1528,,
19384-0900-12.zip,202202141041,’†‹–€ŒSº˜a’¬´…V‹,1529,,
19384-0900-12.zip,202202141041,’†‹–€ŒSº˜a’¬´…V‹,1503,,
19384-0900-12.zip,202202141041,’†‹–€ŒSº˜a’¬´…V‹,1504,,
19384-0900-12.zip,202202141041,’†‹–€ŒSº˜a’¬´…V‹,1505,,
19384-0900-12.zip,202202141041,’†‹–€ŒSº˜a’¬´…V‹,1507-1,,
19384-0900-12.zip,202202141041,’†‹–€ŒSº˜a’¬´…V‹,1507-2,,
19384-0900-12.zip,202202141041,’†‹–€ŒSº˜a’¬´…V‹,1675,,
19384-0900-12.zip,202202141041,’†‹–€ŒSº˜a’¬´…V‹,1676,,
19384-0900-12.zip,202202141041,’†‹–€ŒSº˜a’¬´…V‹,1677,,
19384-0900-12.zip,202202141041,’†‹–€ŒSº˜a’¬´…V‹,1682,,
19384-0900-12.zip,202202141041,’†‹–€ŒSº˜a’¬´…V‹,1521,,
19384-0900-12.zip,202202141041,’†‹–€ŒSº˜a’¬´…V‹,“¹-63,,
19384-0900-12.zip,202202141041,’†‹–€ŒSº˜a’¬´…V‹,1665-9,,
19384-0900-12.zip,202202141041,’†‹–€ŒSº˜a’¬´…V‹,1665-1,,
19384-0900-12.zip,202202141041,’†‹–€ŒSº˜a’¬´…V‹,1707,,
19384-0900-12.zip,202202141041,’†‹–€ŒSº˜a’¬´…V‹,1665-6,,
19384-0900-12.zip,202202141041,’†‹–€ŒSº˜a’¬´…V‹,1665-3,,
19384-0900-12.zip,202202141041,’†‹–€ŒSº˜a’¬´…V‹,1665-2,,
19384-0900-12.zip,202202141041,’†‹–€ŒSº˜a’¬´…V‹,1666,,
19384-0900-12.zip,202202141041,’†‹–€ŒSº˜a’¬´…V‹,1665-7,,
19384-0900-12.zip,202202141041,’†‹–€ŒSº˜a’¬´…V‹,1672-3,,
19384-0900-12.zip,202202141041,’†‹–€ŒSº˜a’¬´…V‹,1665-4,,
19384-0900-12.zip,202202141041,’†‹–€ŒSº˜a’¬´…V‹,1665-8,,
19384-0900-12.zip,202202141041,’†‹–€ŒSº˜a’¬´…V‹,1665-5,,
19384-0900-12.zip,202202141041,’†‹–€ŒSº˜a’¬´…V‹,1672-2,,
19384-0900-12.zip,202202141041,’†‹–€ŒSº˜a’¬´…V‹,1672-4,,
19384-0900-12.zip,202202141041,’†‹–€ŒSº˜a’¬´…V‹,1660-1,,
19384-0900-12.zip,202202141041,’†‹–€ŒSº˜a’¬´…V‹,1660-2,,
19384-0900-12.zip,202202141041,’†‹–€ŒSº˜a’¬´…V‹,1706,,
19384-0900-12.zip,202202141041,’†‹–€ŒSº˜a’¬´…V‹,1663,,
19384-0900-12.zip,202202141041,’†‹–€ŒSº˜a’¬´…V‹,1670,,
19384-0900-12.zip,202202141041,’†‹–€ŒSº˜a’¬´…V‹,1671,,
19384-0900-12.zip,202202141041,’†‹–€ŒSº˜a’¬´…V‹,1672-1,,
19384-0900-12.zip,202202141041,’†‹–€ŒSº˜a’¬´…V‹,1508,,
19384-0900-12.zip,202202141041,’†‹–€ŒSº˜a’¬´…V‹,1678,,
19384-0900-12.zip,202202141041,’†‹–€ŒSº˜a’¬´…V‹,1679,,
19384-0900-12.zip,202202141041,’†‹–€ŒSº˜a’¬´…V‹,1680,,
19384-0900-12.zip,202202141041,’†‹–€ŒSº˜a’¬´…V‹,1708,,
19384-0900-12.zip,202202141041,’†‹–€ŒSº˜a’¬´…V‹,1681-2,,
19384-0900-12.zip,202202141041,’†‹–€ŒSº˜a’¬´…V‹,1681-1,,
19384-0900-12.zip,202202141041,’†‹–€ŒSº˜a’¬´…V‹,1530,,
19384-0900-12.zip,202202141041,’†‹–€ŒSº˜a’¬´…V‹,1531,,
19384-0900-12.zip,202202141041,’†‹–€ŒSº˜a’¬´…V‹,1690,,
19384-0900-12.zip,202202141041,’†‹–€ŒSº˜a’¬´…V‹,1532,,
19384-0900-12.zip,202202141041,’†‹–€ŒSº˜a’¬´…V‹,1533-2,,
19384-0900-12.zip,202202141041,’†‹–€ŒSº˜a’¬´…V‹,1533-1,,
19384-0900-12.zip,202202141041,’†‹–€ŒSº˜a’¬´…V‹,1533-3,,
19384-0900-12.zip,202202141041,’†‹–€ŒSº˜a’¬´…V‹,1539,,
19384-0900-12.zip,202202141041,’†‹–€ŒSº˜a’¬´…V‹,1540,,
19384-0900-12.zip,202202141041,’†‹–€ŒSº˜a’¬´…V‹,1541-1,,
19384-0900-12.zip,202202141041,’†‹–€ŒSº˜a’¬´…V‹,1541-2,,
19384-0900-12.zip,202202141041,’†‹–€ŒSº˜a’¬´…V‹,1543,,
19384-0900-12.zip,202202141041,’†‹–€ŒSº˜a’¬´…V‹,1545,,
19384-0900-12.zip,202202141041,’†‹–€ŒSº˜a’¬´…V‹,1552,,
19384-0900-12.zip,202202141041,’†‹–€ŒSº˜a’¬´…V‹,1551,,
19384-0900-12.zip,202202141041,’†‹–€ŒSº˜a’¬´…V‹,1548,,
19384-0900-12.zip,202202141041,’†‹–€ŒSº˜a’¬´…V‹,1546,,
19384-0900-12.zip,202202141041,’†‹–€ŒSº˜a’¬´…V‹,1547,,
19384-0900-12.zip,202202141041,’†‹–€ŒSº˜a’¬´…V‹,1550,,
19384-0900-12.zip,202202141041,’†‹–€ŒSº˜a’¬´…V‹,1549-2,,
19384-0900-12.zip,202202141041,’†‹–€ŒSº˜a’¬´…V‹,1646,,
19384-0900-12.zip,202202141041,’†‹–€ŒSº˜a’¬´…V‹,1645,,
19384-0900-12.zip,202202141041,’†‹–€ŒSº˜a’¬´…V‹,1644,,
19384-0900-12.zip,202202141041,’†‹–€ŒSº˜a’¬´…V‹,1634,,
19384-0900-12.zip,202202141041,’†‹–€ŒSº˜a’¬´…V‹,1636,,
19384-0900-12.zip,202202141041,’†‹–€ŒSº˜a’¬´…V‹,1637,,
19384-0900-12.zip,202202141041,’†‹–€ŒSº˜a’¬´…V‹,1638,,
19384-0900-12.zip,202202141041,’†‹–€ŒSº˜a’¬´…V‹,1703,,
19384-0900-12.zip,202202141041,’†‹–€ŒSº˜a’¬´…V‹,1702,,
19384-0900-12.zip,202202141041,’†‹–€ŒSº˜a’¬´…V‹,1643,,
19384-0900-12.zip,202202141041,’†‹–€ŒSº˜a’¬´…V‹,1642,,
19384-0900-12.zip,202202141041,’†‹–€ŒSº˜a’¬´…V‹,1641,,
19384-0900-12.zip,202202141041,’†‹–€ŒSº˜a’¬´…V‹,1639,,
19384-0900-12.zip,202202141041,’†‹–€ŒSº˜a’¬´…V‹,1640,,
19384-0900-12.zip,202202141041,’†‹–€ŒSº˜a’¬´…V‹,1613,,
19384-0900-12.zip,202202141041,’†‹–€ŒSº˜a’¬´…V‹,1614,,
19384-0900-12.zip,202202141041,’†‹–€ŒSº˜a’¬´…V‹,1616,,
19384-0900-12.zip,202202141041,’†‹–€ŒSº˜a’¬´…V‹,1623,,
19384-0900-12.zip,202202141041,’†‹–€ŒSº˜a’¬´…V‹,1626-1,,
19384-0900-12.zip,202202141041,’†‹–€ŒSº˜a’¬´…V‹,1625,,
19384-0900-12.zip,202202141041,’†‹–€ŒSº˜a’¬´…V‹,1704,,
19384-0900-12.zip,202202141041,’†‹–€ŒSº˜a’¬´…V‹,1624,,
19384-0900-12.zip,202202141041,’†‹–€ŒSº˜a’¬´…V‹,1654,,
19384-0900-12.zip,202202141041,’†‹–€ŒSº˜a’¬´…V‹,1653,,
19384-0900-12.zip,202202141041,’†‹–€ŒSº˜a’¬´…V‹,1650-1,,
19384-0900-12.zip,202202141041,’†‹–€ŒSº˜a’¬´…V‹,1650-2,,
19384-0900-12.zip,202202141041,’†‹–€ŒSº˜a’¬´…V‹,1651-2,,
19384-0900-12.zip,202202141041,’†‹–€ŒSº˜a’¬´…V‹,1651-1,,
19384-0900-12.zip,202202141041,’†‹–€ŒSº˜a’¬´…V‹,1652,,
19384-0900-12.zip,202202141041,’†‹–€ŒSº˜a’¬´…V‹,1648,,
19384-0900-12.zip,202202141041,’†‹–€ŒSº˜a’¬´…V‹,1647,,
19384-0900-12.zip,202202141041,’†‹–€ŒSº˜a’¬´…V‹,1705,,
19384-0900-12.zip,202202141041,’†‹–€ŒSº˜a’¬´…V‹,1655,,
19384-0900-12.zip,202202141041,’†‹–€ŒSº˜a’¬´…V‹,1656,,
19384-0900-12.zip,202202141041,’†‹–€ŒSº˜a’¬´…V‹,1657,,
19384-0900-12.zip,202202141041,’†‹–€ŒSº˜a’¬´…V‹,1658,,
19384-0900-12.zip,202202141041,’†‹–€ŒSº˜a’¬´…V‹,1659,,
19384-0900-12.zip,202202141041,’†‹–€ŒSº˜a’¬´…V‹,1664,,
19384-0900-12.zip,202202141041,’†‹–€ŒSº˜a’¬´…V‹,1667-1,,
19384-0900-12.zip,202202141041,’†‹–€ŒSº˜a’¬´…V‹,1667-2,,
19384-0900-12.zip,202202141041,’†‹–€ŒSº˜a’¬´…V‹,1668,,
19384-0900-12.zip,202202141041,’†‹–€ŒSº˜a’¬´…V‹,1669,,
19384-0900-12.zip,202202141041,’†‹–€ŒSº˜a’¬´…V‹,1635,,
19384-0900-12.zip,202202141041,’†‹–€ŒSº˜a’¬´…V‹,1627,,
19384-0900-12.zip,202202141041,’†‹–€ŒSº˜a’¬´…V‹,1628,,
19384-0900-12.zip,202202141041,’†‹–€ŒSº˜a’¬´…V‹,1632,,
19384-0900-12.zip,202202141041,’†‹–€ŒSº˜a’¬´…V‹,1691,,
19384-0900-12.zip,202202141041,’†‹–€ŒSº˜a’¬´…V‹,1534,,
19384-0900-12.zip,202202141041,’†‹–€ŒSº˜a’¬´…V‹,1535,,
19384-0900-12.zip,202202141041,’†‹–€ŒSº˜a’¬´…V‹,1537,,
19384-0900-12.zip,202202141041,’†‹–€ŒSº˜a’¬´…V‹,1536,,
19384-0900-12.zip,202202141041,’†‹–€ŒSº˜a’¬´…V‹,1538,,
19384-0900-12.zip,202202141041,’†‹–€ŒSº˜a’¬´…V‹,1549-1,,
19384-0900-12.zip,202202141041,’†‹–€ŒSº˜a’¬´…V‹,1684,,
19384-0900-12.zip,202202141041,’†‹–€ŒSº˜a’¬´…V‹,1692,,
19384-0900-12.zip,202202141041,’†‹–€ŒSº˜a’¬´…V‹,1570,,
19384-0900-12.zip,202202141041,’†‹–€ŒSº˜a’¬´…V‹,1571,,
19384-0900-12.zip,202202141041,’†‹–€ŒSº˜a’¬´…V‹,1572,,
19384-0900-12.zip,202202141041,’†‹–€ŒSº˜a’¬´…V‹,1573,,
19384-0900-12.zip,202202141041,’†‹–€ŒSº˜a’¬´…V‹,1574,,
19384-0900-12.zip,202202141041,’†‹–€ŒSº˜a’¬´…V‹,1579,,
19384-0900-12.zip,202202141041,’†‹–€ŒSº˜a’¬´…V‹,1578,,
19384-0900-12.zip,202202141041,’†‹–€ŒSº˜a’¬´…V‹,1577,,
19384-0900-12.zip,202202141041,’†‹–€ŒSº˜a’¬´…V‹,1693,,
19384-0900-12.zip,202202141041,’†‹–€ŒSº˜a’¬´…V‹,1553,,
19384-0900-12.zip,202202141041,’†‹–€ŒSº˜a’¬´…V‹,1557,,
19384-0900-12.zip,202202141041,’†‹–€ŒSº˜a’¬´…V‹,1568,,
19384-0900-12.zip,202202141041,’†‹–€ŒSº˜a’¬´…V‹,1569,,
19384-0900-12.zip,202202141041,’†‹–€ŒSº˜a’¬´…V‹,1576,,
19384-0900-12.zip,202202141041,’†‹–€ŒSº˜a’¬´…V‹,1575-1,,
19384-0900-12.zip,202202141041,’†‹–€ŒSº˜a’¬´…V‹,1575-2,,
19384-0900-12.zip,202202141041,’†‹–€ŒSº˜a’¬´…V‹,1558,,
19384-0900-12.zip,202202141041,’†‹–€ŒSº˜a’¬´…V‹,1559,,
19384-0900-12.zip,202202141041,’†‹–€ŒSº˜a’¬´…V‹,1615,,
19384-0900-12.zip,202202141041,’†‹–€ŒSº˜a’¬´…V‹,1617,,
19384-0900-12.zip,202202141041,’†‹–€ŒSº˜a’¬´…V‹,1618,,
19384-0900-12.zip,202202141041,’†‹–€ŒSº˜a’¬´…V‹,1619,,
19384-0900-12.zip,202202141041,’†‹–€ŒSº˜a’¬´…V‹,1620,,
19384-0900-12.zip,202202141041,’†‹–€ŒSº˜a’¬´…V‹,1629,,
19384-0900-12.zip,202202141041,’†‹–€ŒSº˜a’¬´…V‹,1605,,
19384-0900-12.zip,202202141041,’†‹–€ŒSº˜a’¬´…V‹,1606,,
19384-0900-12.zip,202202141041,’†‹–€ŒSº˜a’¬´…V‹,1607,,
19384-0900-12.zip,202202141041,’†‹–€ŒSº˜a’¬´…V‹,1608,,
19384-0900-12.zip,202202141041,’†‹–€ŒSº˜a’¬´…V‹,1609,,
19384-0900-12.zip,202202141041,’†‹–€ŒSº˜a’¬´…V‹,1611,,
19384-0900-12.zip,202202141041,’†‹–€ŒSº˜a’¬´…V‹,1612,,
19384-0900-12.zip,202202141041,’†‹–€ŒSº˜a’¬´…V‹,1699,,
19384-0900-12.zip,202202141041,’†‹–€ŒSº˜a’¬´…V‹,1567,,
19384-0900-12.zip,202202141041,’†‹–€ŒSº˜a’¬´…V‹,1566,,
19384-0900-12.zip,202202141041,’†‹–€ŒSº˜a’¬´…V‹,1565,,
19384-0900-12.zip,202202141041,’†‹–€ŒSº˜a’¬´…V‹,1564,,
19384-0900-12.zip,202202141041,’†‹–€ŒSº˜a’¬´…V‹,1561,,
19384-0900-12.zip,202202141041,’†‹–€ŒSº˜a’¬´…V‹,1560,,
19384-0900-12.zip,202202141041,’†‹–€ŒSº˜a’¬´…V‹,1694,,
19384-0900-12.zip,202202141041,’†‹–€ŒSº˜a’¬´…V‹,1580,,
19384-0900-12.zip,202202141041,’†‹–€ŒSº˜a’¬´…V‹,1582,,
19384-0900-12.zip,202202141041,’†‹–€ŒSº˜a’¬´…V‹,1581,,
19384-0900-12.zip,202202141041,’†‹–€ŒSº˜a’¬´…V‹,1584,,
19384-0900-12.zip,202202141041,’†‹–€ŒSº˜a’¬´…V‹,1583,,
19384-0900-12.zip,202202141041,’†‹–€ŒSº˜a’¬´…V‹,1585,,
19384-0900-12.zip,202202141041,’†‹–€ŒSº˜a’¬´…V‹,1587,,
19384-0900-12.zip,202202141041,’†‹–€ŒSº˜a’¬´…V‹,1586,,
19384-0900-12.zip,202202141041,’†‹–€ŒSº˜a’¬´…V‹,1593,,
19384-0900-12.zip,202202141041,’†‹–€ŒSº˜a’¬´…V‹,1592,,
19384-0900-12.zip,202202141041,’†‹–€ŒSº˜a’¬´…V‹,1590,,
19384-0900-12.zip,202202141041,’†‹–€ŒSº˜a’¬´…V‹,1589,,
19384-0900-12.zip,202202141041,’†‹–€ŒSº˜a’¬´…V‹,1588,,
19384-0900-12.zip,202202141041,’†‹–€ŒSº˜a’¬´…V‹,1695,,
19384-0900-12.zip,202202141041,’†‹–€ŒSº˜a’¬´…V‹,1594,,
19384-0900-12.zip,202202141041,’†‹–€ŒSº˜a’¬´…V‹,1595,,
19384-0900-12.zip,202202141041,’†‹–€ŒSº˜a’¬´…V‹,1596,,
19384-0900-12.zip,202202141041,’†‹–€ŒSº˜a’¬´…V‹,1696,,
19384-0900-12.zip,202202141041,’†‹–€ŒSº˜a’¬´…V‹,1697,,
19384-0900-12.zip,202202141041,’†‹–€ŒSº˜a’¬´…V‹,1597,,
19384-0900-12.zip,202202141041,’†‹–€ŒSº˜a’¬´…V‹,1598,,
19384-0900-12.zip,202202141041,’†‹–€ŒSº˜a’¬´…V‹,1599,,
19384-0900-12.zip,202202141041,’†‹–€ŒSº˜a’¬´…V‹,1601,,
19384-0900-12.zip,202202141041,’†‹–€ŒSº˜a’¬´…V‹,1602,,
19384-0900-12.zip,202202141041,’†‹–€ŒSº˜a’¬´…V‹,1603,,
19384-0900-12.zip,202202141041,’†‹–€ŒSº˜a’¬´…V‹,1604-1,,
19384-0900-12.zip,202202141041,’†‹–€ŒSº˜a’¬´…V‹,1604-2,,
19384-0900-12.zip,202202141041,’†‹–€ŒSº˜a’¬´…V‹,1698,,
19384-0900-12.zip,202202141041,’†‹–€ŒSº˜a’¬´…V‹,…-4,,
19384-0900-12.zip,202202141041,’†‹–€ŒSº˜a’¬´…V‹,…-96,,
19384-0900-12.zip,202202141041,’†‹–€ŒSº˜a’¬´…V‹,206-3,,
19384-0900-12.zip,202202141041,’†‹–€ŒSº˜a’¬´…V‹,1673,,
19384-0900-12.zip,202202141041,’†‹–€ŒSº˜a’¬´…V‹,1633,,
19384-0900-12.zip,202202141041,’†‹–€ŒSº˜a’¬´…V‹,1591,,
19384-0900-12.zip,202202141041,’†‹–€ŒSº˜a’¬´…V‹,966-7,,
19384-0900-12.zip,202202141041,’†‹–€ŒSº˜a’¬´…V‹,966-2,,
19384-0900-12.zip,202202141041,’†‹–€ŒSº˜a’¬´…V‹,967-2,,
19384-0900-12.zip,202202141041,’†‹–€ŒSº˜a’¬´…V‹,“¹-55,,
19384-0900-12.zip,202202141041,’†‹–€ŒSº˜a’¬´…V‹,966-3,,
19384-0900-12.zip,202202141041,’†‹–€ŒSº˜a’¬´…V‹,460-4,,
19384-0900-12.zip,202202141041,’†‹–€ŒSº˜a’¬´…V‹,460-1,,
19384-0900-12.zip,202202141041,’†‹–€ŒSº˜a’¬´…V‹,460-3,,
19384-0900-12.zip,202202141041,’†‹–€ŒSº˜a’¬´…V‹,456,,
19384-0900-12.zip,202202141041,’†‹–€ŒSº˜a’¬´…V‹,39-9,,
19384-0900-12.zip,202202141041,’†‹–€ŒSº˜a’¬´…V‹,39-8,,
19384-0900-12.zip,202202141041,’†‹–€ŒSº˜a’¬´…V‹,39-1,,
19384-0900-12.zip,202202141041,’†‹–€ŒSº˜a’¬´…V‹,“¹-75,,
19384-0900-12.zip,202202141041,’†‹–€ŒSº˜a’¬´…V‹,39-7,,
19384-0900-12.zip,202202141041,’†‹–€ŒSº˜a’¬´…V‹,59-14,,
19384-0900-12.zip,202202141041,’†‹–€ŒSº˜a’¬´…V‹,…-30-4,,
19384-0900-12.zip,202202141041,’†‹–€ŒSº˜a’¬´…V‹,59-12,,
19384-0900-12.zip,202202141041,’†‹–€ŒSº˜a’¬´…V‹,“¹-104,,
19384-0900-12.zip,202202141041,’†‹–€ŒSº˜a’¬´…V‹,148-3,,
19384-0900-12.zip,202202141041,’†‹–€ŒSº˜a’¬´…V‹,148-4,,
19384-0900-12.zip,202202141041,’†‹–€ŒSº˜a’¬´…V‹,“¹-30,,
19384-0900-12.zip,202202141041,’†‹–€ŒSº˜a’¬´…V‹,39-10,,
19384-0900-12.zip,202202141041,’†‹–€ŒSº˜a’¬´…V‹,100-17,,
19384-0900-12.zip,202202141041,’†‹–€ŒSº˜a’¬´…V‹,1187-1,,
19384-0900-12.zip,202202141041,’†‹–€ŒSº˜a’¬´…V‹,509-3,,
19384-0900-12.zip,202202141041,’†‹–€ŒSº˜a’¬´…V‹,490,,
19384-0900-12.zip,202202141041,’†‹–€ŒSº˜a’¬´…V‹,492,,
19384-0900-12.zip,202202141041,’†‹–€ŒSº˜a’¬´…V‹,509-1,,
19384-0900-12.zip,202202141041,’†‹–€ŒSº˜a’¬´…V‹,489-2,,
19384-0900-12.zip,202202141041,’†‹–€ŒSº˜a’¬´…V‹,509-4,,
19384-0900-12.zip,202202141041,’†‹–€ŒSº˜a’¬´…V‹,489-1,,
19384-0900-12.zip,202202141041,’†‹–€ŒSº˜a’¬´…V‹,505,,
19384-0900-12.zip,202202141041,’†‹–€ŒSº˜a’¬´…V‹,1203-2,,
19384-0900-12.zip,202202141041,’†‹–€ŒSº˜a’¬´…V‹,445-4,,
19384-0900-12.zip,202202141041,’†‹–€ŒSº˜a’¬´…V‹,453-3,,
19384-0900-12.zip,202202141041,’†‹–€ŒSº˜a’¬´…V‹,493,,
19384-0900-12.zip,202202141041,’†‹–€ŒSº˜a’¬´…V‹,506,,
19384-0900-12.zip,202202141041,’†‹–€ŒSº˜a’¬´…V‹,507,,
19384-0900-12.zip,202202141041,’†‹–€ŒSº˜a’¬´…V‹,509-5,,
19384-0900-12.zip,202202141041,’†‹–€ŒSº˜a’¬´…V‹,1082-3,,
19384-0900-12.zip,202202141041,’†‹–€ŒSº˜a’¬´…V‹,1082-1,,
19384-0900-12.zip,202202141041,’†‹–€ŒSº˜a’¬´…V‹,1080,,
19384-0900-12.zip,202202141041,’†‹–€ŒSº˜a’¬´…V‹,1096-1,,
19384-0900-12.zip,202202141041,’†‹–€ŒSº˜a’¬´…V‹,1096-6,,
19384-0900-12.zip,202202141041,’†‹–€ŒSº˜a’¬´…V‹,1158-6,,
19384-0900-12.zip,202202141041,’†‹–€ŒSº˜a’¬´…V‹,1217-2,,
19384-0900-12.zip,202202141041,’†‹–€ŒSº˜a’¬´…V‹,1158-7,,
19384-0900-12.zip,202202141041,’†‹–€ŒSº˜a’¬´…V‹,1189-1,,
19384-0900-12.zip,202202141041,’†‹–€ŒSº˜a’¬´…V‹,1156-2,,
19384-0900-12.zip,202202141041,’†‹–€ŒSº˜a’¬´…V‹,1114-3,,
19384-0900-12.zip,202202141041,’†‹–€ŒSº˜a’¬´…V‹,1114-12,,
19384-0900-12.zip,202202141041,’†‹–€ŒSº˜a’¬´…V‹,1145-1,,
19384-0900-12.zip,202202141041,’†‹–€ŒSº˜a’¬´…V‹,“¹-32,,
19384-0900-12.zip,202202141041,’†‹–€ŒSº˜a’¬´…V‹,508,,
19384-0900-12.zip,202202141041,’†‹–€ŒSº˜a’¬´…V‹,509-2,,
19384-0900-12.zip,202202141041,’†‹–€ŒSº˜a’¬´…V‹,398-1,,
19384-0900-12.zip,202202141041,’†‹–€ŒSº˜a’¬´…V‹,398-6,,
19384-0900-12.zip,202202141041,’†‹–€ŒSº˜a’¬´…V‹,1083-6,,
19384-0900-12.zip,202202141041,’†‹–€ŒSº˜a’¬´…V‹,1083-11,,
19384-0900-12.zip,202202141041,’†‹–€ŒSº˜a’¬´…V‹,1083-1,,
19384-0900-12.zip,202202141041,’†‹–€ŒSº˜a’¬´…V‹,1089-1,,
19384-0900-12.zip,202202141041,’†‹–€ŒSº˜a’¬´…V‹,…-8,,
19384-0900-12.zip,202202141041,’†‹–€ŒSº˜a’¬´…V‹,1230-2,,
19384-0900-12.zip,202202141041,’†‹–€ŒSº˜a’¬´…V‹,1230-1,,
19384-0900-12.zip,202202141041,’†‹–€ŒSº˜a’¬´…V‹,1169-1,,
19384-0900-12.zip,202202141041,’†‹–€ŒSº˜a’¬´…V‹,“¹-6,,
19384-0900-12.zip,202202141041,’†‹–€ŒSº˜a’¬´…V‹,1096-7,,
19384-0900-12.zip,202202141041,’†‹–€ŒSº˜a’¬´…V‹,1096-8,,
19384-0900-12.zip,202202141041,’†‹–€ŒSº˜a’¬´…V‹,…-6,,
19384-0900-12.zip,202202141041,’†‹–€ŒSº˜a’¬´…V‹,1103-4,,
19384-0900-12.zip,202202141041,’†‹–€ŒSº˜a’¬´…V‹,…-3,,
19384-0900-12.zip,202202141041,’†‹–€ŒSº˜a’¬´…V‹,…-77,,
19384-0900-12.zip,202202141041,’†‹–€ŒSº˜a’¬´…V‹,…-95,,
19384-0900-12.zip,202202141041,’†‹–€ŒSº˜a’¬´…V‹,1218-2,,
19384-0900-12.zip,202202141041,’†‹–€ŒSº˜a’¬´…V‹,1158-2,,
19384-0900-12.zip,202202141041,’†‹–€ŒSº˜a’¬´…V‹,1197-1,,
19384-0900-12.zip,202202141041,’†‹–€ŒSº˜a’¬´…V‹,1158-9,,
19384-0900-12.zip,202202141041,’†‹–€ŒSº˜a’¬´…V‹,1158-8,,
19384-0900-12.zip,202202141041,’†‹–€ŒSº˜a’¬´…V‹,1156-4,,
19384-0900-12.zip,202202141041,’†‹–€ŒSº˜a’¬´…V‹,1158-10,,
19384-0900-12.zip,202202141041,’†‹–€ŒSº˜a’¬´…V‹,1158-1,,
19384-0900-12.zip,202202141041,’†‹–€ŒSº˜a’¬´…V‹,1156-1,,
19384-0900-12.zip,202202141041,’†‹–€ŒSº˜a’¬´…V‹,1156-5,,
19384-0900-12.zip,202202141041,’†‹–€ŒSº˜a’¬´…V‹,1114-1,,
19384-0900-12.zip,202202141041,’†‹–€ŒSº˜a’¬´…V‹,1158-11,,
19384-0900-12.zip,202202141041,’†‹–€ŒSº˜a’¬´…V‹,1158-5,,
19384-0900-12.zip,202202141041,’†‹–€ŒSº˜a’¬´…V‹,1188-1,,
19384-0900-12.zip,202202141041,’†‹–€ŒSº˜a’¬´…V‹,1096-9,,
19384-0900-12.zip,202202141041,’†‹–€ŒSº˜a’¬´…V‹,1096-2,,
19384-0900-12.zip,202202141041,’†‹–€ŒSº˜a’¬´…V‹,1096-10,,
19384-0900-12.zip,202202141041,’†‹–€ŒSº˜a’¬´…V‹,1096-3,,
19384-0900-12.zip,202202141041,’†‹–€ŒSº˜a’¬´…V‹,1096-11,,
19384-0900-12.zip,202202141041,’†‹–€ŒSº˜a’¬´…V‹,1096-4,,
19384-0900-12.zip,202202141041,’†‹–€ŒSº˜a’¬´…V‹,537-2,,
19384-0900-12.zip,202202141041,’†‹–€ŒSº˜a’¬´…V‹,537-1,,
19384-0900-12.zip,202202141041,’†‹–€ŒSº˜a’¬´…V‹,526-2,,
19384-0900-12.zip,202202141041,’†‹–€ŒSº˜a’¬´…V‹,542,,
19384-0900-12.zip,202202141041,’†‹–€ŒSº˜a’¬´…V‹,1244-5,,
19384-0900-12.zip,202202141041,’†‹–€ŒSº˜a’¬´…V‹,“¹-11,,
19384-0900-12.zip,202202141041,’†‹–€ŒSº˜a’¬´…V‹,1262-1,,
19384-0900-12.zip,202202141041,’†‹–€ŒSº˜a’¬´…V‹,95-1,,
19384-0900-12.zip,202202141041,’†‹–€ŒSº˜a’¬´…V‹,95-5,,
19384-0900-12.zip,202202141041,’†‹–€ŒSº˜a’¬´…V‹,95-3,,
19384-0900-12.zip,202202141041,’†‹–€ŒSº˜a’¬´…V‹,91-7,,
19384-0900-12.zip,202202141041,’†‹–€ŒSº˜a’¬´…V‹,324,,
19384-0900-12.zip,202202141041,’†‹–€ŒSº˜a’¬´…V‹,1096-14,,
19384-0900-12.zip,202202141041,’†‹–€ŒSº˜a’¬´…V‹,1270-1,,
19384-0900-12.zip,202202141041,’†‹–€ŒSº˜a’¬´…V‹,1270-3,,
19384-0900-12.zip,202202141041,’†‹–€ŒSº˜a’¬´…V‹,1220-2,,
19384-0900-12.zip,202202141041,’†‹–€ŒSº˜a’¬´…V‹,100-3,,
19384-0900-12.zip,202202141041,’†‹–€ŒSº˜a’¬´…V‹,100-18,,
19384-0900-12.zip,202202141041,’†‹–€ŒSº˜a’¬´…V‹,100-11,,
19384-0900-12.zip,202202141041,’†‹–€ŒSº˜a’¬´…V‹,309-5,,
19384-0900-12.zip,202202141041,’†‹–€ŒSº˜a’¬´…V‹,309-1,,
19384-0900-12.zip,202202141041,’†‹–€ŒSº˜a’¬´…V‹,1347-1,,
19384-0900-12.zip,202202141041,’†‹–€ŒSº˜a’¬´…V‹,“¹-17,,
19384-0900-12.zip,202202141041,’†‹–€ŒSº˜a’¬´…V‹,1350-12,,
19384-0900-12.zip,202202141041,’†‹–€ŒSº˜a’¬´…V‹,1350-11,,
19384-0900-12.zip,202202141041,’†‹–€ŒSº˜a’¬´…V‹,1349-25,,
19384-0900-12.zip,202202141041,’†‹–€ŒSº˜a’¬´…V‹,1349-24,,
19384-0900-12.zip,202202141041,’†‹–€ŒSº˜a’¬´…V‹,1349-23,,
19384-0900-12.zip,202202141041,’†‹–€ŒSº˜a’¬´…V‹,1349-21,,
19384-0900-12.zip,202202141041,’†‹–€ŒSº˜a’¬´…V‹,1347-26,,
19384-0900-12.zip,202202141041,’†‹–€ŒSº˜a’¬´…V‹,1347-23,,
19384-0900-12.zip,202202141041,’†‹–€ŒSº˜a’¬´…V‹,1347-22,,
19384-0900-12.zip,202202141041,’†‹–€ŒSº˜a’¬´…V‹,434-2,,
19384-0900-12.zip,202202141041,’†‹–€ŒSº˜a’¬´…V‹,717-2,,
19384-0900-12.zip,202202141041,’†‹–€ŒSº˜a’¬´…V‹,716,,
19384-0900-12.zip,202202141041,’†‹–€ŒSº˜a’¬´…V‹,“¹-15,,
19384-0900-12.zip,202202141041,’†‹–€ŒSº˜a’¬´…V‹,697-16,,
19384-0900-12.zip,202202141041,’†‹–€ŒSº˜a’¬´…V‹,949-5,,
19384-0900-12.zip,202202141041,’†‹–€ŒSº˜a’¬´…V‹,949-1,,
19384-0900-12.zip,202202141041,’†‹–€ŒSº˜a’¬´…V‹,950-3,,
19384-0900-12.zip,202202141041,’†‹–€ŒSº˜a’¬´…V‹,431-6,,
19384-0900-12.zip,202202141041,’†‹–€ŒSº˜a’¬´…V‹,431-13,,
19384-0900-12.zip,202202141041,’†‹–€ŒSº˜a’¬´…V‹,431-5,,
19384-0900-12.zip,202202141041,’†‹–€ŒSº˜a’¬´…V‹,1042-1,,
19384-0900-12.zip,202202141041,’†‹–€ŒSº˜a’¬´…V‹,1042-2,,
19384-0900-12.zip,202202141041,’†‹–€ŒSº˜a’¬´…V‹,946-5,,
19384-0900-12.zip,202202141041,’†‹–€ŒSº˜a’¬´…V‹,946-3,,
19384-0900-12.zip,202202141041,’†‹–€ŒSº˜a’¬´…V‹,950-5,,
19384-0900-12.zip,202202141041,’†‹–€ŒSº˜a’¬´…V‹,950-1,,
19384-0900-12.zip,202202141041,’†‹–€ŒSº˜a’¬´…V‹,950-6,,
19384-0900-12.zip,202202141041,’†‹–€ŒSº˜a’¬´…V‹,“¹-88,,
19384-0900-12.zip,202202141041,’†‹–€ŒSº˜a’¬´…V‹,946-6,,
19384-0900-12.zip,202202141041,’†‹–€ŒSº˜a’¬´…V‹,946-1,,
19384-0900-12.zip,202202141041,’†‹–€ŒSº˜a’¬´…V‹,946-2,,
19384-0900-12.zip,202202141041,’†‹–€ŒSº˜a’¬´…V‹,946-7,,
19384-0900-12.zip,202202141041,’†‹–€ŒSº˜a’¬´…V‹,947-1,,
19384-0900-12.zip,202202141041,’†‹–€ŒSº˜a’¬´…V‹,947-3,,
19384-0900-12.zip,202202141041,’†‹–€ŒSº˜a’¬´…V‹,948-1,,
19384-0900-12.zip,202202141041,’†‹–€ŒSº˜a’¬´…V‹,948-4,,
19384-0900-12.zip,202202141041,’†‹–€ŒSº˜a’¬´…V‹,948-2,,
19384-0900-12.zip,202202141041,’†‹–€ŒSº˜a’¬´…V‹,431-14,,
19384-0900-12.zip,202202141041,’†‹–€ŒSº˜a’¬´…V‹,431-4,,
19384-0900-12.zip,202202141041,’†‹–€ŒSº˜a’¬´…V‹,946-8,,
19384-0900-12.zip,202202141041,’†‹–€ŒSº˜a’¬´…V‹,946-4,,
19384-0900-12.zip,202202141041,’†‹–€ŒSº˜a’¬´…V‹,942-14,,
19384-0900-12.zip,202202141041,’†‹–€ŒSº˜a’¬´…V‹,942-13,,
19384-0900-12.zip,202202141041,’†‹–€ŒSº˜a’¬´…V‹,942-16,,
19384-0900-12.zip,202202141041,’†‹–€ŒSº˜a’¬´…V‹,942-9,,
19384-0900-12.zip,202202141041,’†‹–€ŒSº˜a’¬´…V‹,942-11,,
19384-0900-12.zip,202202141041,’†‹–€ŒSº˜a’¬´…V‹,942-4,,
19384-0900-12.zip,202202141041,’†‹–€ŒSº˜a’¬´…V‹,942-1,,
19384-0900-12.zip,202202141041,’†‹–€ŒSº˜a’¬´…V‹,942-5,,
19384-0900-12.zip,202202141041,’†‹–€ŒSº˜a’¬´…V‹,942-6,,
19384-0900-12.zip,202202141041,’†‹–€ŒSº˜a’¬´…V‹,942-7,,
19384-0900-12.zip,202202141041,’†‹–€ŒSº˜a’¬´…V‹,942-8,,
19384-0900-12.zip,202202141041,’†‹–€ŒSº˜a’¬´…V‹,942-10,,
19384-0900-12.zip,202202141041,’†‹–€ŒSº˜a’¬´…V‹,942-15,,
19384-0900-12.zip,202202141041,’†‹–€ŒSº˜a’¬´…V‹,942-12,,
19384-0900-12.zip,202202141041,’†‹–€ŒSº˜a’¬´…V‹,945-3,,
19384-0900-12.zip,202202141041,’†‹–€ŒSº˜a’¬´…V‹,“¹-71,,
19384-0900-12.zip,202202141041,’†‹–€ŒSº˜a’¬´…V‹,970-1,,
19384-0900-12.zip,202202141041,’†‹–€ŒSº˜a’¬´…V‹,969-2,,
19384-0900-12.zip,202202141041,’†‹–€ŒSº˜a’¬´…V‹,958-6,,
19384-0900-12.zip,202202141041,’†‹–€ŒSº˜a’¬´…V‹,943-1,,
19384-0900-12.zip,202202141041,’†‹–€ŒSº˜a’¬´…V‹,953-5,,
19384-0900-12.zip,202202141041,’†‹–€ŒSº˜a’¬´…V‹,953-3,,
19384-0900-12.zip,202202141041,’†‹–€ŒSº˜a’¬´…V‹,942-18,,
19384-0900-12.zip,202202141041,’†‹–€ŒSº˜a’¬´…V‹,…-100,,
19384-0900-12.zip,202202141041,’†‹–€ŒSº˜a’¬´…V‹,942-3,,
19384-0900-12.zip,202202141041,’†‹–€ŒSº˜a’¬´…V‹,948-3,,
19384-0900-12.zip,202202141041,’†‹–€ŒSº˜a’¬´…V‹,966-4,,
19384-0900-12.zip,202202141041,’†‹–€ŒSº˜a’¬´…V‹,914-8,,
19384-0900-12.zip,202202141041,’†‹–€ŒSº˜a’¬´…V‹,990-5,,
19384-0900-12.zip,202202141041,’†‹–€ŒSº˜a’¬´…V‹,988-4,,
19384-0900-12.zip,202202141041,’†‹–€ŒSº˜a’¬´…V‹,“¹-299,,
19384-0900-12.zip,202202141041,’†‹–€ŒSº˜a’¬´…V‹,942-17,,
19384-0900-12.zip,202202141041,’†‹–€ŒSº˜a’¬´…V‹,299,,
19384-0900-12.zip,202202141041,’†‹–€ŒSº˜a’¬´…V‹,939-6,,
19384-0900-12.zip,202202141041,’†‹–€ŒSº˜a’¬´…V‹,939-11,,
19384-0900-12.zip,202202141041,’†‹–€ŒSº˜a’¬´…V‹,939-3,,
19384-0900-12.zip,202202141041,’†‹–€ŒSº˜a’¬´…V‹,403-3,,
19384-0900-12.zip,202202141041,’†‹–€ŒSº˜a’¬´…V‹,403-12,,
19384-0900-12.zip,202202141041,’†‹–€ŒSº˜a’¬´…V‹,403-11,,
19384-0900-12.zip,202202141041,’†‹–€ŒSº˜a’¬´…V‹,403-13,,
19384-0900-12.zip,202202141041,’†‹–€ŒSº˜a’¬´…V‹,403-6,,
19384-0900-12.zip,202202141041,’†‹–€ŒSº˜a’¬´…V‹,403-7,,
19384-0900-12.zip,202202141041,’†‹–€ŒSº˜a’¬´…V‹,403-8,,
19384-0900-12.zip,202202141041,’†‹–€ŒSº˜a’¬´…V‹,403-9,,
19384-0900-12.zip,202202141041,’†‹–€ŒSº˜a’¬´…V‹,403-10,,
19384-0900-12.zip,202202141041,’†‹–€ŒSº˜a’¬´…V‹,403-14,,
19384-0900-12.zip,202202141041,’†‹–€ŒSº˜a’¬´…V‹,403-4,,
19384-0900-12.zip,202202141041,’†‹–€ŒSº˜a’¬´…V‹,“¹-64,,
19384-0900-12.zip,202202141041,’†‹–€ŒSº˜a’¬´…V‹,412,,
19384-0900-12.zip,202202141041,’†‹–€ŒSº˜a’¬´…V‹,402-1,,
19384-0900-12.zip,202202141041,’†‹–€ŒSº˜a’¬´…V‹,403-15,,
19384-0900-12.zip,202202141041,’†‹–€ŒSº˜a’¬´…V‹,403-1,,
19384-0900-12.zip,202202141041,’†‹–€ŒSº˜a’¬´…V‹,145-17,,
19384-0900-12.zip,202202141041,’†‹–€ŒSº˜a’¬´…V‹,145-13,,
19384-0900-12.zip,202202141041,’†‹–€ŒSº˜a’¬´…V‹,145-16,,
19384-0900-12.zip,202202141041,’†‹–€ŒSº˜a’¬´…V‹,145-3,,
19384-0900-12.zip,202202141041,’†‹–€ŒSº˜a’¬´…V‹,145-11,,
19384-0900-12.zip,202202141041,’†‹–€ŒSº˜a’¬´…V‹,145-1,,
19384-0900-12.zip,202202141041,’†‹–€ŒSº˜a’¬´…V‹,1276-1,,
19384-0900-12.zip,202202141041,’†‹–€ŒSº˜a’¬´…V‹,1276-2,,
19384-0900-12.zip,202202141041,’†‹–€ŒSº˜a’¬´…V‹,…-98,,
19384-0900-12.zip,202202141041,’†‹–€ŒSº˜a’¬´…V‹,342-1,,
19384-0900-12.zip,202202141041,’†‹–€ŒSº˜a’¬´…V‹,350-1,,
19384-0900-12.zip,202202141041,’†‹–€ŒSº˜a’¬´…V‹,350-3,,
19384-0900-12.zip,202202141041,’†‹–€ŒSº˜a’¬´…V‹,347-3,,
19384-0900-12.zip,202202141041,’†‹–€ŒSº˜a’¬´…V‹,347-2,,
19384-0900-12.zip,202202141041,’†‹–€ŒSº˜a’¬´…V‹,347-1,,
19384-0900-12.zip,202202141041,’†‹–€ŒSº˜a’¬´…V‹,348-2,,
19384-0900-12.zip,202202141041,’†‹–€ŒSº˜a’¬´…V‹,247-4,,
19384-0900-12.zip,202202141041,’†‹–€ŒSº˜a’¬´…V‹,236-4,,
19384-0900-12.zip,202202141041,’†‹–€ŒSº˜a’¬´…V‹,236-1,,
19384-0900-12.zip,202202141041,’†‹–€ŒSº˜a’¬´…V‹,247-2,,
19384-0900-12.zip,202202141041,’†‹–€ŒSº˜a’¬´…V‹,258-6,,
19384-0900-12.zip,202202141041,’†‹–€ŒSº˜a’¬´…V‹,258-1,,
19384-0900-12.zip,202202141041,’†‹–€ŒSº˜a’¬´…V‹,236-2,,
19384-0900-12.zip,202202141041,’†‹–€ŒSº˜a’¬´…V‹,524-4,,
19384-0900-12.zip,202202141041,’†‹–€ŒSº˜a’¬´…V‹,102-5,,
19384-0900-12.zip,202202141041,’†‹–€ŒSº˜a’¬´…V‹,102-12,,
19384-0900-12.zip,202202141041,’†‹–€ŒSº˜a’¬´…V‹,102-4,,
19384-0900-12.zip,202202141041,’†‹–€ŒSº˜a’¬´…V‹,102-2,,
19384-0900-12.zip,202202141041,’†‹–€ŒSº˜a’¬´…V‹,138-2,,
19384-0900-12.zip,202202141041,’†‹–€ŒSº˜a’¬´…V‹,138-1,,
19384-0900-12.zip,202202141041,’†‹–€ŒSº˜a’¬´…V‹,125-13,,
19384-0900-12.zip,202202141041,’†‹–€ŒSº˜a’¬´…V‹,125-12,,
19384-0900-12.zip,202202141041,’†‹–€ŒSº˜a’¬´…V‹,125-9,,
19384-0900-12.zip,202202141041,’†‹–€ŒSº˜a’¬´…V‹,125-8,,
19384-0900-12.zip,202202141041,’†‹–€ŒSº˜a’¬´…V‹,125-4,,
19384-0900-12.zip,202202141041,’†‹–€ŒSº˜a’¬´…V‹,125-14,,
19384-0900-12.zip,202202141041,’†‹–€ŒSº˜a’¬´…V‹,125-1,,
19384-0900-12.zip,202202141041,’†‹–€ŒSº˜a’¬´…V‹,125-11,,
19384-0900-12.zip,202202141041,’†‹–€ŒSº˜a’¬´…V‹,125-10,,
19384-0900-12.zip,202202141041,’†‹–€ŒSº˜a’¬´…V‹,125-5,,
19384-0900-12.zip,202202141041,’†‹–€ŒSº˜a’¬´…V‹,125-6,,
19384-0900-12.zip,202202141041,’†‹–€ŒSº˜a’¬´…V‹,125-7,,
19384-0900-12.zip,202202141041,’†‹–€ŒSº˜a’¬´…V‹,138-3,,
19384-0900-12.zip,202202141041,’†‹–€ŒSº˜a’¬´…V‹,140-1,,
19384-0900-12.zip,202202141041,’†‹–€ŒSº˜a’¬´…V‹,126,,
19384-0900-12.zip,202202141041,’†‹–€ŒSº˜a’¬´…V‹,123-2,,
19384-0900-12.zip,202202141041,’†‹–€ŒSº˜a’¬´…V‹,100-2,,
19384-0900-12.zip,202202141041,’†‹–€ŒSº˜a’¬´…V‹,100-19,,
19384-0900-12.zip,202202141041,’†‹–€ŒSº˜a’¬´…V‹,100-9,,
19384-0900-12.zip,202202141041,’†‹–€ŒSº˜a’¬´…V‹,100-8,,
19384-0900-12.zip,202202141041,’†‹–€ŒSº˜a’¬´…V‹,518-2,,
19384-0900-12.zip,202202141041,’†‹–€ŒSº˜a’¬´…V‹,1392-1,,
19384-0900-12.zip,202202141041,’†‹–€ŒSº˜a’¬´…V‹,431-15,,
19384-0900-12.zip,202202141041,’†‹–€ŒSº˜a’¬´…V‹,321-2,,
19384-0900-12.zip,202202141041,’†‹–€ŒSº˜a’¬´…V‹,“¹-38a,,
19384-0900-12.zip,202202141041,’†‹–€ŒSº˜a’¬´…V‹,321,,
19384-0900-12.zip,202202141041,’†‹–€ŒSº˜a’¬´…V‹,1500-1,,
19384-0900-12.zip,202202141041,’†‹–€ŒSº˜a’¬´…V‹,1500-2,,
19384-0900-12.zip,202202141041,’†‹–€ŒSº˜a’¬´…V‹,1686,,
19384-0900-12.zip,202202141041,’†‹–€ŒSº˜a’¬´…V‹,1244-1,,
19384-0900-12.zip,202202141041,’†‹–€ŒSº˜a’¬´…V‹,431-16,,
19384-0900-12.zip,202202141041,’†‹–€ŒSº˜a’¬´…V‹,431-1,,
19384-0900-12.zip,202202141041,’†‹–€ŒSº˜a’¬´…V‹,431-12,,
19384-0900-12.zip,202202141041,’†‹–€ŒSº˜a’¬´…V‹,431-9,,
19384-0900-12.zip,202202141041,’†‹–€ŒSº˜a’¬´…V‹,518-1,,
19384-0900-12.zip,202202141041,’†‹–€ŒSº˜a’¬´…V‹,341-2,,
19384-0900-12.zip,202202141041,’†‹–€ŒSº˜a’¬´…V‹,341-1,,
19384-0900-12.zip,202202141041,’†‹–€ŒSº˜a’¬´…V‹,342-3,,
19384-0900-12.zip,202202141041,’†‹–€ŒSº˜a’¬´…V‹,342-2,,
19384-0900-12.zip,202202141041,’†‹–€ŒSº˜a’¬´…V‹,916-4,,
19384-0900-12.zip,202202141041,’†‹–€ŒSº˜a’¬´…V‹,916-3,,
19384-0900-12.zip,202202141041,’†‹–€ŒSº˜a’¬´…V‹,916-1,,
19384-0900-12.zip,202202141041,’†‹–€ŒSº˜a’¬´…V‹,…-69-2,,
19384-0900-12.zip,202202141041,’†‹–€ŒSº˜a’¬´…V‹,916-2,,
19384-0900-12.zip,202202141041,’†‹–€ŒSº˜a’¬´…V‹,918-5,,
19384-0900-12.zip,202202141041,’†‹–€ŒSº˜a’¬´…V‹,326-1,,
19384-0900-12.zip,202202141041,’†‹–€ŒSº˜a’¬´…V‹,341-3,,
19384-0900-12.zip,202202141041,’†‹–€ŒSº˜a’¬´…V‹,“¹-38b,,
19384-0900-12.zip,202202141041,’†‹–€ŒSº˜a’¬´…V‹,“¹-76,,
19384-0900-12.zip,202202141041,’†‹–€ŒSº˜a’¬´…V‹,190-4,,
19384-0900-12.zip,202202141041,’†‹–€ŒSº˜a’¬´…V‹,545-7,,
19384-0900-12.zip,202202141041,’†‹–€ŒSº˜a’¬´…V‹,…-97,,
19384-0900-12.zip,202202141041,’†‹–€ŒSº˜a’¬´…V‹,403-5,,
19384-0900-12.zip,202202141041,’†‹–€ŒSº˜a’¬´…V‹,…-48,,
19384-0900-12.zip,202202141041,’†‹–€ŒSº˜a’¬´…V‹,280-5,,
19384-0900-12.zip,202202141041,’†‹–€ŒSº˜a’¬´…V‹,258-7,,
19384-0900-12.zip,202202141041,’†‹–€ŒSº˜a’¬´…V‹,258-4,,
19384-0900-12.zip,202202141041,’†‹–€ŒSº˜a’¬´…V‹,302-1,,
19384-0900-12.zip,202202141041,’†‹–€ŒSº˜a’¬´…V‹,302-4,,
19384-0900-12.zip,202202141041,’†‹–€ŒSº˜a’¬´…V‹,…-9,,
19384-0900-12.zip,202202141041,’†‹–€ŒSº˜a’¬´…V‹,302-3,,
19384-0900-12.zip,202202141041,’†‹–€ŒSº˜a’¬´…V‹,514-1,,
19384-0900-12.zip,202202141041,’†‹–€ŒSº˜a’¬´…V‹,514-6,,
19384-0900-12.zip,202202141041,’†‹–€ŒSº˜a’¬´…V‹,515-5,,
19384-0900-12.zip,202202141041,’†‹–€ŒSº˜a’¬´…V‹,515-3,,
19384-0900-12.zip,202202141041,’†‹–€ŒSº˜a’¬´…V‹,515-4,,
19384-0900-12.zip,202202141041,’†‹–€ŒSº˜a’¬´…V‹,515-2,,
19384-0900-12.zip,202202141041,’†‹–€ŒSº˜a’¬´…V‹,517,,
19384-0900-12.zip,202202141041,’†‹–€ŒSº˜a’¬´…V‹,514-5,,
19384-0900-12.zip,202202141041,’†‹–€ŒSº˜a’¬´…V‹,366-7,,
19384-0900-12.zip,202202141041,’†‹–€ŒSº˜a’¬´…V‹,366-3,,
19384-0900-12.zip,202202141041,’†‹–€ŒSº˜a’¬´…V‹,366-2,,
19384-0900-12.zip,202202141041,’†‹–€ŒSº˜a’¬´…V‹,366-1,,
19384-0900-12.zip,202202141041,’†‹–€ŒSº˜a’¬´…V‹,366-5,,
19384-0900-12.zip,202202141041,’†‹–€ŒSº˜a’¬´…V‹,366-4,,
19384-0900-12.zip,202202141041,’†‹–€ŒSº˜a’¬´…V‹,366-6,,
19384-0900-12.zip,202202141041,’†‹–€ŒSº˜a’¬´…V‹,374,,
19384-0900-12.zip,202202141041,’†‹–€ŒSº˜a’¬´…V‹,369,,
19384-0900-12.zip,202202141041,’†‹–€ŒSº˜a’¬´…V‹,365,,
19384-0900-12.zip,202202141041,’†‹–€ŒSº˜a’¬´…V‹,515-1,,
19384-0900-12.zip,202202141041,’†‹–€ŒSº˜a’¬´…V‹,515-6,,
19384-0900-12.zip,202202141041,’†‹–€ŒSº˜a’¬´…V‹,1247,,
19384-0900-12.zip,202202141041,’†‹–€ŒSº˜a’¬´…V‹,1096-12,,
19384-0900-12.zip,202202141041,’†‹–€ŒSº˜a’¬´…V‹,1096-16,,
19384-0900-12.zip,202202141041,’†‹–€ŒSº˜a’¬´…V‹,1115-2,,
19384-0900-12.zip,202202141041,’†‹–€ŒSº˜a’¬´…V‹,1115-1,,
19384-0900-12.zip,202202141041,’†‹–€ŒSº˜a’¬´…V‹,1143-3,,
19384-0900-12.zip,202202141041,’†‹–€ŒSº˜a’¬´…V‹,1145-4,,
19384-0900-12.zip,202202141041,’†‹–€ŒSº˜a’¬´…V‹,1142-1,,
19384-0900-12.zip,202202141041,’†‹–€ŒSº˜a’¬´…V‹,1115-4,,
19384-0900-12.zip,202202141041,’†‹–€ŒSº˜a’¬´…V‹,…-71-2,,
19384-0900-12.zip,202202141041,’†‹–€ŒSº˜a’¬´…V‹,1115-3,,
19384-0900-12.zip,202202141041,’†‹–€ŒSº˜a’¬´…V‹,1116-3,,
19384-0900-12.zip,202202141041,’†‹–€ŒSº˜a’¬´…V‹,589-1,,
19384-0900-12.zip,202202141041,’†‹–€ŒSº˜a’¬´…V‹,589-2,,
19384-0900-12.zip,202202141041,’†‹–€ŒSº˜a’¬´…V‹,“¹-54,,
19384-0900-12.zip,202202141041,’†‹–€ŒSº˜a’¬´…V‹,590-2,,
19384-0900-12.zip,202202141041,’†‹–€ŒSº˜a’¬´…V‹,1052-11,,
19384-0900-12.zip,202202141041,’†‹–€ŒSº˜a’¬´…V‹,1052-10,,
19384-0900-12.zip,202202141041,’†‹–€ŒSº˜a’¬´…V‹,1052-9,,
19384-0900-12.zip,202202141041,’†‹–€ŒSº˜a’¬´…V‹,1052-7,,
19384-0900-12.zip,202202141041,’†‹–€ŒSº˜a’¬´…V‹,1052-8,,
19384-0900-12.zip,202202141041,’†‹–€ŒSº˜a’¬´…V‹,1052-12,,
19384-0900-12.zip,202202141041,’†‹–€ŒSº˜a’¬´…V‹,“¹-201,,
19384-0900-12.zip,202202141041,’†‹–€ŒSº˜a’¬´…V‹,1052-6,,
19384-0900-12.zip,202202141041,’†‹–€ŒSº˜a’¬´…V‹,91-10,,
19384-0900-12.zip,202202141041,’†‹–€ŒSº˜a’¬´…V‹,91-1,,
19384-0900-12.zip,202202141041,’†‹–€ŒSº˜a’¬´…V‹,…-30-3,,
19384-0900-12.zip,202202141041,’†‹–€ŒSº˜a’¬´…V‹,…-30-1,,
19384-0900-12.zip,202202141041,’†‹–€ŒSº˜a’¬´…V‹,352-3,,
19384-0900-12.zip,202202141041,’†‹–€ŒSº˜a’¬´…V‹,352-1,,
19384-0900-12.zip,202202141041,’†‹–€ŒSº˜a’¬´…V‹,352-2,,
19384-0900-12.zip,202202141041,’†‹–€ŒSº˜a’¬´…V‹,352-4,,
19384-0900-12.zip,202202141041,’†‹–€ŒSº˜a’¬´…V‹,“¹-2,,
19384-0900-12.zip,202202141041,’†‹–€ŒSº˜a’¬´…V‹,1630,,
19384-0900-12.zip,202202141041,’†‹–€ŒSº˜a’¬´…V‹,1631-2,,
19384-0900-12.zip,202202141041,’†‹–€ŒSº˜a’¬´…V‹,1631-1,,
19384-0900-12.zip,202202141041,’†‹–€ŒSº˜a’¬´…V‹,“¹-77,,
19384-0900-12.zip,202202141041,’†‹–€ŒSº˜a’¬´…V‹,524-2,,
19384-0900-12.zip,202202141041,’†‹–€ŒSº˜a’¬´…V‹,566-2,,
19384-0900-12.zip,202202141041,’†‹–€ŒSº˜a’¬´…V‹,566-1,,
19384-0900-12.zip,202202141041,’†‹–€ŒSº˜a’¬´…V‹,569,,
19384-0900-12.zip,202202141041,’†‹–€ŒSº˜a’¬´…V‹,571-2,,
19384-0900-12.zip,202202141041,’†‹–€ŒSº˜a’¬´…V‹,571-1,,
19384-0900-12.zip,202202141041,’†‹–€ŒSº˜a’¬´…V‹,572,,
19384-0900-12.zip,202202141041,’†‹–€ŒSº˜a’¬´…V‹,444,,
19384-0900-12.zip,202202141041,’†‹–€ŒSº˜a’¬´…V‹,483-2,,
19384-0900-12.zip,202202141041,’†‹–€ŒSº˜a’¬´…V‹,483-1,,
19384-0900-12.zip,202202141041,’†‹–€ŒSº˜a’¬´…V‹,483-3,,
19384-0900-12.zip,202202141041,’†‹–€ŒSº˜a’¬´…V‹,483-5,,
19384-0900-12.zip,202202141041,’†‹–€ŒSº˜a’¬´…V‹,485,,
19384-0900-12.zip,202202141041,’†‹–€ŒSº˜a’¬´…V‹,533-1,,
19384-0900-12.zip,202202141041,’†‹–€ŒSº˜a’¬´…V‹,533-2,,
19384-0900-12.zip,202202141041,’†‹–€ŒSº˜a’¬´…V‹,…-76,,
19384-0900-12.zip,202202141041,’†‹–€ŒSº˜a’¬´…V‹,1290-2,,
19384-0900-12.zip,202202141041,’†‹–€ŒSº˜a’¬´…V‹,“¹-13,,
19384-0900-12.zip,202202141041,’†‹–€ŒSº˜a’¬´…V‹,1206-2,,
19384-0900-12.zip,202202141041,’†‹–€ŒSº˜a’¬´…V‹,1290,,
19384-0900-12.zip,202202141041,’†‹–€ŒSº˜a’¬´…V‹,1206,,
19384-0900-12.zip,202202141041,’†‹–€ŒSº˜a’¬´…V‹,1288-3,,
19384-0900-12.zip,202202141041,’†‹–€ŒSº˜a’¬´…V‹,“¹-38,,
19384-0900-12.zip,202202141041,’†‹–€ŒSº˜a’¬´…V‹,308-8,,
19384-0900-12.zip,202202141041,’†‹–€ŒSº˜a’¬´…V‹,308-7,,
19384-0900-12.zip,202202141041,’†‹–€ŒSº˜a’¬´…V‹,525-4,,
19384-0900-12.zip,202202141041,’†‹–€ŒSº˜a’¬´…V‹,525-1,,
19384-0900-12.zip,202202141041,’†‹–€ŒSº˜a’¬´…V‹,526-3,,
19384-0900-12.zip,202202141041,’†‹–€ŒSº˜a’¬´…V‹,525-2,,
19384-0900-12.zip,202202141041,’†‹–€ŒSº˜a’¬´…V‹,285-3,,
19384-0900-12.zip,202202141041,’†‹–€ŒSº˜a’¬´…V‹,285-4,,
19384-0900-12.zip,202202141041,’†‹–€ŒSº˜a’¬´…V‹,286-2,,
19384-0900-12.zip,202202141041,’†‹–€ŒSº˜a’¬´…V‹,283-8,,
19384-0900-12.zip,202202141041,’†‹–€ŒSº˜a’¬´…V‹,283-3,,
19384-0900-12.zip,202202141041,’†‹–€ŒSº˜a’¬´…V‹,283-4,,
19384-0900-12.zip,202202141041,’†‹–€ŒSº˜a’¬´…V‹,283-5,,
19384-0900-12.zip,202202141041,’†‹–€ŒSº˜a’¬´…V‹,283-6,,
19384-0900-12.zip,202202141041,’†‹–€ŒSº˜a’¬´…V‹,283-7,,
19384-0900-12.zip,202202141041,’†‹–€ŒSº˜a’¬´…V‹,283-9,,
19384-0900-12.zip,202202141041,’†‹–€ŒSº˜a’¬´…V‹,283-2,,
19384-0900-12.zip,202202141041,’†‹–€ŒSº˜a’¬´…V‹,283-1,,
19384-0900-12.zip,202202141041,’†‹–€ŒSº˜a’¬´…V‹,290,,
19384-0900-12.zip,202202141041,’†‹–€ŒSº˜a’¬´…V‹,285-2,,
19384-0900-12.zip,202202141041,’†‹–€ŒSº˜a’¬´…V‹,308-1,,
19384-0900-12.zip,202202141041,’†‹–€ŒSº˜a’¬´…V‹,308-15,,
19384-0900-12.zip,202202141041,’†‹–€ŒSº˜a’¬´…V‹,308-13,,
19384-0900-12.zip,202202141041,’†‹–€ŒSº˜a’¬´…V‹,308-11,,
19384-0900-12.zip,202202141041,’†‹–€ŒSº˜a’¬´…V‹,308-14,,
19384-0900-12.zip,202202141041,’†‹–€ŒSº˜a’¬´…V‹,308-12,,
19384-0900-12.zip,202202141041,’†‹–€ŒSº˜a’¬´…V‹,308-10,,
19384-0900-12.zip,202202141041,’†‹–€ŒSº˜a’¬´…V‹,292,,
19384-0900-12.zip,202202141041,’†‹–€ŒSº˜a’¬´…V‹,308-9,,
19384-0900-12.zip,202202141041,’†‹–€ŒSº˜a’¬´…V‹,308-6,,
19384-0900-12.zip,202202141041,’†‹–€ŒSº˜a’¬´…V‹,1288-4,,
19384-0900-12.zip,202202141041,’†‹–€ŒSº˜a’¬´…V‹,1288-1,,
19384-0900-12.zip,202202141041,’†‹–€ŒSº˜a’¬´…V‹,“¹-86,,
19384-0900-12.zip,202202141041,’†‹–€ŒSº˜a’¬´…V‹,1288-5,,
19384-0900-12.zip,202202141041,’†‹–€ŒSº˜a’¬´…V‹,1288-2,,
19384-0900-12.zip,202202141041,’†‹–€ŒSº˜a’¬´…V‹,1258-1,,
19384-0900-12.zip,202202141041,’†‹–€ŒSº˜a’¬´…V‹,1258-4,,
19384-0900-12.zip,202202141041,’†‹–€ŒSº˜a’¬´…V‹,1244-6,,
19384-0900-12.zip,202202141041,’†‹–€ŒSº˜a’¬´…V‹,1258-3,,
19384-0900-12.zip,202202141041,’†‹–€ŒSº˜a’¬´…V‹,1244-4,,
19384-0900-12.zip,202202141041,’†‹–€ŒSº˜a’¬´…V‹,1626-2,,
19384-0900-12.zip,202202141041,’†‹–€ŒSº˜a’¬´…V‹,1626-3,,
19384-0900-12.zip,202202141041,’†‹–€ŒSº˜a’¬´…V‹,1701,,
19384-0900-12.zip,202202141041,’†‹–€ŒSº˜a’¬´…V‹,681-1,,
19384-0900-12.zip,202202141041,’†‹–€ŒSº˜a’¬´…V‹,1072,,
19384-0900-12.zip,202202141041,’†‹–€ŒSº˜a’¬´…V‹,1073,,
19384-0900-12.zip,202202141041,’†‹–€ŒSº˜a’¬´…V‹,1074,,
19384-0900-12.zip,202202141041,’†‹–€ŒSº˜a’¬´…V‹,1075,,
19384-0900-12.zip,202202141041,’†‹–€ŒSº˜a’¬´…V‹,1347-27,,
19384-0900-12.zip,202202141041,’†‹–€ŒSº˜a’¬´…V‹,1197-2,,
19384-0900-12.zip,202202141041,’†‹–€ŒSº˜a’¬´…V‹,1150-1,,
19384-0900-12.zip,202202141041,’†‹–€ŒSº˜a’¬´…V‹,1076-1,,
19384-0900-12.zip,202202141041,’†‹–€ŒSº˜a’¬´…V‹,1076-2,,
19384-0900-12.zip,202202141041,’†‹–€ŒSº˜a’¬´…V‹,…-71,,
19384-0900-12.zip,202202141041,’†‹–€ŒSº˜a’¬´…V‹,1621-2,,
19384-0900-12.zip,202202141041,’†‹–€ŒSº˜a’¬´…V‹,1621-1,,
19384-0900-12.zip,202202141041,’†‹–€ŒSº˜a’¬´…V‹,1700,,
19384-0900-12.zip,202202141041,’†‹–€ŒSº˜a’¬´…V‹,1622,,
19384-0900-12.zip,202202141041,’†‹–€ŒSº˜a’¬´…V‹,1291-2,,
19384-0900-12.zip,202202141041,’†‹–€ŒSº˜a’¬´…V‹,1001-2,,
19384-0900-12.zip,202202141041,’†‹–€ŒSº˜a’¬´…V‹,1001-1,,
19384-0900-12.zip,202202141041,’†‹–€ŒSº˜a’¬´…V‹,“¹-91,,
19384-0900-12.zip,202202141041,’†‹–€ŒSº˜a’¬´…V‹,999-1,,
19384-0900-12.zip,202202141041,’†‹–€ŒSº˜a’¬´…V‹,524-1,,
19384-0900-12.zip,202202141041,’†‹–€ŒSº˜a’¬´…V‹,524-6,,
19384-0900-12.zip,202202141041,’†‹–€ŒSº˜a’¬´…V‹,“¹-70,,
19384-0900-12.zip,202202141041,’†‹–€ŒSº˜a’¬´…V‹,524-5,,
19384-0900-12.zip,202202141041,’†‹–€ŒSº˜a’¬´…V‹,524-7,,
19384-0900-12.zip,202202141041,’†‹–€ŒSº˜a’¬´…V‹,528-3,,
19384-0900-13.zip,202202141041,’†‹–€ŒSº˜a’¬¼ğV“c,1-3,,
19384-0900-13.zip,202202141041,’†‹–€ŒSº˜a’¬¼ğV“c,3-1,,
19384-0900-13.zip,202202141041,’†‹–€ŒSº˜a’¬¼ğV“c,3-5,,
19384-0900-13.zip,202202141041,’†‹–€ŒSº˜a’¬¼ğV“c,3-6,,
19384-0900-13.zip,202202141041,’†‹–€ŒSº˜a’¬¼ğV“c,3-7,,
19384-0900-13.zip,202202141041,’†‹–€ŒSº˜a’¬¼ğV“c,3-8,,
19384-0900-13.zip,202202141041,’†‹–€ŒSº˜a’¬¼ğV“c,3-9,,
19384-0900-13.zip,202202141041,’†‹–€ŒSº˜a’¬¼ğV“c,3-10,,
19384-0900-13.zip,202202141041,’†‹–€ŒSº˜a’¬¼ğV“c,3-11,,
19384-0900-13.zip,202202141041,’†‹–€ŒSº˜a’¬¼ğV“c,4-1,,
19384-0900-13.zip,202202141041,’†‹–€ŒSº˜a’¬¼ğV“c,4-2,,
19384-0900-13.zip,202202141041,’†‹–€ŒSº˜a’¬¼ğV“c,5-1,,
19384-0900-13.zip,202202141041,’†‹–€ŒSº˜a’¬¼ğV“c,5-3,,
19384-0900-13.zip,202202141041,’†‹–€ŒSº˜a’¬¼ğV“c,5-4,,
19384-0900-13.zip,202202141041,’†‹–€ŒSº˜a’¬¼ğV“c,5-5,,
19384-0900-13.zip,202202141041,’†‹–€ŒSº˜a’¬¼ğV“c,7,,
19384-0900-13.zip,202202141041,’†‹–€ŒSº˜a’¬¼ğV“c,9-1,,
19384-0900-13.zip,202202141041,’†‹–€ŒSº˜a’¬¼ğV“c,9-2,,
19384-0900-13.zip,202202141041,’†‹–€ŒSº˜a’¬¼ğV“c,12,,
19384-0900-13.zip,202202141041,’†‹–€ŒSº˜a’¬¼ğV“c,14,,
19384-0900-13.zip,202202141041,’†‹–€ŒSº˜a’¬¼ğV“c,15,,
19384-0900-13.zip,202202141041,’†‹–€ŒSº˜a’¬¼ğV“c,18-1,,
19384-0900-13.zip,202202141041,’†‹–€ŒSº˜a’¬¼ğV“c,18-3,,
19384-0900-13.zip,202202141041,’†‹–€ŒSº˜a’¬¼ğV“c,19,,
19384-0900-13.zip,202202141041,’†‹–€ŒSº˜a’¬¼ğV“c,34-1,,
19384-0900-13.zip,202202141041,’†‹–€ŒSº˜a’¬¼ğV“c,34-2,,
19384-0900-13.zip,202202141041,’†‹–€ŒSº˜a’¬¼ğV“c,35-1,,
19384-0900-13.zip,202202141041,’†‹–€ŒSº˜a’¬¼ğV“c,35-3,,
19384-0900-13.zip,202202141041,’†‹–€ŒSº˜a’¬¼ğV“c,38,,
19384-0900-13.zip,202202141041,’†‹–€ŒSº˜a’¬¼ğV“c,42,,
19384-0900-13.zip,202202141041,’†‹–€ŒSº˜a’¬¼ğV“c,44,,
19384-0900-13.zip,202202141041,’†‹–€ŒSº˜a’¬¼ğV“c,46,,
19384-0900-13.zip,202202141041,’†‹–€ŒSº˜a’¬¼ğV“c,48,,
19384-0900-13.zip,202202141041,’†‹–€ŒSº˜a’¬¼ğV“c,51,,
19384-0900-13.zip,202202141041,’†‹–€ŒSº˜a’¬¼ğV“c,52,,
19384-0900-13.zip,202202141041,’†‹–€ŒSº˜a’¬¼ğV“c,60-1,,
19384-0900-13.zip,202202141041,’†‹–€ŒSº˜a’¬¼ğV“c,155-1,,
19384-0900-13.zip,202202141041,’†‹–€ŒSº˜a’¬¼ğV“c,155-2,,
19384-0900-13.zip,202202141041,’†‹–€ŒSº˜a’¬¼ğV“c,157,,
19384-0900-13.zip,202202141041,’†‹–€ŒSº˜a’¬¼ğV“c,158-1,,
19384-0900-13.zip,202202141041,’†‹–€ŒSº˜a’¬¼ğV“c,158-3,,
19384-0900-13.zip,202202141041,’†‹–€ŒSº˜a’¬¼ğV“c,159,,
19384-0900-13.zip,202202141041,’†‹–€ŒSº˜a’¬¼ğV“c,161,,
19384-0900-13.zip,202202141041,’†‹–€ŒSº˜a’¬¼ğV“c,163,,
19384-0900-13.zip,202202141041,’†‹–€ŒSº˜a’¬¼ğV“c,164,,
19384-0900-13.zip,202202141041,’†‹–€ŒSº˜a’¬¼ğV“c,165,,
19384-0900-13.zip,202202141041,’†‹–€ŒSº˜a’¬¼ğV“c,166-1,,
19384-0900-13.zip,202202141041,’†‹–€ŒSº˜a’¬¼ğV“c,166-2,,
19384-0900-13.zip,202202141041,’†‹–€ŒSº˜a’¬¼ğV“c,167-1,,
19384-0900-13.zip,202202141041,’†‹–€ŒSº˜a’¬¼ğV“c,167-2,,
19384-0900-13.zip,202202141041,’†‹–€ŒSº˜a’¬¼ğV“c,168,,
19384-0900-13.zip,202202141041,’†‹–€ŒSº˜a’¬¼ğV“c,169-1,,
19384-0900-13.zip,202202141041,’†‹–€ŒSº˜a’¬¼ğV“c,169-2,,
19384-0900-13.zip,202202141041,’†‹–€ŒSº˜a’¬¼ğV“c,170,,
19384-0900-13.zip,202202141041,’†‹–€ŒSº˜a’¬¼ğV“c,171,,
19384-0900-13.zip,202202141041,’†‹–€ŒSº˜a’¬¼ğV“c,173,,
19384-0900-13.zip,202202141041,’†‹–€ŒSº˜a’¬¼ğV“c,176-1,,
19384-0900-13.zip,202202141041,’†‹–€ŒSº˜a’¬¼ğV“c,176-2,,
19384-0900-13.zip,202202141041,’†‹–€ŒSº˜a’¬¼ğV“c,177,,
19384-0900-13.zip,202202141041,’†‹–€ŒSº˜a’¬¼ğV“c,178,,
19384-0900-13.zip,202202141041,’†‹–€ŒSº˜a’¬¼ğV“c,180,,
19384-0900-13.zip,202202141041,’†‹–€ŒSº˜a’¬¼ğV“c,181-1,,
19384-0900-13.zip,202202141041,’†‹–€ŒSº˜a’¬¼ğV“c,181-2,,
19384-0900-13.zip,202202141041,’†‹–€ŒSº˜a’¬¼ğV“c,182-1,,
19384-0900-13.zip,202202141041,’†‹–€ŒSº˜a’¬¼ğV“c,182-2,,
19384-0900-13.zip,202202141041,’†‹–€ŒSº˜a’¬¼ğV“c,183,,
19384-0900-13.zip,202202141041,’†‹–€ŒSº˜a’¬¼ğV“c,184-1,,
19384-0900-13.zip,202202141041,’†‹–€ŒSº˜a’¬¼ğV“c,185-1,,
19384-0900-13.zip,202202141041,’†‹–€ŒSº˜a’¬¼ğV“c,185-2,,
19384-0900-13.zip,202202141041,’†‹–€ŒSº˜a’¬¼ğV“c,186,,
19384-0900-13.zip,202202141041,’†‹–€ŒSº˜a’¬¼ğV“c,188,,
19384-0900-13.zip,202202141041,’†‹–€ŒSº˜a’¬¼ğV“c,188-2,,
19384-0900-13.zip,202202141041,’†‹–€ŒSº˜a’¬¼ğV“c,190,,
19384-0900-13.zip,202202141041,’†‹–€ŒSº˜a’¬¼ğV“c,193,,
19384-0900-13.zip,202202141041,’†‹–€ŒSº˜a’¬¼ğV“c,194,,
19384-0900-13.zip,202202141041,’†‹–€ŒSº˜a’¬¼ğV“c,195,,
19384-0900-13.zip,202202141041,’†‹–€ŒSº˜a’¬¼ğV“c,196,,
19384-0900-13.zip,202202141041,’†‹–€ŒSº˜a’¬¼ğV“c,197,,
19384-0900-13.zip,202202141041,’†‹–€ŒSº˜a’¬¼ğV“c,198,,
19384-0900-13.zip,202202141041,’†‹–€ŒSº˜a’¬¼ğV“c,200,,
19384-0900-13.zip,202202141041,’†‹–€ŒSº˜a’¬¼ğV“c,201,,
19384-0900-13.zip,202202141041,’†‹–€ŒSº˜a’¬¼ğV“c,203,,
19384-0900-13.zip,202202141041,’†‹–€ŒSº˜a’¬¼ğV“c,205-1,,
19384-0900-13.zip,202202141041,’†‹–€ŒSº˜a’¬¼ğV“c,205-2,,
19384-0900-13.zip,202202141041,’†‹–€ŒSº˜a’¬¼ğV“c,“¹-2,,
19384-0900-13.zip,202202141041,’†‹–€ŒSº˜a’¬¼ğV“c,“¹-111,,
19384-0900-13.zip,202202141041,’†‹–€ŒSº˜a’¬¼ğV“c,…-107,,
19384-0900-13.zip,202202141041,’†‹–€ŒSº˜a’¬¼ğV“c,…-118,,
19384-0900-13.zip,202202141041,’†‹–€ŒSº˜a’¬¼ğV“c,…-120,,
19384-0900-13.zip,202202141041,’†‹–€ŒSº˜a’¬¼ğV“c,…-123,,
19384-0900-13.zip,202202141041,’†‹–€ŒSº˜a’¬¼ğV“c,55,,
19384-0900-13.zip,202202141041,’†‹–€ŒSº˜a’¬¼ğV“c,62,,
19384-0900-13.zip,202202141041,’†‹–€ŒSº˜a’¬¼ğV“c,63-1,,
19384-0900-13.zip,202202141041,’†‹–€ŒSº˜a’¬¼ğV“c,63-3,,
19384-0900-13.zip,202202141041,’†‹–€ŒSº˜a’¬¼ğV“c,64-1,,
19384-0900-13.zip,202202141041,’†‹–€ŒSº˜a’¬¼ğV“c,64-3,,
19384-0900-13.zip,202202141041,’†‹–€ŒSº˜a’¬¼ğV“c,65,,
19384-0900-13.zip,202202141041,’†‹–€ŒSº˜a’¬¼ğV“c,66,,
19384-0900-13.zip,202202141041,’†‹–€ŒSº˜a’¬¼ğV“c,67,,
19384-0900-13.zip,202202141041,’†‹–€ŒSº˜a’¬¼ğV“c,68-1,,
19384-0900-13.zip,202202141041,’†‹–€ŒSº˜a’¬¼ğV“c,68-3,,
19384-0900-13.zip,202202141041,’†‹–€ŒSº˜a’¬¼ğV“c,68-4,,
19384-0900-13.zip,202202141041,’†‹–€ŒSº˜a’¬¼ğV“c,68-5,,
19384-0900-13.zip,202202141041,’†‹–€ŒSº˜a’¬¼ğV“c,68-6,,
19384-0900-13.zip,202202141041,’†‹–€ŒSº˜a’¬¼ğV“c,68-7,,
19384-0900-13.zip,202202141041,’†‹–€ŒSº˜a’¬¼ğV“c,68-8,,
19384-0900-13.zip,202202141041,’†‹–€ŒSº˜a’¬¼ğV“c,68-9,,
19384-0900-13.zip,202202141041,’†‹–€ŒSº˜a’¬¼ğV“c,68-10,,
19384-0900-13.zip,202202141041,’†‹–€ŒSº˜a’¬¼ğV“c,68-11,,
19384-0900-13.zip,202202141041,’†‹–€ŒSº˜a’¬¼ğV“c,68-12,,
19384-0900-13.zip,202202141041,’†‹–€ŒSº˜a’¬¼ğV“c,68-13,,
19384-0900-13.zip,202202141041,’†‹–€ŒSº˜a’¬¼ğV“c,68-14,,
19384-0900-13.zip,202202141041,’†‹–€ŒSº˜a’¬¼ğV“c,68-15,,
19384-0900-13.zip,202202141041,’†‹–€ŒSº˜a’¬¼ğV“c,68-16,,
19384-0900-13.zip,202202141041,’†‹–€ŒSº˜a’¬¼ğV“c,68-17,,
19384-0900-13.zip,202202141041,’†‹–€ŒSº˜a’¬¼ğV“c,68-18,,
19384-0900-13.zip,202202141041,’†‹–€ŒSº˜a’¬¼ğV“c,68-19,,
19384-0900-13.zip,202202141041,’†‹–€ŒSº˜a’¬¼ğV“c,68-20,,
19384-0900-13.zip,202202141041,’†‹–€ŒSº˜a’¬¼ğV“c,68-21,,
19384-0900-13.zip,202202141041,’†‹–€ŒSº˜a’¬¼ğV“c,68-22,,
19384-0900-13.zip,202202141041,’†‹–€ŒSº˜a’¬¼ğV“c,68-23,,
19384-0900-13.zip,202202141041,’†‹–€ŒSº˜a’¬¼ğV“c,68-24,,
19384-0900-13.zip,202202141041,’†‹–€ŒSº˜a’¬¼ğV“c,68-25,,
19384-0900-13.zip,202202141041,’†‹–€ŒSº˜a’¬¼ğV“c,68-26,,
19384-0900-13.zip,202202141041,’†‹–€ŒSº˜a’¬¼ğV“c,68-27,,
19384-0900-13.zip,202202141041,’†‹–€ŒSº˜a’¬¼ğV“c,68-28,,
19384-0900-13.zip,202202141041,’†‹–€ŒSº˜a’¬¼ğV“c,69-3,,
19384-0900-13.zip,202202141041,’†‹–€ŒSº˜a’¬¼ğV“c,69-4,,
19384-0900-13.zip,202202141041,’†‹–€ŒSº˜a’¬¼ğV“c,69-5,,
19384-0900-13.zip,202202141041,’†‹–€ŒSº˜a’¬¼ğV“c,75,,
19384-0900-13.zip,202202141041,’†‹–€ŒSº˜a’¬¼ğV“c,76,,
19384-0900-13.zip,202202141041,’†‹–€ŒSº˜a’¬¼ğV“c,77,,
19384-0900-13.zip,202202141041,’†‹–€ŒSº˜a’¬¼ğV“c,78-2,,
19384-0900-13.zip,202202141041,’†‹–€ŒSº˜a’¬¼ğV“c,78-3,,
19384-0900-13.zip,202202141041,’†‹–€ŒSº˜a’¬¼ğV“c,81-1,,
19384-0900-13.zip,202202141041,’†‹–€ŒSº˜a’¬¼ğV“c,81-2,,
19384-0900-13.zip,202202141041,’†‹–€ŒSº˜a’¬¼ğV“c,81-3,,
19384-0900-13.zip,202202141041,’†‹–€ŒSº˜a’¬¼ğV“c,81-4,,
19384-0900-13.zip,202202141041,’†‹–€ŒSº˜a’¬¼ğV“c,81-5,,
19384-0900-13.zip,202202141041,’†‹–€ŒSº˜a’¬¼ğV“c,83-1,,
19384-0900-13.zip,202202141041,’†‹–€ŒSº˜a’¬¼ğV“c,83-3,,
19384-0900-13.zip,202202141041,’†‹–€ŒSº˜a’¬¼ğV“c,89-3,,
19384-0900-13.zip,202202141041,’†‹–€ŒSº˜a’¬¼ğV“c,91-6,,
19384-0900-13.zip,202202141041,’†‹–€ŒSº˜a’¬¼ğV“c,91-7,,
19384-0900-13.zip,202202141041,’†‹–€ŒSº˜a’¬¼ğV“c,91-8,,
19384-0900-13.zip,202202141041,’†‹–€ŒSº˜a’¬¼ğV“c,92-1,,
19384-0900-13.zip,202202141041,’†‹–€ŒSº˜a’¬¼ğV“c,92-3,,
19384-0900-13.zip,202202141041,’†‹–€ŒSº˜a’¬¼ğV“c,92-4,,
19384-0900-13.zip,202202141041,’†‹–€ŒSº˜a’¬¼ğV“c,92-5,,
19384-0900-13.zip,202202141041,’†‹–€ŒSº˜a’¬¼ğV“c,93-1,,
19384-0900-13.zip,202202141041,’†‹–€ŒSº˜a’¬¼ğV“c,93-2,,
19384-0900-13.zip,202202141041,’†‹–€ŒSº˜a’¬¼ğV“c,93-3,,
19384-0900-13.zip,202202141041,’†‹–€ŒSº˜a’¬¼ğV“c,94-2,,
19384-0900-13.zip,202202141041,’†‹–€ŒSº˜a’¬¼ğV“c,94-3,,
19384-0900-13.zip,202202141041,’†‹–€ŒSº˜a’¬¼ğV“c,94-4,,
19384-0900-13.zip,202202141041,’†‹–€ŒSº˜a’¬¼ğV“c,94-5,,
19384-0900-13.zip,202202141041,’†‹–€ŒSº˜a’¬¼ğV“c,95,,
19384-0900-13.zip,202202141041,’†‹–€ŒSº˜a’¬¼ğV“c,96,,
19384-0900-13.zip,202202141041,’†‹–€ŒSº˜a’¬¼ğV“c,97,,
19384-0900-13.zip,202202141041,’†‹–€ŒSº˜a’¬¼ğV“c,98,,
19384-0900-13.zip,202202141041,’†‹–€ŒSº˜a’¬¼ğV“c,98-2,,
19384-0900-13.zip,202202141041,’†‹–€ŒSº˜a’¬¼ğV“c,99,,
19384-0900-13.zip,202202141041,’†‹–€ŒSº˜a’¬¼ğV“c,100-2,,
19384-0900-13.zip,202202141041,’†‹–€ŒSº˜a’¬¼ğV“c,102,,
19384-0900-13.zip,202202141041,’†‹–€ŒSº˜a’¬¼ğV“c,105,,
19384-0900-13.zip,202202141041,’†‹–€ŒSº˜a’¬¼ğV“c,106,,
19384-0900-13.zip,202202141041,’†‹–€ŒSº˜a’¬¼ğV“c,107,,
19384-0900-13.zip,202202141041,’†‹–€ŒSº˜a’¬¼ğV“c,109-2,,
19384-0900-13.zip,202202141041,’†‹–€ŒSº˜a’¬¼ğV“c,112,,
19384-0900-13.zip,202202141041,’†‹–€ŒSº˜a’¬¼ğV“c,113,,
19384-0900-13.zip,202202141041,’†‹–€ŒSº˜a’¬¼ğV“c,114,,
19384-0900-13.zip,202202141041,’†‹–€ŒSº˜a’¬¼ğV“c,115,,
19384-0900-13.zip,202202141041,’†‹–€ŒSº˜a’¬¼ğV“c,116-1,,
19384-0900-13.zip,202202141041,’†‹–€ŒSº˜a’¬¼ğV“c,116-2,,
19384-0900-13.zip,202202141041,’†‹–€ŒSº˜a’¬¼ğV“c,117-1,,
19384-0900-13.zip,202202141041,’†‹–€ŒSº˜a’¬¼ğV“c,117-2,,
19384-0900-13.zip,202202141041,’†‹–€ŒSº˜a’¬¼ğV“c,118-1,,
19384-0900-13.zip,202202141041,’†‹–€ŒSº˜a’¬¼ğV“c,118-2,,
19384-0900-13.zip,202202141041,’†‹–€ŒSº˜a’¬¼ğV“c,119,,
19384-0900-13.zip,202202141041,’†‹–€ŒSº˜a’¬¼ğV“c,120,,
19384-0900-13.zip,202202141041,’†‹–€ŒSº˜a’¬¼ğV“c,121,,
19384-0900-13.zip,202202141041,’†‹–€ŒSº˜a’¬¼ğV“c,122,,
19384-0900-13.zip,202202141041,’†‹–€ŒSº˜a’¬¼ğV“c,123,,
19384-0900-13.zip,202202141041,’†‹–€ŒSº˜a’¬¼ğV“c,125-3,,
19384-0900-13.zip,202202141041,’†‹–€ŒSº˜a’¬¼ğV“c,128,,
19384-0900-13.zip,202202141041,’†‹–€ŒSº˜a’¬¼ğV“c,130-1,,
19384-0900-13.zip,202202141041,’†‹–€ŒSº˜a’¬¼ğV“c,130-2,,
19384-0900-13.zip,202202141041,’†‹–€ŒSº˜a’¬¼ğV“c,131-1,,
19384-0900-13.zip,202202141041,’†‹–€ŒSº˜a’¬¼ğV“c,131-2,,
19384-0900-13.zip,202202141041,’†‹–€ŒSº˜a’¬¼ğV“c,132,,
19384-0900-13.zip,202202141041,’†‹–€ŒSº˜a’¬¼ğV“c,133,,
19384-0900-13.zip,202202141041,’†‹–€ŒSº˜a’¬¼ğV“c,134-1,,
19384-0900-13.zip,202202141041,’†‹–€ŒSº˜a’¬¼ğV“c,134-2,,
19384-0900-13.zip,202202141041,’†‹–€ŒSº˜a’¬¼ğV“c,136,,
19384-0900-13.zip,202202141041,’†‹–€ŒSº˜a’¬¼ğV“c,137,,
19384-0900-13.zip,202202141041,’†‹–€ŒSº˜a’¬¼ğV“c,139,,
19384-0900-13.zip,202202141041,’†‹–€ŒSº˜a’¬¼ğV“c,141,,
19384-0900-13.zip,202202141041,’†‹–€ŒSº˜a’¬¼ğV“c,142,,
19384-0900-13.zip,202202141041,’†‹–€ŒSº˜a’¬¼ğV“c,145,,
19384-0900-13.zip,202202141041,’†‹–€ŒSº˜a’¬¼ğV“c,146,,
19384-0900-13.zip,202202141041,’†‹–€ŒSº˜a’¬¼ğV“c,149,,
19384-0900-13.zip,202202141041,’†‹–€ŒSº˜a’¬¼ğV“c,150,,
19384-0900-13.zip,202202141041,’†‹–€ŒSº˜a’¬¼ğV“c,151,,
19384-0900-13.zip,202202141041,’†‹–€ŒSº˜a’¬¼ğV“c,153-1,,
19384-0900-13.zip,202202141041,’†‹–€ŒSº˜a’¬¼ğV“c,153-2,,
19384-0900-13.zip,202202141041,’†‹–€ŒSº˜a’¬¼ğV“c,153-3,,
19384-0900-13.zip,202202141041,’†‹–€ŒSº˜a’¬¼ğV“c,154-1,,
19384-0900-13.zip,202202141041,’†‹–€ŒSº˜a’¬¼ğV“c,154-2,,
19384-0900-13.zip,202202141041,’†‹–€ŒSº˜a’¬¼ğV“c,91-1,,
19384-0900-13.zip,202202141041,’†‹–€ŒSº˜a’¬¼ğV“c,91-2,,
19384-0900-13.zip,202202141041,’†‹–€ŒSº˜a’¬¼ğV“c,91-3,,
19384-0900-13.zip,202202141041,’†‹–€ŒSº˜a’¬¼ğV“c,91-4,,
19384-0900-13.zip,202202141041,’†‹–€ŒSº˜a’¬¼ğV“c,91-5,,
19384-0900-13.zip,202202141041,’†‹–€ŒSº˜a’¬¼ğV“c,92-2,,
19384-0900-13.zip,202202141041,’†‹–€ŒSº˜a’¬¼ğV“c,“¹-3,,
19384-0900-13.zip,202202141041,’†‹–€ŒSº˜a’¬¼ğV“c,“¹-107,,
19384-0900-13.zip,202202141041,’†‹–€ŒSº˜a’¬¼ğV“c,…-6,,
19384-0900-13.zip,202202141041,’†‹–€ŒSº˜a’¬¼ğV“c,…-102,,
19384-0900-13.zip,202202141041,’†‹–€ŒSº˜a’¬¼ğV“c,…-112,,
19384-0900-13.zip,202202141041,’†‹–€ŒSº˜a’¬¼ğV“c,…-122,,
19384-0900-13.zip,202202141041,’†‹–€ŒSº˜a’¬¼ğV“c,…-211,,
19384-0900-13.zip,202202141041,’†‹–€ŒSº˜a’¬¼ğV“c,…-2112,,
19384-0900-13.zip,202202141041,’†‹–€ŒSº˜a’¬¼ğV“c,206-2,,
19384-0900-13.zip,202202141041,’†‹–€ŒSº˜a’¬¼ğV“c,242,,
19384-0900-13.zip,202202141041,’†‹–€ŒSº˜a’¬¼ğV“c,243-1,,
19384-0900-13.zip,202202141041,’†‹–€ŒSº˜a’¬¼ğV“c,243-2,,
19384-0900-13.zip,202202141041,’†‹–€ŒSº˜a’¬¼ğV“c,245-1,,
19384-0900-13.zip,202202141041,’†‹–€ŒSº˜a’¬¼ğV“c,245-2,,
19384-0900-13.zip,202202141041,’†‹–€ŒSº˜a’¬¼ğV“c,248,,
19384-0900-13.zip,202202141041,’†‹–€ŒSº˜a’¬¼ğV“c,249,,
19384-0900-13.zip,202202141041,’†‹–€ŒSº˜a’¬¼ğV“c,250,,
19384-0900-13.zip,202202141041,’†‹–€ŒSº˜a’¬¼ğV“c,251-‰³,,
19384-0900-13.zip,202202141041,’†‹–€ŒSº˜a’¬¼ğV“c,251-1,,
19384-0900-13.zip,202202141041,’†‹–€ŒSº˜a’¬¼ğV“c,251-3,,
19384-0900-13.zip,202202141041,’†‹–€ŒSº˜a’¬¼ğV“c,251-4,,
19384-0900-13.zip,202202141041,’†‹–€ŒSº˜a’¬¼ğV“c,252,,
19384-0900-13.zip,202202141041,’†‹–€ŒSº˜a’¬¼ğV“c,253,,
19384-0900-13.zip,202202141041,’†‹–€ŒSº˜a’¬¼ğV“c,255,,
19384-0900-13.zip,202202141041,’†‹–€ŒSº˜a’¬¼ğV“c,256-1,,
19384-0900-13.zip,202202141041,’†‹–€ŒSº˜a’¬¼ğV“c,256-2,,
19384-0900-13.zip,202202141041,’†‹–€ŒSº˜a’¬¼ğV“c,257,,
19384-0900-13.zip,202202141041,’†‹–€ŒSº˜a’¬¼ğV“c,258-1,,
19384-0900-13.zip,202202141041,’†‹–€ŒSº˜a’¬¼ğV“c,258-3,,
19384-0900-13.zip,202202141041,’†‹–€ŒSº˜a’¬¼ğV“c,258-4,,
19384-0900-13.zip,202202141041,’†‹–€ŒSº˜a’¬¼ğV“c,260,,
19384-0900-13.zip,202202141041,’†‹–€ŒSº˜a’¬¼ğV“c,727,,
19384-0900-13.zip,202202141041,’†‹–€ŒSº˜a’¬¼ğV“c,728-1,,
19384-0900-13.zip,202202141041,’†‹–€ŒSº˜a’¬¼ğV“c,728-2,,
19384-0900-13.zip,202202141041,’†‹–€ŒSº˜a’¬¼ğV“c,728-3,,
19384-0900-13.zip,202202141041,’†‹–€ŒSº˜a’¬¼ğV“c,732,,
19384-0900-13.zip,202202141041,’†‹–€ŒSº˜a’¬¼ğV“c,735,,
19384-0900-13.zip,202202141041,’†‹–€ŒSº˜a’¬¼ğV“c,736-1,,
19384-0900-13.zip,202202141041,’†‹–€ŒSº˜a’¬¼ğV“c,736-2,,
19384-0900-13.zip,202202141041,’†‹–€ŒSº˜a’¬¼ğV“c,741-1,,
19384-0900-13.zip,202202141041,’†‹–€ŒSº˜a’¬¼ğV“c,741-2,,
19384-0900-13.zip,202202141041,’†‹–€ŒSº˜a’¬¼ğV“c,745,,
19384-0900-13.zip,202202141041,’†‹–€ŒSº˜a’¬¼ğV“c,746-2,,
19384-0900-13.zip,202202141041,’†‹–€ŒSº˜a’¬¼ğV“c,747-1,,
19384-0900-13.zip,202202141041,’†‹–€ŒSº˜a’¬¼ğV“c,747-2,,
19384-0900-13.zip,202202141041,’†‹–€ŒSº˜a’¬¼ğV“c,747-3,,
19384-0900-13.zip,202202141041,’†‹–€ŒSº˜a’¬¼ğV“c,751-1,,
19384-0900-13.zip,202202141041,’†‹–€ŒSº˜a’¬¼ğV“c,751-2,,
19384-0900-13.zip,202202141041,’†‹–€ŒSº˜a’¬¼ğV“c,751-3,,
19384-0900-13.zip,202202141041,’†‹–€ŒSº˜a’¬¼ğV“c,753-1,,
19384-0900-13.zip,202202141041,’†‹–€ŒSº˜a’¬¼ğV“c,753-2,,
19384-0900-13.zip,202202141041,’†‹–€ŒSº˜a’¬¼ğV“c,755-1,,
19384-0900-13.zip,202202141041,’†‹–€ŒSº˜a’¬¼ğV“c,755-2,,
19384-0900-13.zip,202202141041,’†‹–€ŒSº˜a’¬¼ğV“c,757-1,,
19384-0900-13.zip,202202141041,’†‹–€ŒSº˜a’¬¼ğV“c,757-5,,
19384-0900-13.zip,202202141041,’†‹–€ŒSº˜a’¬¼ğV“c,757-6,,
19384-0900-13.zip,202202141041,’†‹–€ŒSº˜a’¬¼ğV“c,757-7,,
19384-0900-13.zip,202202141041,’†‹–€ŒSº˜a’¬¼ğV“c,757-9,,
19384-0900-13.zip,202202141041,’†‹–€ŒSº˜a’¬¼ğV“c,757-18,,
19384-0900-13.zip,202202141041,’†‹–€ŒSº˜a’¬¼ğV“c,757-19,,
19384-0900-13.zip,202202141041,’†‹–€ŒSº˜a’¬¼ğV“c,757-20,,
19384-0900-13.zip,202202141041,’†‹–€ŒSº˜a’¬¼ğV“c,759-2,,
19384-0900-13.zip,202202141041,’†‹–€ŒSº˜a’¬¼ğV“c,759-3,,
19384-0900-13.zip,202202141041,’†‹–€ŒSº˜a’¬¼ğV“c,759-4,,
19384-0900-13.zip,202202141041,’†‹–€ŒSº˜a’¬¼ğV“c,761-3,,
19384-0900-13.zip,202202141041,’†‹–€ŒSº˜a’¬¼ğV“c,761-4,,
19384-0900-13.zip,202202141041,’†‹–€ŒSº˜a’¬¼ğV“c,761-7,,
19384-0900-13.zip,202202141041,’†‹–€ŒSº˜a’¬¼ğV“c,762-7,,
19384-0900-13.zip,202202141041,’†‹–€ŒSº˜a’¬¼ğV“c,762-9,,
19384-0900-13.zip,202202141041,’†‹–€ŒSº˜a’¬¼ğV“c,762-10,,
19384-0900-13.zip,202202141041,’†‹–€ŒSº˜a’¬¼ğV“c,765,,
19384-0900-13.zip,202202141041,’†‹–€ŒSº˜a’¬¼ğV“c,765-2,,
19384-0900-13.zip,202202141041,’†‹–€ŒSº˜a’¬¼ğV“c,766,,
19384-0900-13.zip,202202141041,’†‹–€ŒSº˜a’¬¼ğV“c,767-1,,
19384-0900-13.zip,202202141041,’†‹–€ŒSº˜a’¬¼ğV“c,767-2,,
19384-0900-13.zip,202202141041,’†‹–€ŒSº˜a’¬¼ğV“c,770-1,,
19384-0900-13.zip,202202141041,’†‹–€ŒSº˜a’¬¼ğV“c,770-2,,
19384-0900-13.zip,202202141041,’†‹–€ŒSº˜a’¬¼ğV“c,772-1,,
19384-0900-13.zip,202202141041,’†‹–€ŒSº˜a’¬¼ğV“c,772-2,,
19384-0900-13.zip,202202141041,’†‹–€ŒSº˜a’¬¼ğV“c,773-1,,
19384-0900-13.zip,202202141041,’†‹–€ŒSº˜a’¬¼ğV“c,773-2,,
19384-0900-13.zip,202202141041,’†‹–€ŒSº˜a’¬¼ğV“c,774-1,,
19384-0900-13.zip,202202141041,’†‹–€ŒSº˜a’¬¼ğV“c,774-2,,
19384-0900-13.zip,202202141041,’†‹–€ŒSº˜a’¬¼ğV“c,774-3,,
19384-0900-13.zip,202202141041,’†‹–€ŒSº˜a’¬¼ğV“c,775-1,,
19384-0900-13.zip,202202141041,’†‹–€ŒSº˜a’¬¼ğV“c,775-2,,
19384-0900-13.zip,202202141041,’†‹–€ŒSº˜a’¬¼ğV“c,775-3,,
19384-0900-13.zip,202202141041,’†‹–€ŒSº˜a’¬¼ğV“c,777-1,,
19384-0900-13.zip,202202141041,’†‹–€ŒSº˜a’¬¼ğV“c,777-2,,
19384-0900-13.zip,202202141041,’†‹–€ŒSº˜a’¬¼ğV“c,777-3,,
19384-0900-13.zip,202202141041,’†‹–€ŒSº˜a’¬¼ğV“c,777-4,,
19384-0900-13.zip,202202141041,’†‹–€ŒSº˜a’¬¼ğV“c,777-5,,
19384-0900-13.zip,202202141041,’†‹–€ŒSº˜a’¬¼ğV“c,777-6,,
19384-0900-13.zip,202202141041,’†‹–€ŒSº˜a’¬¼ğV“c,779,,
19384-0900-13.zip,202202141041,’†‹–€ŒSº˜a’¬¼ğV“c,779-3,,
19384-0900-13.zip,202202141041,’†‹–€ŒSº˜a’¬¼ğV“c,780-3,,
19384-0900-13.zip,202202141041,’†‹–€ŒSº˜a’¬¼ğV“c,780-4,,
19384-0900-13.zip,202202141041,’†‹–€ŒSº˜a’¬¼ğV“c,780-5,,
19384-0900-13.zip,202202141041,’†‹–€ŒSº˜a’¬¼ğV“c,781-2,,
19384-0900-13.zip,202202141041,’†‹–€ŒSº˜a’¬¼ğV“c,781-3,,
19384-0900-13.zip,202202141041,’†‹–€ŒSº˜a’¬¼ğV“c,783-1,,
19384-0900-13.zip,202202141041,’†‹–€ŒSº˜a’¬¼ğV“c,783-2,,
19384-0900-13.zip,202202141041,’†‹–€ŒSº˜a’¬¼ğV“c,783-3,,
19384-0900-13.zip,202202141041,’†‹–€ŒSº˜a’¬¼ğV“c,784-1,,
19384-0900-13.zip,202202141041,’†‹–€ŒSº˜a’¬¼ğV“c,785-1,,
19384-0900-13.zip,202202141041,’†‹–€ŒSº˜a’¬¼ğV“c,785-3,,
19384-0900-13.zip,202202141041,’†‹–€ŒSº˜a’¬¼ğV“c,786,,
19384-0900-13.zip,202202141041,’†‹–€ŒSº˜a’¬¼ğV“c,786-2,,
19384-0900-13.zip,202202141041,’†‹–€ŒSº˜a’¬¼ğV“c,787-1,,
19384-0900-13.zip,202202141041,’†‹–€ŒSº˜a’¬¼ğV“c,787-2,,
19384-0900-13.zip,202202141041,’†‹–€ŒSº˜a’¬¼ğV“c,787-3,,
19384-0900-13.zip,202202141041,’†‹–€ŒSº˜a’¬¼ğV“c,787-4,,
19384-0900-13.zip,202202141041,’†‹–€ŒSº˜a’¬¼ğV“c,787-5,,
19384-0900-13.zip,202202141041,’†‹–€ŒSº˜a’¬¼ğV“c,787-6,,
19384-0900-13.zip,202202141041,’†‹–€ŒSº˜a’¬¼ğV“c,787-7,,
19384-0900-13.zip,202202141041,’†‹–€ŒSº˜a’¬¼ğV“c,787-8,,
19384-0900-13.zip,202202141041,’†‹–€ŒSº˜a’¬¼ğV“c,787-9,,
19384-0900-13.zip,202202141041,’†‹–€ŒSº˜a’¬¼ğV“c,787-10,,
19384-0900-13.zip,202202141041,’†‹–€ŒSº˜a’¬¼ğV“c,787-11,,
19384-0900-13.zip,202202141041,’†‹–€ŒSº˜a’¬¼ğV“c,787-12,,
19384-0900-13.zip,202202141041,’†‹–€ŒSº˜a’¬¼ğV“c,787-13,,
19384-0900-13.zip,202202141041,’†‹–€ŒSº˜a’¬¼ğV“c,792-1,,
19384-0900-13.zip,202202141041,’†‹–€ŒSº˜a’¬¼ğV“c,793-2,,
19384-0900-13.zip,202202141041,’†‹–€ŒSº˜a’¬¼ğV“c,797-2,,
19384-0900-13.zip,202202141041,’†‹–€ŒSº˜a’¬¼ğV“c,797-3,,
19384-0900-13.zip,202202141041,’†‹–€ŒSº˜a’¬¼ğV“c,798-1,,
19384-0900-13.zip,202202141041,’†‹–€ŒSº˜a’¬¼ğV“c,798-2,,
19384-0900-13.zip,202202141041,’†‹–€ŒSº˜a’¬¼ğV“c,798-3,,
19384-0900-13.zip,202202141041,’†‹–€ŒSº˜a’¬¼ğV“c,798-4,,
19384-0900-13.zip,202202141041,’†‹–€ŒSº˜a’¬¼ğV“c,799-1,,
19384-0900-13.zip,202202141041,’†‹–€ŒSº˜a’¬¼ğV“c,799-2,,
19384-0900-13.zip,202202141041,’†‹–€ŒSº˜a’¬¼ğV“c,799-3,,
19384-0900-13.zip,202202141041,’†‹–€ŒSº˜a’¬¼ğV“c,799-4,,
19384-0900-13.zip,202202141041,’†‹–€ŒSº˜a’¬¼ğV“c,799-5,,
19384-0900-13.zip,202202141041,’†‹–€ŒSº˜a’¬¼ğV“c,799-6,,
19384-0900-13.zip,202202141041,’†‹–€ŒSº˜a’¬¼ğV“c,799-7,,
19384-0900-13.zip,202202141041,’†‹–€ŒSº˜a’¬¼ğV“c,802-1,,
19384-0900-13.zip,202202141041,’†‹–€ŒSº˜a’¬¼ğV“c,802-2,,
19384-0900-13.zip,202202141041,’†‹–€ŒSº˜a’¬¼ğV“c,803-1,,
19384-0900-13.zip,202202141041,’†‹–€ŒSº˜a’¬¼ğV“c,803-2,,
19384-0900-13.zip,202202141041,’†‹–€ŒSº˜a’¬¼ğV“c,807-1,,
19384-0900-13.zip,202202141041,’†‹–€ŒSº˜a’¬¼ğV“c,807-2,,
19384-0900-13.zip,202202141041,’†‹–€ŒSº˜a’¬¼ğV“c,808-1,,
19384-0900-13.zip,202202141041,’†‹–€ŒSº˜a’¬¼ğV“c,808-2,,
19384-0900-13.zip,202202141041,’†‹–€ŒSº˜a’¬¼ğV“c,809,,
19384-0900-13.zip,202202141041,’†‹–€ŒSº˜a’¬¼ğV“c,810,,
19384-0900-13.zip,202202141041,’†‹–€ŒSº˜a’¬¼ğV“c,811-2,,
19384-0900-13.zip,202202141041,’†‹–€ŒSº˜a’¬¼ğV“c,811-5,,
19384-0900-13.zip,202202141041,’†‹–€ŒSº˜a’¬¼ğV“c,811-6,,
19384-0900-13.zip,202202141041,’†‹–€ŒSº˜a’¬¼ğV“c,811-7,,
19384-0900-13.zip,202202141041,’†‹–€ŒSº˜a’¬¼ğV“c,811-8,,
19384-0900-13.zip,202202141041,’†‹–€ŒSº˜a’¬¼ğV“c,812-1,,
19384-0900-13.zip,202202141041,’†‹–€ŒSº˜a’¬¼ğV“c,812-2,,
19384-0900-13.zip,202202141041,’†‹–€ŒSº˜a’¬¼ğV“c,815,,
19384-0900-13.zip,202202141041,’†‹–€ŒSº˜a’¬¼ğV“c,816-1,,
19384-0900-13.zip,202202141041,’†‹–€ŒSº˜a’¬¼ğV“c,816-2,,
19384-0900-13.zip,202202141041,’†‹–€ŒSº˜a’¬¼ğV“c,816-3,,
19384-0900-13.zip,202202141041,’†‹–€ŒSº˜a’¬¼ğV“c,817-2,,
19384-0900-13.zip,202202141041,’†‹–€ŒSº˜a’¬¼ğV“c,817-3,,
19384-0900-13.zip,202202141041,’†‹–€ŒSº˜a’¬¼ğV“c,817-4,,
19384-0900-13.zip,202202141041,’†‹–€ŒSº˜a’¬¼ğV“c,818-1,,
19384-0900-13.zip,202202141041,’†‹–€ŒSº˜a’¬¼ğV“c,818-2,,
19384-0900-13.zip,202202141041,’†‹–€ŒSº˜a’¬¼ğV“c,818-3,,
19384-0900-13.zip,202202141041,’†‹–€ŒSº˜a’¬¼ğV“c,821-3,,
19384-0900-13.zip,202202141041,’†‹–€ŒSº˜a’¬¼ğV“c,824-2,,
19384-0900-13.zip,202202141041,’†‹–€ŒSº˜a’¬¼ğV“c,824-3,,
19384-0900-13.zip,202202141041,’†‹–€ŒSº˜a’¬¼ğV“c,824-5,,
19384-0900-13.zip,202202141041,’†‹–€ŒSº˜a’¬¼ğV“c,826-1,,
19384-0900-13.zip,202202141041,’†‹–€ŒSº˜a’¬¼ğV“c,826-2,,
19384-0900-13.zip,202202141041,’†‹–€ŒSº˜a’¬¼ğV“c,826-3,,
19384-0900-13.zip,202202141041,’†‹–€ŒSº˜a’¬¼ğV“c,826-5,,
19384-0900-13.zip,202202141041,’†‹–€ŒSº˜a’¬¼ğV“c,827-1,,
19384-0900-13.zip,202202141041,’†‹–€ŒSº˜a’¬¼ğV“c,827-2,,
19384-0900-13.zip,202202141041,’†‹–€ŒSº˜a’¬¼ğV“c,827-3,,
19384-0900-13.zip,202202141041,’†‹–€ŒSº˜a’¬¼ğV“c,827-4,,
19384-0900-13.zip,202202141041,’†‹–€ŒSº˜a’¬¼ğV“c,830,,
19384-0900-13.zip,202202141041,’†‹–€ŒSº˜a’¬¼ğV“c,831,,
19384-0900-13.zip,202202141041,’†‹–€ŒSº˜a’¬¼ğV“c,832-1,,
19384-0900-13.zip,202202141041,’†‹–€ŒSº˜a’¬¼ğV“c,832-2,,
19384-0900-13.zip,202202141041,’†‹–€ŒSº˜a’¬¼ğV“c,833-1,,
19384-0900-13.zip,202202141041,’†‹–€ŒSº˜a’¬¼ğV“c,833-2,,
19384-0900-13.zip,202202141041,’†‹–€ŒSº˜a’¬¼ğV“c,833-3,,
19384-0900-13.zip,202202141041,’†‹–€ŒSº˜a’¬¼ğV“c,833-4,,
19384-0900-13.zip,202202141041,’†‹–€ŒSº˜a’¬¼ğV“c,833-5,,
19384-0900-13.zip,202202141041,’†‹–€ŒSº˜a’¬¼ğV“c,833-6,,
19384-0900-13.zip,202202141041,’†‹–€ŒSº˜a’¬¼ğV“c,835-1,,
19384-0900-13.zip,202202141041,’†‹–€ŒSº˜a’¬¼ğV“c,835-2,,
19384-0900-13.zip,202202141041,’†‹–€ŒSº˜a’¬¼ğV“c,835-3,,
19384-0900-13.zip,202202141041,’†‹–€ŒSº˜a’¬¼ğV“c,835-4,,
19384-0900-13.zip,202202141041,’†‹–€ŒSº˜a’¬¼ğV“c,835-5,,
19384-0900-13.zip,202202141041,’†‹–€ŒSº˜a’¬¼ğV“c,835-6,,
19384-0900-13.zip,202202141041,’†‹–€ŒSº˜a’¬¼ğV“c,835-7,,
19384-0900-13.zip,202202141041,’†‹–€ŒSº˜a’¬¼ğV“c,836-1,,
19384-0900-13.zip,202202141041,’†‹–€ŒSº˜a’¬¼ğV“c,836-2,,
19384-0900-13.zip,202202141041,’†‹–€ŒSº˜a’¬¼ğV“c,837-1,,
19384-0900-13.zip,202202141041,’†‹–€ŒSº˜a’¬¼ğV“c,837-2,,
19384-0900-13.zip,202202141041,’†‹–€ŒSº˜a’¬¼ğV“c,838-1,,
19384-0900-13.zip,202202141041,’†‹–€ŒSº˜a’¬¼ğV“c,838-2,,
19384-0900-13.zip,202202141041,’†‹–€ŒSº˜a’¬¼ğV“c,838-3,,
19384-0900-13.zip,202202141041,’†‹–€ŒSº˜a’¬¼ğV“c,842-1,,
19384-0900-13.zip,202202141041,’†‹–€ŒSº˜a’¬¼ğV“c,842-2,,
19384-0900-13.zip,202202141041,’†‹–€ŒSº˜a’¬¼ğV“c,842-3,,
19384-0900-13.zip,202202141041,’†‹–€ŒSº˜a’¬¼ğV“c,842-4,,
19384-0900-13.zip,202202141041,’†‹–€ŒSº˜a’¬¼ğV“c,845-1,,
19384-0900-13.zip,202202141041,’†‹–€ŒSº˜a’¬¼ğV“c,845-2,,
19384-0900-13.zip,202202141041,’†‹–€ŒSº˜a’¬¼ğV“c,845-3,,
19384-0900-13.zip,202202141041,’†‹–€ŒSº˜a’¬¼ğV“c,845-4,,
19384-0900-13.zip,202202141041,’†‹–€ŒSº˜a’¬¼ğV“c,845-5,,
19384-0900-13.zip,202202141041,’†‹–€ŒSº˜a’¬¼ğV“c,845-6,,
19384-0900-13.zip,202202141041,’†‹–€ŒSº˜a’¬¼ğV“c,845-7,,
19384-0900-13.zip,202202141041,’†‹–€ŒSº˜a’¬¼ğV“c,845-8,,
19384-0900-13.zip,202202141041,’†‹–€ŒSº˜a’¬¼ğV“c,845-9,,
19384-0900-13.zip,202202141041,’†‹–€ŒSº˜a’¬¼ğV“c,845-10,,
19384-0900-13.zip,202202141041,’†‹–€ŒSº˜a’¬¼ğV“c,845-11,,
19384-0900-13.zip,202202141041,’†‹–€ŒSº˜a’¬¼ğV“c,845-12,,
19384-0900-13.zip,202202141041,’†‹–€ŒSº˜a’¬¼ğV“c,845-13,,
19384-0900-13.zip,202202141041,’†‹–€ŒSº˜a’¬¼ğV“c,845-14,,
19384-0900-13.zip,202202141041,’†‹–€ŒSº˜a’¬¼ğV“c,847-1,,
19384-0900-13.zip,202202141041,’†‹–€ŒSº˜a’¬¼ğV“c,847-2,,
19384-0900-13.zip,202202141041,’†‹–€ŒSº˜a’¬¼ğV“c,847-5,,
19384-0900-13.zip,202202141041,’†‹–€ŒSº˜a’¬¼ğV“c,847-8,,
19384-0900-13.zip,202202141041,’†‹–€ŒSº˜a’¬¼ğV“c,847-9,,
19384-0900-13.zip,202202141041,’†‹–€ŒSº˜a’¬¼ğV“c,847-10,,
19384-0900-13.zip,202202141041,’†‹–€ŒSº˜a’¬¼ğV“c,849-1,,
19384-0900-13.zip,202202141041,’†‹–€ŒSº˜a’¬¼ğV“c,850-2,,
19384-0900-13.zip,202202141041,’†‹–€ŒSº˜a’¬¼ğV“c,850-3,,
19384-0900-13.zip,202202141041,’†‹–€ŒSº˜a’¬¼ğV“c,850-4,,
19384-0900-13.zip,202202141041,’†‹–€ŒSº˜a’¬¼ğV“c,850-5,,
19384-0900-13.zip,202202141041,’†‹–€ŒSº˜a’¬¼ğV“c,850-6,,
19384-0900-13.zip,202202141041,’†‹–€ŒSº˜a’¬¼ğV“c,850-7,,
19384-0900-13.zip,202202141041,’†‹–€ŒSº˜a’¬¼ğV“c,850-9,,
19384-0900-13.zip,202202141041,’†‹–€ŒSº˜a’¬¼ğV“c,850-10,,
19384-0900-13.zip,202202141041,’†‹–€ŒSº˜a’¬¼ğV“c,854-1,,
19384-0900-13.zip,202202141041,’†‹–€ŒSº˜a’¬¼ğV“c,855,,
19384-0900-13.zip,202202141041,’†‹–€ŒSº˜a’¬¼ğV“c,857-5,,
19384-0900-13.zip,202202141041,’†‹–€ŒSº˜a’¬¼ğV“c,859-1,,
19384-0900-13.zip,202202141041,’†‹–€ŒSº˜a’¬¼ğV“c,859-2,,
19384-0900-13.zip,202202141041,’†‹–€ŒSº˜a’¬¼ğV“c,859-3,,
19384-0900-13.zip,202202141041,’†‹–€ŒSº˜a’¬¼ğV“c,859-4,,
19384-0900-13.zip,202202141041,’†‹–€ŒSº˜a’¬¼ğV“c,859-5,,
19384-0900-13.zip,202202141041,’†‹–€ŒSº˜a’¬¼ğV“c,859-6,,
19384-0900-13.zip,202202141041,’†‹–€ŒSº˜a’¬¼ğV“c,859-7,,
19384-0900-13.zip,202202141041,’†‹–€ŒSº˜a’¬¼ğV“c,859-8,,
19384-0900-13.zip,202202141041,’†‹–€ŒSº˜a’¬¼ğV“c,860-3,,
19384-0900-13.zip,202202141041,’†‹–€ŒSº˜a’¬¼ğV“c,860-4,,
19384-0900-13.zip,202202141041,’†‹–€ŒSº˜a’¬¼ğV“c,860-5,,
19384-0900-13.zip,202202141041,’†‹–€ŒSº˜a’¬¼ğV“c,860-6,,
19384-0900-13.zip,202202141041,’†‹–€ŒSº˜a’¬¼ğV“c,860-7,,
19384-0900-13.zip,202202141041,’†‹–€ŒSº˜a’¬¼ğV“c,861-2,,
19384-0900-13.zip,202202141041,’†‹–€ŒSº˜a’¬¼ğV“c,861-3,,
19384-0900-13.zip,202202141041,’†‹–€ŒSº˜a’¬¼ğV“c,861-5,,
19384-0900-13.zip,202202141041,’†‹–€ŒSº˜a’¬¼ğV“c,861-6,,
19384-0900-13.zip,202202141041,’†‹–€ŒSº˜a’¬¼ğV“c,861-7,,
19384-0900-13.zip,202202141041,’†‹–€ŒSº˜a’¬¼ğV“c,861-8,,
19384-0900-13.zip,202202141041,’†‹–€ŒSº˜a’¬¼ğV“c,861-9,,
19384-0900-13.zip,202202141041,’†‹–€ŒSº˜a’¬¼ğV“c,861-10,,
19384-0900-13.zip,202202141041,’†‹–€ŒSº˜a’¬¼ğV“c,861-11,,
19384-0900-13.zip,202202141041,’†‹–€ŒSº˜a’¬¼ğV“c,861-12,,
19384-0900-13.zip,202202141041,’†‹–€ŒSº˜a’¬¼ğV“c,861-13,,
19384-0900-13.zip,202202141041,’†‹–€ŒSº˜a’¬¼ğV“c,861-14,,
19384-0900-13.zip,202202141041,’†‹–€ŒSº˜a’¬¼ğV“c,861-15,,
19384-0900-13.zip,202202141041,’†‹–€ŒSº˜a’¬¼ğV“c,861-16,,
19384-0900-13.zip,202202141041,’†‹–€ŒSº˜a’¬¼ğV“c,862,,
19384-0900-13.zip,202202141041,’†‹–€ŒSº˜a’¬¼ğV“c,863-2,,
19384-0900-13.zip,202202141041,’†‹–€ŒSº˜a’¬¼ğV“c,863-3,,
19384-0900-13.zip,202202141041,’†‹–€ŒSº˜a’¬¼ğV“c,863-4,,
19384-0900-13.zip,202202141041,’†‹–€ŒSº˜a’¬¼ğV“c,863-5,,
19384-0900-13.zip,202202141041,’†‹–€ŒSº˜a’¬¼ğV“c,863-6,,
19384-0900-13.zip,202202141041,’†‹–€ŒSº˜a’¬¼ğV“c,863-7,,
19384-0900-13.zip,202202141041,’†‹–€ŒSº˜a’¬¼ğV“c,864-1,,
19384-0900-13.zip,202202141041,’†‹–€ŒSº˜a’¬¼ğV“c,864-2,,
19384-0900-13.zip,202202141041,’†‹–€ŒSº˜a’¬¼ğV“c,864-3,,
19384-0900-13.zip,202202141041,’†‹–€ŒSº˜a’¬¼ğV“c,864-4,,
19384-0900-13.zip,202202141041,’†‹–€ŒSº˜a’¬¼ğV“c,865-1,,
19384-0900-13.zip,202202141041,’†‹–€ŒSº˜a’¬¼ğV“c,865-2,,
19384-0900-13.zip,202202141041,’†‹–€ŒSº˜a’¬¼ğV“c,865-3,,
19384-0900-13.zip,202202141041,’†‹–€ŒSº˜a’¬¼ğV“c,865-4,,
19384-0900-13.zip,202202141041,’†‹–€ŒSº˜a’¬¼ğV“c,866,,
19384-0900-13.zip,202202141041,’†‹–€ŒSº˜a’¬¼ğV“c,867-1,,
19384-0900-13.zip,202202141041,’†‹–€ŒSº˜a’¬¼ğV“c,867-2,,
19384-0900-13.zip,202202141041,’†‹–€ŒSº˜a’¬¼ğV“c,867-3,,
19384-0900-13.zip,202202141041,’†‹–€ŒSº˜a’¬¼ğV“c,867-4,,
19384-0900-13.zip,202202141041,’†‹–€ŒSº˜a’¬¼ğV“c,867-5,,
19384-0900-13.zip,202202141041,’†‹–€ŒSº˜a’¬¼ğV“c,867-6,,
19384-0900-13.zip,202202141041,’†‹–€ŒSº˜a’¬¼ğV“c,867-7,,
19384-0900-13.zip,202202141041,’†‹–€ŒSº˜a’¬¼ğV“c,867-9,,
19384-0900-13.zip,202202141041,’†‹–€ŒSº˜a’¬¼ğV“c,867-10,,
19384-0900-13.zip,202202141041,’†‹–€ŒSº˜a’¬¼ğV“c,867-11,,
19384-0900-13.zip,202202141041,’†‹–€ŒSº˜a’¬¼ğV“c,867-12,,
19384-0900-13.zip,202202141041,’†‹–€ŒSº˜a’¬¼ğV“c,868-2,,
19384-0900-13.zip,202202141041,’†‹–€ŒSº˜a’¬¼ğV“c,868-3,,
19384-0900-13.zip,202202141041,’†‹–€ŒSº˜a’¬¼ğV“c,874,,
19384-0900-13.zip,202202141041,’†‹–€ŒSº˜a’¬¼ğV“c,874-2,,
19384-0900-13.zip,202202141041,’†‹–€ŒSº˜a’¬¼ğV“c,875-1,,
19384-0900-13.zip,202202141041,’†‹–€ŒSº˜a’¬¼ğV“c,885,,
19384-0900-13.zip,202202141041,’†‹–€ŒSº˜a’¬¼ğV“c,887,,
19384-0900-13.zip,202202141041,’†‹–€ŒSº˜a’¬¼ğV“c,888-1,,
19384-0900-13.zip,202202141041,’†‹–€ŒSº˜a’¬¼ğV“c,890-1,,
19384-0900-13.zip,202202141041,’†‹–€ŒSº˜a’¬¼ğV“c,890-2,,
19384-0900-13.zip,202202141041,’†‹–€ŒSº˜a’¬¼ğV“c,890-3,,
19384-0900-13.zip,202202141041,’†‹–€ŒSº˜a’¬¼ğV“c,890-5,,
19384-0900-13.zip,202202141041,’†‹–€ŒSº˜a’¬¼ğV“c,890-6,,
19384-0900-13.zip,202202141041,’†‹–€ŒSº˜a’¬¼ğV“c,890-7,,
19384-0900-13.zip,202202141041,’†‹–€ŒSº˜a’¬¼ğV“c,890-8,,
19384-0900-13.zip,202202141041,’†‹–€ŒSº˜a’¬¼ğV“c,891-1,,
19384-0900-13.zip,202202141041,’†‹–€ŒSº˜a’¬¼ğV“c,891-2,,
19384-0900-13.zip,202202141041,’†‹–€ŒSº˜a’¬¼ğV“c,891-3,,
19384-0900-13.zip,202202141041,’†‹–€ŒSº˜a’¬¼ğV“c,891-4,,
19384-0900-13.zip,202202141041,’†‹–€ŒSº˜a’¬¼ğV“c,891-5,,
19384-0900-13.zip,202202141041,’†‹–€ŒSº˜a’¬¼ğV“c,891-6,,
19384-0900-13.zip,202202141041,’†‹–€ŒSº˜a’¬¼ğV“c,891-7,,
19384-0900-13.zip,202202141041,’†‹–€ŒSº˜a’¬¼ğV“c,891-8,,
19384-0900-13.zip,202202141041,’†‹–€ŒSº˜a’¬¼ğV“c,895-1,,
19384-0900-13.zip,202202141041,’†‹–€ŒSº˜a’¬¼ğV“c,895-3,,
19384-0900-13.zip,202202141041,’†‹–€ŒSº˜a’¬¼ğV“c,896-1,,
19384-0900-13.zip,202202141041,’†‹–€ŒSº˜a’¬¼ğV“c,897-1,,
19384-0900-13.zip,202202141041,’†‹–€ŒSº˜a’¬¼ğV“c,897-2,,
19384-0900-13.zip,202202141041,’†‹–€ŒSº˜a’¬¼ğV“c,898-1,,
19384-0900-13.zip,202202141041,’†‹–€ŒSº˜a’¬¼ğV“c,898-2,,
19384-0900-13.zip,202202141041,’†‹–€ŒSº˜a’¬¼ğV“c,901-1,,
19384-0900-13.zip,202202141041,’†‹–€ŒSº˜a’¬¼ğV“c,903-1,,
19384-0900-13.zip,202202141041,’†‹–€ŒSº˜a’¬¼ğV“c,903-2,,
19384-0900-13.zip,202202141041,’†‹–€ŒSº˜a’¬¼ğV“c,903-3,,
19384-0900-13.zip,202202141041,’†‹–€ŒSº˜a’¬¼ğV“c,903-4,,
19384-0900-13.zip,202202141041,’†‹–€ŒSº˜a’¬¼ğV“c,904-1,,
19384-0900-13.zip,202202141041,’†‹–€ŒSº˜a’¬¼ğV“c,904-2,,
19384-0900-13.zip,202202141041,’†‹–€ŒSº˜a’¬¼ğV“c,904-3,,
19384-0900-13.zip,202202141041,’†‹–€ŒSº˜a’¬¼ğV“c,904-4,,
19384-0900-13.zip,202202141041,’†‹–€ŒSº˜a’¬¼ğV“c,904-5,,
19384-0900-13.zip,202202141041,’†‹–€ŒSº˜a’¬¼ğV“c,906-2,,
19384-0900-13.zip,202202141041,’†‹–€ŒSº˜a’¬¼ğV“c,908-1,,
19384-0900-13.zip,202202141041,’†‹–€ŒSº˜a’¬¼ğV“c,908-2,,
19384-0900-13.zip,202202141041,’†‹–€ŒSº˜a’¬¼ğV“c,911,,
19384-0900-13.zip,202202141041,’†‹–€ŒSº˜a’¬¼ğV“c,913-1,,
19384-0900-13.zip,202202141041,’†‹–€ŒSº˜a’¬¼ğV“c,913-2,,
19384-0900-13.zip,202202141041,’†‹–€ŒSº˜a’¬¼ğV“c,913-3,,
19384-0900-13.zip,202202141041,’†‹–€ŒSº˜a’¬¼ğV“c,–³’n”Ô-313,,
19384-0900-13.zip,202202141041,’†‹–€ŒSº˜a’¬¼ğV“c,“¹-113,,
19384-0900-13.zip,202202141041,’†‹–€ŒSº˜a’¬¼ğV“c,“¹-115,,
19384-0900-13.zip,202202141041,’†‹–€ŒSº˜a’¬¼ğV“c,…-2,,
19384-0900-13.zip,202202141041,’†‹–€ŒSº˜a’¬¼ğV“c,…-5,,
19384-0900-13.zip,202202141041,’†‹–€ŒSº˜a’¬¼ğV“c,…-34,,
19384-0900-13.zip,202202141041,’†‹–€ŒSº˜a’¬¼ğV“c,…-106,,
19384-0900-13.zip,202202141041,’†‹–€ŒSº˜a’¬¼ğV“c,…-114,,
19384-0900-13.zip,202202141041,’†‹–€ŒSº˜a’¬¼ğV“c,…-114-2,,
19384-0900-13.zip,202202141041,’†‹–€ŒSº˜a’¬¼ğV“c,…-116,,
19384-0900-13.zip,202202141041,’†‹–€ŒSº˜a’¬¼ğV“c,…-125,,
19384-0900-13.zip,202202141041,’†‹–€ŒSº˜a’¬¼ğV“c,’·‹·•¨•s–¾-9,,
19384-0900-13.zip,202202141041,’†‹–€ŒSº˜a’¬¼ğV“c,’·‹·•¨•s–¾-10,,
19384-0900-13.zip,202202141041,’†‹–€ŒSº˜a’¬¼ğV“c,’·‹·•¨•s–¾-11,,
19384-0900-13.zip,202202141041,’†‹–€ŒSº˜a’¬¼ğV“c,208-1,,
19384-0900-13.zip,202202141041,’†‹–€ŒSº˜a’¬¼ğV“c,208-2,,
19384-0900-13.zip,202202141041,’†‹–€ŒSº˜a’¬¼ğV“c,215-1,,
19384-0900-13.zip,202202141041,’†‹–€ŒSº˜a’¬¼ğV“c,215-2,,
19384-0900-13.zip,202202141041,’†‹–€ŒSº˜a’¬¼ğV“c,223,,
19384-0900-13.zip,202202141041,’†‹–€ŒSº˜a’¬¼ğV“c,226,,
19384-0900-13.zip,202202141041,’†‹–€ŒSº˜a’¬¼ğV“c,227,,
19384-0900-13.zip,202202141041,’†‹–€ŒSº˜a’¬¼ğV“c,230,,
19384-0900-13.zip,202202141041,’†‹–€ŒSº˜a’¬¼ğV“c,231,,
19384-0900-13.zip,202202141041,’†‹–€ŒSº˜a’¬¼ğV“c,232,,
19384-0900-13.zip,202202141041,’†‹–€ŒSº˜a’¬¼ğV“c,233,,
19384-0900-13.zip,202202141041,’†‹–€ŒSº˜a’¬¼ğV“c,235,,
19384-0900-13.zip,202202141041,’†‹–€ŒSº˜a’¬¼ğV“c,199-2,,
19384-0900-13.zip,202202141041,’†‹–€ŒSº˜a’¬¼ğV“c,244,,
19384-0900-13.zip,202202141041,’†‹–€ŒSº˜a’¬¼ğV“c,263,,
19384-0900-13.zip,202202141041,’†‹–€ŒSº˜a’¬¼ğV“c,264-2,,
19384-0900-13.zip,202202141041,’†‹–€ŒSº˜a’¬¼ğV“c,265,,
19384-0900-13.zip,202202141041,’†‹–€ŒSº˜a’¬¼ğV“c,267,,
19384-0900-13.zip,202202141041,’†‹–€ŒSº˜a’¬¼ğV“c,268,,
19384-0900-13.zip,202202141041,’†‹–€ŒSº˜a’¬¼ğV“c,269,,
19384-0900-13.zip,202202141041,’†‹–€ŒSº˜a’¬¼ğV“c,270,,
19384-0900-13.zip,202202141041,’†‹–€ŒSº˜a’¬¼ğV“c,271,,
19384-0900-13.zip,202202141041,’†‹–€ŒSº˜a’¬¼ğV“c,272,,
19384-0900-13.zip,202202141041,’†‹–€ŒSº˜a’¬¼ğV“c,273,,
19384-0900-13.zip,202202141041,’†‹–€ŒSº˜a’¬¼ğV“c,274,,
19384-0900-13.zip,202202141041,’†‹–€ŒSº˜a’¬¼ğV“c,274-2,,
19384-0900-13.zip,202202141041,’†‹–€ŒSº˜a’¬¼ğV“c,275,,
19384-0900-13.zip,202202141041,’†‹–€ŒSº˜a’¬¼ğV“c,279-1,,
19384-0900-13.zip,202202141041,’†‹–€ŒSº˜a’¬¼ğV“c,279-2,,
19384-0900-13.zip,202202141041,’†‹–€ŒSº˜a’¬¼ğV“c,280-1,,
19384-0900-13.zip,202202141041,’†‹–€ŒSº˜a’¬¼ğV“c,280-2,,
19384-0900-13.zip,202202141041,’†‹–€ŒSº˜a’¬¼ğV“c,280-4,,
19384-0900-13.zip,202202141041,’†‹–€ŒSº˜a’¬¼ğV“c,280-5,,
19384-0900-13.zip,202202141041,’†‹–€ŒSº˜a’¬¼ğV“c,281,,
19384-0900-13.zip,202202141041,’†‹–€ŒSº˜a’¬¼ğV“c,281-2,,
19384-0900-13.zip,202202141041,’†‹–€ŒSº˜a’¬¼ğV“c,282,,
19384-0900-13.zip,202202141041,’†‹–€ŒSº˜a’¬¼ğV“c,284,,
19384-0900-13.zip,202202141041,’†‹–€ŒSº˜a’¬¼ğV“c,285-1,,
19384-0900-13.zip,202202141041,’†‹–€ŒSº˜a’¬¼ğV“c,286,,
19384-0900-13.zip,202202141041,’†‹–€ŒSº˜a’¬¼ğV“c,287,,
19384-0900-13.zip,202202141041,’†‹–€ŒSº˜a’¬¼ğV“c,288,,
19384-0900-13.zip,202202141041,’†‹–€ŒSº˜a’¬¼ğV“c,289,,
19384-0900-13.zip,202202141041,’†‹–€ŒSº˜a’¬¼ğV“c,293,,
19384-0900-13.zip,202202141041,’†‹–€ŒSº˜a’¬¼ğV“c,294-2,,
19384-0900-13.zip,202202141041,’†‹–€ŒSº˜a’¬¼ğV“c,296,,
19384-0900-13.zip,202202141041,’†‹–€ŒSº˜a’¬¼ğV“c,297-1,,
19384-0900-13.zip,202202141041,’†‹–€ŒSº˜a’¬¼ğV“c,297-2,,
19384-0900-13.zip,202202141041,’†‹–€ŒSº˜a’¬¼ğV“c,297-3,,
19384-0900-13.zip,202202141041,’†‹–€ŒSº˜a’¬¼ğV“c,299,,
19384-0900-13.zip,202202141041,’†‹–€ŒSº˜a’¬¼ğV“c,300-1,,
19384-0900-13.zip,202202141041,’†‹–€ŒSº˜a’¬¼ğV“c,300-2,,
19384-0900-13.zip,202202141041,’†‹–€ŒSº˜a’¬¼ğV“c,300-3,,
19384-0900-13.zip,202202141041,’†‹–€ŒSº˜a’¬¼ğV“c,300-4,,
19384-0900-13.zip,202202141041,’†‹–€ŒSº˜a’¬¼ğV“c,301,,
19384-0900-13.zip,202202141041,’†‹–€ŒSº˜a’¬¼ğV“c,303,,
19384-0900-13.zip,202202141041,’†‹–€ŒSº˜a’¬¼ğV“c,307,,
19384-0900-13.zip,202202141041,’†‹–€ŒSº˜a’¬¼ğV“c,309,,
19384-0900-13.zip,202202141041,’†‹–€ŒSº˜a’¬¼ğV“c,310,,
19384-0900-13.zip,202202141041,’†‹–€ŒSº˜a’¬¼ğV“c,311-1,,
19384-0900-13.zip,202202141041,’†‹–€ŒSº˜a’¬¼ğV“c,311-2,,
19384-0900-13.zip,202202141041,’†‹–€ŒSº˜a’¬¼ğV“c,311-3,,
19384-0900-13.zip,202202141041,’†‹–€ŒSº˜a’¬¼ğV“c,312-1,,
19384-0900-13.zip,202202141041,’†‹–€ŒSº˜a’¬¼ğV“c,312-2,,
19384-0900-13.zip,202202141041,’†‹–€ŒSº˜a’¬¼ğV“c,313,,
19384-0900-13.zip,202202141041,’†‹–€ŒSº˜a’¬¼ğV“c,314-1,,
19384-0900-13.zip,202202141041,’†‹–€ŒSº˜a’¬¼ğV“c,314-2,,
19384-0900-13.zip,202202141041,’†‹–€ŒSº˜a’¬¼ğV“c,314-3,,
19384-0900-13.zip,202202141041,’†‹–€ŒSº˜a’¬¼ğV“c,316,,
19384-0900-13.zip,202202141041,’†‹–€ŒSº˜a’¬¼ğV“c,318,,
19384-0900-13.zip,202202141041,’†‹–€ŒSº˜a’¬¼ğV“c,322-1,,
19384-0900-13.zip,202202141041,’†‹–€ŒSº˜a’¬¼ğV“c,322-5,,
19384-0900-13.zip,202202141041,’†‹–€ŒSº˜a’¬¼ğV“c,322-6,,
19384-0900-13.zip,202202141041,’†‹–€ŒSº˜a’¬¼ğV“c,327,,
19384-0900-13.zip,202202141041,’†‹–€ŒSº˜a’¬¼ğV“c,340-5,,
19384-0900-13.zip,202202141041,’†‹–€ŒSº˜a’¬¼ğV“c,342-1,,
19384-0900-13.zip,202202141041,’†‹–€ŒSº˜a’¬¼ğV“c,342-3,,
19384-0900-13.zip,202202141041,’†‹–€ŒSº˜a’¬¼ğV“c,342-4,,
19384-0900-13.zip,202202141041,’†‹–€ŒSº˜a’¬¼ğV“c,342-5,,
19384-0900-13.zip,202202141041,’†‹–€ŒSº˜a’¬¼ğV“c,342-6,,
19384-0900-13.zip,202202141041,’†‹–€ŒSº˜a’¬¼ğV“c,342-7,,
19384-0900-13.zip,202202141041,’†‹–€ŒSº˜a’¬¼ğV“c,342-8,,
19384-0900-13.zip,202202141041,’†‹–€ŒSº˜a’¬¼ğV“c,342-10,,
19384-0900-13.zip,202202141041,’†‹–€ŒSº˜a’¬¼ğV“c,343-1,,
19384-0900-13.zip,202202141041,’†‹–€ŒSº˜a’¬¼ğV“c,343-3,,
19384-0900-13.zip,202202141041,’†‹–€ŒSº˜a’¬¼ğV“c,343-4,,
19384-0900-13.zip,202202141041,’†‹–€ŒSº˜a’¬¼ğV“c,343-5,,
19384-0900-13.zip,202202141041,’†‹–€ŒSº˜a’¬¼ğV“c,343-6,,
19384-0900-13.zip,202202141041,’†‹–€ŒSº˜a’¬¼ğV“c,343-7,,
19384-0900-13.zip,202202141041,’†‹–€ŒSº˜a’¬¼ğV“c,343-8,,
19384-0900-13.zip,202202141041,’†‹–€ŒSº˜a’¬¼ğV“c,343-9,,
19384-0900-13.zip,202202141041,’†‹–€ŒSº˜a’¬¼ğV“c,352-1,,
19384-0900-13.zip,202202141041,’†‹–€ŒSº˜a’¬¼ğV“c,352-2,,
19384-0900-13.zip,202202141041,’†‹–€ŒSº˜a’¬¼ğV“c,355,,
19384-0900-13.zip,202202141041,’†‹–€ŒSº˜a’¬¼ğV“c,357-1,,
19384-0900-13.zip,202202141041,’†‹–€ŒSº˜a’¬¼ğV“c,357-2,,
19384-0900-13.zip,202202141041,’†‹–€ŒSº˜a’¬¼ğV“c,357-3,,
19384-0900-13.zip,202202141041,’†‹–€ŒSº˜a’¬¼ğV“c,359,,
19384-0900-13.zip,202202141041,’†‹–€ŒSº˜a’¬¼ğV“c,360-1,,
19384-0900-13.zip,202202141041,’†‹–€ŒSº˜a’¬¼ğV“c,360-2,,
19384-0900-13.zip,202202141041,’†‹–€ŒSº˜a’¬¼ğV“c,361-3,,
19384-0900-13.zip,202202141041,’†‹–€ŒSº˜a’¬¼ğV“c,361-5,,
19384-0900-13.zip,202202141041,’†‹–€ŒSº˜a’¬¼ğV“c,362,,
19384-0900-13.zip,202202141041,’†‹–€ŒSº˜a’¬¼ğV“c,363,,
19384-0900-13.zip,202202141041,’†‹–€ŒSº˜a’¬¼ğV“c,364-1,,
19384-0900-13.zip,202202141041,’†‹–€ŒSº˜a’¬¼ğV“c,364-2,,
19384-0900-13.zip,202202141041,’†‹–€ŒSº˜a’¬¼ğV“c,365,,
19384-0900-13.zip,202202141041,’†‹–€ŒSº˜a’¬¼ğV“c,366-1,,
19384-0900-13.zip,202202141041,’†‹–€ŒSº˜a’¬¼ğV“c,366-2,,
19384-0900-13.zip,202202141041,’†‹–€ŒSº˜a’¬¼ğV“c,366-3,,
19384-0900-13.zip,202202141041,’†‹–€ŒSº˜a’¬¼ğV“c,366-4,,
19384-0900-13.zip,202202141041,’†‹–€ŒSº˜a’¬¼ğV“c,366-5,,
19384-0900-13.zip,202202141041,’†‹–€ŒSº˜a’¬¼ğV“c,366-6,,
19384-0900-13.zip,202202141041,’†‹–€ŒSº˜a’¬¼ğV“c,366-7,,
19384-0900-13.zip,202202141041,’†‹–€ŒSº˜a’¬¼ğV“c,367-1,,
19384-0900-13.zip,202202141041,’†‹–€ŒSº˜a’¬¼ğV“c,367-2,,
19384-0900-13.zip,202202141041,’†‹–€ŒSº˜a’¬¼ğV“c,367-3,,
19384-0900-13.zip,202202141041,’†‹–€ŒSº˜a’¬¼ğV“c,368-2,,
19384-0900-13.zip,202202141041,’†‹–€ŒSº˜a’¬¼ğV“c,368-3,,
19384-0900-13.zip,202202141041,’†‹–€ŒSº˜a’¬¼ğV“c,369-2,,
19384-0900-13.zip,202202141041,’†‹–€ŒSº˜a’¬¼ğV“c,369-3,,
19384-0900-13.zip,202202141041,’†‹–€ŒSº˜a’¬¼ğV“c,371-1,,
19384-0900-13.zip,202202141041,’†‹–€ŒSº˜a’¬¼ğV“c,371-2,,
19384-0900-13.zip,202202141041,’†‹–€ŒSº˜a’¬¼ğV“c,371-3,,
19384-0900-13.zip,202202141041,’†‹–€ŒSº˜a’¬¼ğV“c,371-4,,
19384-0900-13.zip,202202141041,’†‹–€ŒSº˜a’¬¼ğV“c,373-1,,
19384-0900-13.zip,202202141041,’†‹–€ŒSº˜a’¬¼ğV“c,374,,
19384-0900-13.zip,202202141041,’†‹–€ŒSº˜a’¬¼ğV“c,375-1,,
19384-0900-13.zip,202202141041,’†‹–€ŒSº˜a’¬¼ğV“c,375-2,,
19384-0900-13.zip,202202141041,’†‹–€ŒSº˜a’¬¼ğV“c,375-3,,
19384-0900-13.zip,202202141041,’†‹–€ŒSº˜a’¬¼ğV“c,375-4,,
19384-0900-13.zip,202202141041,’†‹–€ŒSº˜a’¬¼ğV“c,375-5,,
19384-0900-13.zip,202202141041,’†‹–€ŒSº˜a’¬¼ğV“c,375-6,,
19384-0900-13.zip,202202141041,’†‹–€ŒSº˜a’¬¼ğV“c,375-7,,
19384-0900-13.zip,202202141041,’†‹–€ŒSº˜a’¬¼ğV“c,375-8,,
19384-0900-13.zip,202202141041,’†‹–€ŒSº˜a’¬¼ğV“c,375-9,,
19384-0900-13.zip,202202141041,’†‹–€ŒSº˜a’¬¼ğV“c,375-10,,
19384-0900-13.zip,202202141041,’†‹–€ŒSº˜a’¬¼ğV“c,375-11,,
19384-0900-13.zip,202202141041,’†‹–€ŒSº˜a’¬¼ğV“c,375-12,,
19384-0900-13.zip,202202141041,’†‹–€ŒSº˜a’¬¼ğV“c,375-13,,
19384-0900-13.zip,202202141041,’†‹–€ŒSº˜a’¬¼ğV“c,375-14,,
19384-0900-13.zip,202202141041,’†‹–€ŒSº˜a’¬¼ğV“c,375-15,,
19384-0900-13.zip,202202141041,’†‹–€ŒSº˜a’¬¼ğV“c,375-16,,
19384-0900-13.zip,202202141041,’†‹–€ŒSº˜a’¬¼ğV“c,385-1,,
19384-0900-13.zip,202202141041,’†‹–€ŒSº˜a’¬¼ğV“c,385-2,,
19384-0900-13.zip,202202141041,’†‹–€ŒSº˜a’¬¼ğV“c,385-3,,
19384-0900-13.zip,202202141041,’†‹–€ŒSº˜a’¬¼ğV“c,385-4,,
19384-0900-13.zip,202202141041,’†‹–€ŒSº˜a’¬¼ğV“c,386-1,,
19384-0900-13.zip,202202141041,’†‹–€ŒSº˜a’¬¼ğV“c,386-2,,
19384-0900-13.zip,202202141041,’†‹–€ŒSº˜a’¬¼ğV“c,387-1,,
19384-0900-13.zip,202202141041,’†‹–€ŒSº˜a’¬¼ğV“c,387-2,,
19384-0900-13.zip,202202141041,’†‹–€ŒSº˜a’¬¼ğV“c,389-1,,
19384-0900-13.zip,202202141041,’†‹–€ŒSº˜a’¬¼ğV“c,389-2,,
19384-0900-13.zip,202202141041,’†‹–€ŒSº˜a’¬¼ğV“c,389-3,,
19384-0900-13.zip,202202141041,’†‹–€ŒSº˜a’¬¼ğV“c,389-4,,
19384-0900-13.zip,202202141041,’†‹–€ŒSº˜a’¬¼ğV“c,390-1,,
19384-0900-13.zip,202202141041,’†‹–€ŒSº˜a’¬¼ğV“c,390-2,,
19384-0900-13.zip,202202141041,’†‹–€ŒSº˜a’¬¼ğV“c,390-3,,
19384-0900-13.zip,202202141041,’†‹–€ŒSº˜a’¬¼ğV“c,390-4,,
19384-0900-13.zip,202202141041,’†‹–€ŒSº˜a’¬¼ğV“c,390-5,,
19384-0900-13.zip,202202141041,’†‹–€ŒSº˜a’¬¼ğV“c,390-6,,
19384-0900-13.zip,202202141041,’†‹–€ŒSº˜a’¬¼ğV“c,390-7,,
19384-0900-13.zip,202202141041,’†‹–€ŒSº˜a’¬¼ğV“c,390-8,,
19384-0900-13.zip,202202141041,’†‹–€ŒSº˜a’¬¼ğV“c,390-9,,
19384-0900-13.zip,202202141041,’†‹–€ŒSº˜a’¬¼ğV“c,391-1,,
19384-0900-13.zip,202202141041,’†‹–€ŒSº˜a’¬¼ğV“c,391-2,,
19384-0900-13.zip,202202141041,’†‹–€ŒSº˜a’¬¼ğV“c,391-3,,
19384-0900-13.zip,202202141041,’†‹–€ŒSº˜a’¬¼ğV“c,391-4,,
19384-0900-13.zip,202202141041,’†‹–€ŒSº˜a’¬¼ğV“c,391-5,,
19384-0900-13.zip,202202141041,’†‹–€ŒSº˜a’¬¼ğV“c,391-6,,
19384-0900-13.zip,202202141041,’†‹–€ŒSº˜a’¬¼ğV“c,391-7,,
19384-0900-13.zip,202202141041,’†‹–€ŒSº˜a’¬¼ğV“c,391-8,,
19384-0900-13.zip,202202141041,’†‹–€ŒSº˜a’¬¼ğV“c,391-9,,
19384-0900-13.zip,202202141041,’†‹–€ŒSº˜a’¬¼ğV“c,391-10,,
19384-0900-13.zip,202202141041,’†‹–€ŒSº˜a’¬¼ğV“c,391-11,,
19384-0900-13.zip,202202141041,’†‹–€ŒSº˜a’¬¼ğV“c,392,,
19384-0900-13.zip,202202141041,’†‹–€ŒSº˜a’¬¼ğV“c,393-1,,
19384-0900-13.zip,202202141041,’†‹–€ŒSº˜a’¬¼ğV“c,393-2,,
19384-0900-13.zip,202202141041,’†‹–€ŒSº˜a’¬¼ğV“c,394,,
19384-0900-13.zip,202202141041,’†‹–€ŒSº˜a’¬¼ğV“c,395-1,,
19384-0900-13.zip,202202141041,’†‹–€ŒSº˜a’¬¼ğV“c,395-2,,
19384-0900-13.zip,202202141041,’†‹–€ŒSº˜a’¬¼ğV“c,395-3,,
19384-0900-13.zip,202202141041,’†‹–€ŒSº˜a’¬¼ğV“c,395-4,,
19384-0900-13.zip,202202141041,’†‹–€ŒSº˜a’¬¼ğV“c,398-1,,
19384-0900-13.zip,202202141041,’†‹–€ŒSº˜a’¬¼ğV“c,398-2,,
19384-0900-13.zip,202202141041,’†‹–€ŒSº˜a’¬¼ğV“c,398-3,,
19384-0900-13.zip,202202141041,’†‹–€ŒSº˜a’¬¼ğV“c,398-4,,
19384-0900-13.zip,202202141041,’†‹–€ŒSº˜a’¬¼ğV“c,398-5,,
19384-0900-13.zip,202202141041,’†‹–€ŒSº˜a’¬¼ğV“c,400-1,,
19384-0900-13.zip,202202141041,’†‹–€ŒSº˜a’¬¼ğV“c,400-7,,
19384-0900-13.zip,202202141041,’†‹–€ŒSº˜a’¬¼ğV“c,400-8,,
19384-0900-13.zip,202202141041,’†‹–€ŒSº˜a’¬¼ğV“c,400-9,,
19384-0900-13.zip,202202141041,’†‹–€ŒSº˜a’¬¼ğV“c,400-10,,
19384-0900-13.zip,202202141041,’†‹–€ŒSº˜a’¬¼ğV“c,400-11,,
19384-0900-13.zip,202202141041,’†‹–€ŒSº˜a’¬¼ğV“c,401-1,,
19384-0900-13.zip,202202141041,’†‹–€ŒSº˜a’¬¼ğV“c,401-2,,
19384-0900-13.zip,202202141041,’†‹–€ŒSº˜a’¬¼ğV“c,401-3,,
19384-0900-13.zip,202202141041,’†‹–€ŒSº˜a’¬¼ğV“c,401-4,,
19384-0900-13.zip,202202141041,’†‹–€ŒSº˜a’¬¼ğV“c,401-5,,
19384-0900-13.zip,202202141041,’†‹–€ŒSº˜a’¬¼ğV“c,401-6,,
19384-0900-13.zip,202202141041,’†‹–€ŒSº˜a’¬¼ğV“c,401-7,,
19384-0900-13.zip,202202141041,’†‹–€ŒSº˜a’¬¼ğV“c,401-8,,
19384-0900-13.zip,202202141041,’†‹–€ŒSº˜a’¬¼ğV“c,401-9,,
19384-0900-13.zip,202202141041,’†‹–€ŒSº˜a’¬¼ğV“c,402-1,,
19384-0900-13.zip,202202141041,’†‹–€ŒSº˜a’¬¼ğV“c,402-2,,
19384-0900-13.zip,202202141041,’†‹–€ŒSº˜a’¬¼ğV“c,402-3,,
19384-0900-13.zip,202202141041,’†‹–€ŒSº˜a’¬¼ğV“c,402-4,,
19384-0900-13.zip,202202141041,’†‹–€ŒSº˜a’¬¼ğV“c,402-5,,
19384-0900-13.zip,202202141041,’†‹–€ŒSº˜a’¬¼ğV“c,402-6,,
19384-0900-13.zip,202202141041,’†‹–€ŒSº˜a’¬¼ğV“c,402-7,,
19384-0900-13.zip,202202141041,’†‹–€ŒSº˜a’¬¼ğV“c,402-8,,
19384-0900-13.zip,202202141041,’†‹–€ŒSº˜a’¬¼ğV“c,404-1,,
19384-0900-13.zip,202202141041,’†‹–€ŒSº˜a’¬¼ğV“c,404-2,,
19384-0900-13.zip,202202141041,’†‹–€ŒSº˜a’¬¼ğV“c,404-3,,
19384-0900-13.zip,202202141041,’†‹–€ŒSº˜a’¬¼ğV“c,404-4,,
19384-0900-13.zip,202202141041,’†‹–€ŒSº˜a’¬¼ğV“c,404-5,,
19384-0900-13.zip,202202141041,’†‹–€ŒSº˜a’¬¼ğV“c,404-6,,
19384-0900-13.zip,202202141041,’†‹–€ŒSº˜a’¬¼ğV“c,404-7,,
19384-0900-13.zip,202202141041,’†‹–€ŒSº˜a’¬¼ğV“c,405-1,,
19384-0900-13.zip,202202141041,’†‹–€ŒSº˜a’¬¼ğV“c,405-2,,
19384-0900-13.zip,202202141041,’†‹–€ŒSº˜a’¬¼ğV“c,405-3,,
19384-0900-13.zip,202202141041,’†‹–€ŒSº˜a’¬¼ğV“c,405-4,,
19384-0900-13.zip,202202141041,’†‹–€ŒSº˜a’¬¼ğV“c,406-2,,
19384-0900-13.zip,202202141041,’†‹–€ŒSº˜a’¬¼ğV“c,406-3,,
19384-0900-13.zip,202202141041,’†‹–€ŒSº˜a’¬¼ğV“c,406-4,,
19384-0900-13.zip,202202141041,’†‹–€ŒSº˜a’¬¼ğV“c,406-5,,
19384-0900-13.zip,202202141041,’†‹–€ŒSº˜a’¬¼ğV“c,407-4,,
19384-0900-13.zip,202202141041,’†‹–€ŒSº˜a’¬¼ğV“c,410-1,,
19384-0900-13.zip,202202141041,’†‹–€ŒSº˜a’¬¼ğV“c,413-1,,
19384-0900-13.zip,202202141041,’†‹–€ŒSº˜a’¬¼ğV“c,413-2,,
19384-0900-13.zip,202202141041,’†‹–€ŒSº˜a’¬¼ğV“c,413-3,,
19384-0900-13.zip,202202141041,’†‹–€ŒSº˜a’¬¼ğV“c,413-4,,
19384-0900-13.zip,202202141041,’†‹–€ŒSº˜a’¬¼ğV“c,413-5,,
19384-0900-13.zip,202202141041,’†‹–€ŒSº˜a’¬¼ğV“c,413-8,,
19384-0900-13.zip,202202141041,’†‹–€ŒSº˜a’¬¼ğV“c,413-9,,
19384-0900-13.zip,202202141041,’†‹–€ŒSº˜a’¬¼ğV“c,413-10,,
19384-0900-13.zip,202202141041,’†‹–€ŒSº˜a’¬¼ğV“c,413-11,,
19384-0900-13.zip,202202141041,’†‹–€ŒSº˜a’¬¼ğV“c,413-19,,
19384-0900-13.zip,202202141041,’†‹–€ŒSº˜a’¬¼ğV“c,413-20,,
19384-0900-13.zip,202202141041,’†‹–€ŒSº˜a’¬¼ğV“c,413-21,,
19384-0900-13.zip,202202141041,’†‹–€ŒSº˜a’¬¼ğV“c,413-22,,
19384-0900-13.zip,202202141041,’†‹–€ŒSº˜a’¬¼ğV“c,422-1,,
19384-0900-13.zip,202202141041,’†‹–€ŒSº˜a’¬¼ğV“c,422-3,,
19384-0900-13.zip,202202141041,’†‹–€ŒSº˜a’¬¼ğV“c,423-1,,
19384-0900-13.zip,202202141041,’†‹–€ŒSº˜a’¬¼ğV“c,423-2,,
19384-0900-13.zip,202202141041,’†‹–€ŒSº˜a’¬¼ğV“c,423-5,,
19384-0900-13.zip,202202141041,’†‹–€ŒSº˜a’¬¼ğV“c,423-8,,
19384-0900-13.zip,202202141041,’†‹–€ŒSº˜a’¬¼ğV“c,423-9,,
19384-0900-13.zip,202202141041,’†‹–€ŒSº˜a’¬¼ğV“c,423-10,,
19384-0900-13.zip,202202141041,’†‹–€ŒSº˜a’¬¼ğV“c,423-12,,
19384-0900-13.zip,202202141041,’†‹–€ŒSº˜a’¬¼ğV“c,423-13,,
19384-0900-13.zip,202202141041,’†‹–€ŒSº˜a’¬¼ğV“c,432-1,,
19384-0900-13.zip,202202141041,’†‹–€ŒSº˜a’¬¼ğV“c,433-1,,
19384-0900-13.zip,202202141041,’†‹–€ŒSº˜a’¬¼ğV“c,433-6,,
19384-0900-13.zip,202202141041,’†‹–€ŒSº˜a’¬¼ğV“c,433-7,,
19384-0900-13.zip,202202141041,’†‹–€ŒSº˜a’¬¼ğV“c,433-8,,
19384-0900-13.zip,202202141041,’†‹–€ŒSº˜a’¬¼ğV“c,433-9,,
19384-0900-13.zip,202202141041,’†‹–€ŒSº˜a’¬¼ğV“c,433-10,,
19384-0900-13.zip,202202141041,’†‹–€ŒSº˜a’¬¼ğV“c,433-11,,
19384-0900-13.zip,202202141041,’†‹–€ŒSº˜a’¬¼ğV“c,433-12,,
19384-0900-13.zip,202202141041,’†‹–€ŒSº˜a’¬¼ğV“c,433-13,,
19384-0900-13.zip,202202141041,’†‹–€ŒSº˜a’¬¼ğV“c,433-14,,
19384-0900-13.zip,202202141041,’†‹–€ŒSº˜a’¬¼ğV“c,433-15,,
19384-0900-13.zip,202202141041,’†‹–€ŒSº˜a’¬¼ğV“c,433-16,,
19384-0900-13.zip,202202141041,’†‹–€ŒSº˜a’¬¼ğV“c,433-17,,
19384-0900-13.zip,202202141041,’†‹–€ŒSº˜a’¬¼ğV“c,433-18,,
19384-0900-13.zip,202202141041,’†‹–€ŒSº˜a’¬¼ğV“c,433-19,,
19384-0900-13.zip,202202141041,’†‹–€ŒSº˜a’¬¼ğV“c,433-20,,
19384-0900-13.zip,202202141041,’†‹–€ŒSº˜a’¬¼ğV“c,433-21,,
19384-0900-13.zip,202202141041,’†‹–€ŒSº˜a’¬¼ğV“c,433-22,,
19384-0900-13.zip,202202141041,’†‹–€ŒSº˜a’¬¼ğV“c,433-23,,
19384-0900-13.zip,202202141041,’†‹–€ŒSº˜a’¬¼ğV“c,433-25,,
19384-0900-13.zip,202202141041,’†‹–€ŒSº˜a’¬¼ğV“c,433-26,,
19384-0900-13.zip,202202141041,’†‹–€ŒSº˜a’¬¼ğV“c,433-27,,
19384-0900-13.zip,202202141041,’†‹–€ŒSº˜a’¬¼ğV“c,433-28,,
19384-0900-13.zip,202202141041,’†‹–€ŒSº˜a’¬¼ğV“c,433-29,,
19384-0900-13.zip,202202141041,’†‹–€ŒSº˜a’¬¼ğV“c,433-30,,
19384-0900-13.zip,202202141041,’†‹–€ŒSº˜a’¬¼ğV“c,433-31,,
19384-0900-13.zip,202202141041,’†‹–€ŒSº˜a’¬¼ğV“c,433-32,,
19384-0900-13.zip,202202141041,’†‹–€ŒSº˜a’¬¼ğV“c,433-33,,
19384-0900-13.zip,202202141041,’†‹–€ŒSº˜a’¬¼ğV“c,433-34,,
19384-0900-13.zip,202202141041,’†‹–€ŒSº˜a’¬¼ğV“c,433-35,,
19384-0900-13.zip,202202141041,’†‹–€ŒSº˜a’¬¼ğV“c,433-36,,
19384-0900-13.zip,202202141041,’†‹–€ŒSº˜a’¬¼ğV“c,433-37,,
19384-0900-13.zip,202202141041,’†‹–€ŒSº˜a’¬¼ğV“c,433-38,,
19384-0900-13.zip,202202141041,’†‹–€ŒSº˜a’¬¼ğV“c,433-39,,
19384-0900-13.zip,202202141041,’†‹–€ŒSº˜a’¬¼ğV“c,433-40,,
19384-0900-13.zip,202202141041,’†‹–€ŒSº˜a’¬¼ğV“c,433-41,,
19384-0900-13.zip,202202141041,’†‹–€ŒSº˜a’¬¼ğV“c,433-42,,
19384-0900-13.zip,202202141041,’†‹–€ŒSº˜a’¬¼ğV“c,433-43,,
19384-0900-13.zip,202202141041,’†‹–€ŒSº˜a’¬¼ğV“c,433-44,,
19384-0900-13.zip,202202141041,’†‹–€ŒSº˜a’¬¼ğV“c,433-45,,
19384-0900-13.zip,202202141041,’†‹–€ŒSº˜a’¬¼ğV“c,433-46,,
19384-0900-13.zip,202202141041,’†‹–€ŒSº˜a’¬¼ğV“c,433-47,,
19384-0900-13.zip,202202141041,’†‹–€ŒSº˜a’¬¼ğV“c,433-48,,
19384-0900-13.zip,202202141041,’†‹–€ŒSº˜a’¬¼ğV“c,433-49,,
19384-0900-13.zip,202202141041,’†‹–€ŒSº˜a’¬¼ğV“c,433-50,,
19384-0900-13.zip,202202141041,’†‹–€ŒSº˜a’¬¼ğV“c,433-51,,
19384-0900-13.zip,202202141041,’†‹–€ŒSº˜a’¬¼ğV“c,433-52,,
19384-0900-13.zip,202202141041,’†‹–€ŒSº˜a’¬¼ğV“c,433-53,,
19384-0900-13.zip,202202141041,’†‹–€ŒSº˜a’¬¼ğV“c,433-54,,
19384-0900-13.zip,202202141041,’†‹–€ŒSº˜a’¬¼ğV“c,433-55,,
19384-0900-13.zip,202202141041,’†‹–€ŒSº˜a’¬¼ğV“c,433-59,,
19384-0900-13.zip,202202141041,’†‹–€ŒSº˜a’¬¼ğV“c,433-60,,
19384-0900-13.zip,202202141041,’†‹–€ŒSº˜a’¬¼ğV“c,433-61,,
19384-0900-13.zip,202202141041,’†‹–€ŒSº˜a’¬¼ğV“c,433-63,,
19384-0900-13.zip,202202141041,’†‹–€ŒSº˜a’¬¼ğV“c,441-2,,
19384-0900-13.zip,202202141041,’†‹–€ŒSº˜a’¬¼ğV“c,441-5,,
19384-0900-13.zip,202202141041,’†‹–€ŒSº˜a’¬¼ğV“c,451,,
19384-0900-13.zip,202202141041,’†‹–€ŒSº˜a’¬¼ğV“c,478-1,,
19384-0900-13.zip,202202141041,’†‹–€ŒSº˜a’¬¼ğV“c,478-2,,
19384-0900-13.zip,202202141041,’†‹–€ŒSº˜a’¬¼ğV“c,479-2,,
19384-0900-13.zip,202202141041,’†‹–€ŒSº˜a’¬¼ğV“c,489-1,,
19384-0900-13.zip,202202141041,’†‹–€ŒSº˜a’¬¼ğV“c,489-12,,
19384-0900-13.zip,202202141041,’†‹–€ŒSº˜a’¬¼ğV“c,489-15,,
19384-0900-13.zip,202202141041,’†‹–€ŒSº˜a’¬¼ğV“c,489-16,,
19384-0900-13.zip,202202141041,’†‹–€ŒSº˜a’¬¼ğV“c,489-17,,
19384-0900-13.zip,202202141041,’†‹–€ŒSº˜a’¬¼ğV“c,489-18,,
19384-0900-13.zip,202202141041,’†‹–€ŒSº˜a’¬¼ğV“c,489-19,,
19384-0900-13.zip,202202141041,’†‹–€ŒSº˜a’¬¼ğV“c,489-20,,
19384-0900-13.zip,202202141041,’†‹–€ŒSº˜a’¬¼ğV“c,489-21,,
19384-0900-13.zip,202202141041,’†‹–€ŒSº˜a’¬¼ğV“c,489-22,,
19384-0900-13.zip,202202141041,’†‹–€ŒSº˜a’¬¼ğV“c,489-23,,
19384-0900-13.zip,202202141041,’†‹–€ŒSº˜a’¬¼ğV“c,489-24,,
19384-0900-13.zip,202202141041,’†‹–€ŒSº˜a’¬¼ğV“c,489-25,,
19384-0900-13.zip,202202141041,’†‹–€ŒSº˜a’¬¼ğV“c,489-26,,
19384-0900-13.zip,202202141041,’†‹–€ŒSº˜a’¬¼ğV“c,492-5,,
19384-0900-13.zip,202202141041,’†‹–€ŒSº˜a’¬¼ğV“c,496,,
19384-0900-13.zip,202202141041,’†‹–€ŒSº˜a’¬¼ğV“c,498,,
19384-0900-13.zip,202202141041,’†‹–€ŒSº˜a’¬¼ğV“c,499-1,,
19384-0900-13.zip,202202141041,’†‹–€ŒSº˜a’¬¼ğV“c,499-2,,
19384-0900-13.zip,202202141041,’†‹–€ŒSº˜a’¬¼ğV“c,499-3,,
19384-0900-13.zip,202202141041,’†‹–€ŒSº˜a’¬¼ğV“c,499-4,,
19384-0900-13.zip,202202141041,’†‹–€ŒSº˜a’¬¼ğV“c,499-5,,
19384-0900-13.zip,202202141041,’†‹–€ŒSº˜a’¬¼ğV“c,499-6,,
19384-0900-13.zip,202202141041,’†‹–€ŒSº˜a’¬¼ğV“c,499-7,,
19384-0900-13.zip,202202141041,’†‹–€ŒSº˜a’¬¼ğV“c,500-1,,
19384-0900-13.zip,202202141041,’†‹–€ŒSº˜a’¬¼ğV“c,500-2,,
19384-0900-13.zip,202202141041,’†‹–€ŒSº˜a’¬¼ğV“c,500-3,,
19384-0900-13.zip,202202141041,’†‹–€ŒSº˜a’¬¼ğV“c,501-1,,
19384-0900-13.zip,202202141041,’†‹–€ŒSº˜a’¬¼ğV“c,501-2,,
19384-0900-13.zip,202202141041,’†‹–€ŒSº˜a’¬¼ğV“c,502-2,,
19384-0900-13.zip,202202141041,’†‹–€ŒSº˜a’¬¼ğV“c,503-2,,
19384-0900-13.zip,202202141041,’†‹–€ŒSº˜a’¬¼ğV“c,505-1,,
19384-0900-13.zip,202202141041,’†‹–€ŒSº˜a’¬¼ğV“c,505-2,,
19384-0900-13.zip,202202141041,’†‹–€ŒSº˜a’¬¼ğV“c,505-3,,
19384-0900-13.zip,202202141041,’†‹–€ŒSº˜a’¬¼ğV“c,505-4,,
19384-0900-13.zip,202202141041,’†‹–€ŒSº˜a’¬¼ğV“c,505-5,,
19384-0900-13.zip,202202141041,’†‹–€ŒSº˜a’¬¼ğV“c,505-6,,
19384-0900-13.zip,202202141041,’†‹–€ŒSº˜a’¬¼ğV“c,505-7,,
19384-0900-13.zip,202202141041,’†‹–€ŒSº˜a’¬¼ğV“c,505-8,,
19384-0900-13.zip,202202141041,’†‹–€ŒSº˜a’¬¼ğV“c,505-9,,
19384-0900-13.zip,202202141041,’†‹–€ŒSº˜a’¬¼ğV“c,505-10,,
19384-0900-13.zip,202202141041,’†‹–€ŒSº˜a’¬¼ğV“c,505-11,,
19384-0900-13.zip,202202141041,’†‹–€ŒSº˜a’¬¼ğV“c,505-12,,
19384-0900-13.zip,202202141041,’†‹–€ŒSº˜a’¬¼ğV“c,505-13,,
19384-0900-13.zip,202202141041,’†‹–€ŒSº˜a’¬¼ğV“c,506-1,,
19384-0900-13.zip,202202141041,’†‹–€ŒSº˜a’¬¼ğV“c,506-2,,
19384-0900-13.zip,202202141041,’†‹–€ŒSº˜a’¬¼ğV“c,506-3,,
19384-0900-13.zip,202202141041,’†‹–€ŒSº˜a’¬¼ğV“c,506-4,,
19384-0900-13.zip,202202141041,’†‹–€ŒSº˜a’¬¼ğV“c,506-5,,
19384-0900-13.zip,202202141041,’†‹–€ŒSº˜a’¬¼ğV“c,506-6,,
19384-0900-13.zip,202202141041,’†‹–€ŒSº˜a’¬¼ğV“c,507-1,,
19384-0900-13.zip,202202141041,’†‹–€ŒSº˜a’¬¼ğV“c,507-4,,
19384-0900-13.zip,202202141041,’†‹–€ŒSº˜a’¬¼ğV“c,507-5,,
19384-0900-13.zip,202202141041,’†‹–€ŒSº˜a’¬¼ğV“c,507-6,,
19384-0900-13.zip,202202141041,’†‹–€ŒSº˜a’¬¼ğV“c,507-8,,
19384-0900-13.zip,202202141041,’†‹–€ŒSº˜a’¬¼ğV“c,507-9,,
19384-0900-13.zip,202202141041,’†‹–€ŒSº˜a’¬¼ğV“c,507-11,,
19384-0900-13.zip,202202141041,’†‹–€ŒSº˜a’¬¼ğV“c,507-16,,
19384-0900-13.zip,202202141041,’†‹–€ŒSº˜a’¬¼ğV“c,507-19,,
19384-0900-13.zip,202202141041,’†‹–€ŒSº˜a’¬¼ğV“c,507-20,,
19384-0900-13.zip,202202141041,’†‹–€ŒSº˜a’¬¼ğV“c,507-21,,
19384-0900-13.zip,202202141041,’†‹–€ŒSº˜a’¬¼ğV“c,507-22,,
19384-0900-13.zip,202202141041,’†‹–€ŒSº˜a’¬¼ğV“c,507-23,,
19384-0900-13.zip,202202141041,’†‹–€ŒSº˜a’¬¼ğV“c,511-1,,
19384-0900-13.zip,202202141041,’†‹–€ŒSº˜a’¬¼ğV“c,511-2,,
19384-0900-13.zip,202202141041,’†‹–€ŒSº˜a’¬¼ğV“c,511-3,,
19384-0900-13.zip,202202141041,’†‹–€ŒSº˜a’¬¼ğV“c,511-4,,
19384-0900-13.zip,202202141041,’†‹–€ŒSº˜a’¬¼ğV“c,512-1,,
19384-0900-13.zip,202202141041,’†‹–€ŒSº˜a’¬¼ğV“c,512-2,,
19384-0900-13.zip,202202141041,’†‹–€ŒSº˜a’¬¼ğV“c,512-3,,
19384-0900-13.zip,202202141041,’†‹–€ŒSº˜a’¬¼ğV“c,512-4,,
19384-0900-13.zip,202202141041,’†‹–€ŒSº˜a’¬¼ğV“c,512-5,,
19384-0900-13.zip,202202141041,’†‹–€ŒSº˜a’¬¼ğV“c,512-6,,
19384-0900-13.zip,202202141041,’†‹–€ŒSº˜a’¬¼ğV“c,512-7,,
19384-0900-13.zip,202202141041,’†‹–€ŒSº˜a’¬¼ğV“c,512-8,,
19384-0900-13.zip,202202141041,’†‹–€ŒSº˜a’¬¼ğV“c,515-2,,
19384-0900-13.zip,202202141041,’†‹–€ŒSº˜a’¬¼ğV“c,517-2,,
19384-0900-13.zip,202202141041,’†‹–€ŒSº˜a’¬¼ğV“c,519-1,,
19384-0900-13.zip,202202141041,’†‹–€ŒSº˜a’¬¼ğV“c,519-7,,
19384-0900-13.zip,202202141041,’†‹–€ŒSº˜a’¬¼ğV“c,519-8,,
19384-0900-13.zip,202202141041,’†‹–€ŒSº˜a’¬¼ğV“c,519-10,,
19384-0900-13.zip,202202141041,’†‹–€ŒSº˜a’¬¼ğV“c,519-11,,
19384-0900-13.zip,202202141041,’†‹–€ŒSº˜a’¬¼ğV“c,519-12,,
19384-0900-13.zip,202202141041,’†‹–€ŒSº˜a’¬¼ğV“c,519-13,,
19384-0900-13.zip,202202141041,’†‹–€ŒSº˜a’¬¼ğV“c,519-14,,
19384-0900-13.zip,202202141041,’†‹–€ŒSº˜a’¬¼ğV“c,519-15,,
19384-0900-13.zip,202202141041,’†‹–€ŒSº˜a’¬¼ğV“c,519-16,,
19384-0900-13.zip,202202141041,’†‹–€ŒSº˜a’¬¼ğV“c,519-17,,
19384-0900-13.zip,202202141041,’†‹–€ŒSº˜a’¬¼ğV“c,519-18,,
19384-0900-13.zip,202202141041,’†‹–€ŒSº˜a’¬¼ğV“c,519-19,,
19384-0900-13.zip,202202141041,’†‹–€ŒSº˜a’¬¼ğV“c,519-20,,
19384-0900-13.zip,202202141041,’†‹–€ŒSº˜a’¬¼ğV“c,519-21,,
19384-0900-13.zip,202202141041,’†‹–€ŒSº˜a’¬¼ğV“c,523-1,,
19384-0900-13.zip,202202141041,’†‹–€ŒSº˜a’¬¼ğV“c,523-2,,
19384-0900-13.zip,202202141041,’†‹–€ŒSº˜a’¬¼ğV“c,525-2,,
19384-0900-13.zip,202202141041,’†‹–€ŒSº˜a’¬¼ğV“c,526-1,,
19384-0900-13.zip,202202141041,’†‹–€ŒSº˜a’¬¼ğV“c,526-2,,
19384-0900-13.zip,202202141041,’†‹–€ŒSº˜a’¬¼ğV“c,536-1,,
19384-0900-13.zip,202202141041,’†‹–€ŒSº˜a’¬¼ğV“c,536-2,,
19384-0900-13.zip,202202141041,’†‹–€ŒSº˜a’¬¼ğV“c,536-3,,
19384-0900-13.zip,202202141041,’†‹–€ŒSº˜a’¬¼ğV“c,536-4,,
19384-0900-13.zip,202202141041,’†‹–€ŒSº˜a’¬¼ğV“c,536-5,,
19384-0900-13.zip,202202141041,’†‹–€ŒSº˜a’¬¼ğV“c,536-6,,
19384-0900-13.zip,202202141041,’†‹–€ŒSº˜a’¬¼ğV“c,536-7,,
19384-0900-13.zip,202202141041,’†‹–€ŒSº˜a’¬¼ğV“c,536-8,,
19384-0900-13.zip,202202141041,’†‹–€ŒSº˜a’¬¼ğV“c,536-9,,
19384-0900-13.zip,202202141041,’†‹–€ŒSº˜a’¬¼ğV“c,536-10,,
19384-0900-13.zip,202202141041,’†‹–€ŒSº˜a’¬¼ğV“c,536-11,,
19384-0900-13.zip,202202141041,’†‹–€ŒSº˜a’¬¼ğV“c,539-1,,
19384-0900-13.zip,202202141041,’†‹–€ŒSº˜a’¬¼ğV“c,539-2,,
19384-0900-13.zip,202202141041,’†‹–€ŒSº˜a’¬¼ğV“c,540-1,,
19384-0900-13.zip,202202141041,’†‹–€ŒSº˜a’¬¼ğV“c,540-2,,
19384-0900-13.zip,202202141041,’†‹–€ŒSº˜a’¬¼ğV“c,541-1,,
19384-0900-13.zip,202202141041,’†‹–€ŒSº˜a’¬¼ğV“c,541-2,,
19384-0900-13.zip,202202141041,’†‹–€ŒSº˜a’¬¼ğV“c,541-3,,
19384-0900-13.zip,202202141041,’†‹–€ŒSº˜a’¬¼ğV“c,541-4,,
19384-0900-13.zip,202202141041,’†‹–€ŒSº˜a’¬¼ğV“c,541-5,,
19384-0900-13.zip,202202141041,’†‹–€ŒSº˜a’¬¼ğV“c,542-1,,
19384-0900-13.zip,202202141041,’†‹–€ŒSº˜a’¬¼ğV“c,542-2,,
19384-0900-13.zip,202202141041,’†‹–€ŒSº˜a’¬¼ğV“c,542-3,,
19384-0900-13.zip,202202141041,’†‹–€ŒSº˜a’¬¼ğV“c,542-6,,
19384-0900-13.zip,202202141041,’†‹–€ŒSº˜a’¬¼ğV“c,542-9,,
19384-0900-13.zip,202202141041,’†‹–€ŒSº˜a’¬¼ğV“c,542-12,,
19384-0900-13.zip,202202141041,’†‹–€ŒSº˜a’¬¼ğV“c,550-2,,
19384-0900-13.zip,202202141041,’†‹–€ŒSº˜a’¬¼ğV“c,550-3,,
19384-0900-13.zip,202202141041,’†‹–€ŒSº˜a’¬¼ğV“c,551-1,,
19384-0900-13.zip,202202141041,’†‹–€ŒSº˜a’¬¼ğV“c,551-2,,
19384-0900-13.zip,202202141041,’†‹–€ŒSº˜a’¬¼ğV“c,551-4,,
19384-0900-13.zip,202202141041,’†‹–€ŒSº˜a’¬¼ğV“c,552-2,,
19384-0900-13.zip,202202141041,’†‹–€ŒSº˜a’¬¼ğV“c,555-1,,
19384-0900-13.zip,202202141041,’†‹–€ŒSº˜a’¬¼ğV“c,555-3,,
19384-0900-13.zip,202202141041,’†‹–€ŒSº˜a’¬¼ğV“c,555-4,,
19384-0900-13.zip,202202141041,’†‹–€ŒSº˜a’¬¼ğV“c,556,,
19384-0900-13.zip,202202141041,’†‹–€ŒSº˜a’¬¼ğV“c,557-1,,
19384-0900-13.zip,202202141041,’†‹–€ŒSº˜a’¬¼ğV“c,558-1,,
19384-0900-13.zip,202202141041,’†‹–€ŒSº˜a’¬¼ğV“c,558-2,,
19384-0900-13.zip,202202141041,’†‹–€ŒSº˜a’¬¼ğV“c,560-1,,
19384-0900-13.zip,202202141041,’†‹–€ŒSº˜a’¬¼ğV“c,560-2,,
19384-0900-13.zip,202202141041,’†‹–€ŒSº˜a’¬¼ğV“c,561-1,,
19384-0900-13.zip,202202141041,’†‹–€ŒSº˜a’¬¼ğV“c,561-2,,
19384-0900-13.zip,202202141041,’†‹–€ŒSº˜a’¬¼ğV“c,562-1,,
19384-0900-13.zip,202202141041,’†‹–€ŒSº˜a’¬¼ğV“c,562-3,,
19384-0900-13.zip,202202141041,’†‹–€ŒSº˜a’¬¼ğV“c,562-4,,
19384-0900-13.zip,202202141041,’†‹–€ŒSº˜a’¬¼ğV“c,562-5,,
19384-0900-13.zip,202202141041,’†‹–€ŒSº˜a’¬¼ğV“c,562-6,,
19384-0900-13.zip,202202141041,’†‹–€ŒSº˜a’¬¼ğV“c,563-1,,
19384-0900-13.zip,202202141041,’†‹–€ŒSº˜a’¬¼ğV“c,564,,
19384-0900-13.zip,202202141041,’†‹–€ŒSº˜a’¬¼ğV“c,566-1,,
19384-0900-13.zip,202202141041,’†‹–€ŒSº˜a’¬¼ğV“c,566-2,,
19384-0900-13.zip,202202141041,’†‹–€ŒSº˜a’¬¼ğV“c,566-3,,
19384-0900-13.zip,202202141041,’†‹–€ŒSº˜a’¬¼ğV“c,566-4,,
19384-0900-13.zip,202202141041,’†‹–€ŒSº˜a’¬¼ğV“c,567,,
19384-0900-13.zip,202202141041,’†‹–€ŒSº˜a’¬¼ğV“c,568-1,,
19384-0900-13.zip,202202141041,’†‹–€ŒSº˜a’¬¼ğV“c,568-2,,
19384-0900-13.zip,202202141041,’†‹–€ŒSº˜a’¬¼ğV“c,568-3,,
19384-0900-13.zip,202202141041,’†‹–€ŒSº˜a’¬¼ğV“c,568-4,,
19384-0900-13.zip,202202141041,’†‹–€ŒSº˜a’¬¼ğV“c,568-5,,
19384-0900-13.zip,202202141041,’†‹–€ŒSº˜a’¬¼ğV“c,568-6,,
19384-0900-13.zip,202202141041,’†‹–€ŒSº˜a’¬¼ğV“c,568-7,,
19384-0900-13.zip,202202141041,’†‹–€ŒSº˜a’¬¼ğV“c,568-8,,
19384-0900-13.zip,202202141041,’†‹–€ŒSº˜a’¬¼ğV“c,568-9,,
19384-0900-13.zip,202202141041,’†‹–€ŒSº˜a’¬¼ğV“c,568-10,,
19384-0900-13.zip,202202141041,’†‹–€ŒSº˜a’¬¼ğV“c,568-11,,
19384-0900-13.zip,202202141041,’†‹–€ŒSº˜a’¬¼ğV“c,569-1,,
19384-0900-13.zip,202202141041,’†‹–€ŒSº˜a’¬¼ğV“c,569-2,,
19384-0900-13.zip,202202141041,’†‹–€ŒSº˜a’¬¼ğV“c,569-3,,
19384-0900-13.zip,202202141041,’†‹–€ŒSº˜a’¬¼ğV“c,569-4,,
19384-0900-13.zip,202202141041,’†‹–€ŒSº˜a’¬¼ğV“c,569-5,,
19384-0900-13.zip,202202141041,’†‹–€ŒSº˜a’¬¼ğV“c,569-6,,
19384-0900-13.zip,202202141041,’†‹–€ŒSº˜a’¬¼ğV“c,569-7,,
19384-0900-13.zip,202202141041,’†‹–€ŒSº˜a’¬¼ğV“c,569-8,,
19384-0900-13.zip,202202141041,’†‹–€ŒSº˜a’¬¼ğV“c,569-9,,
19384-0900-13.zip,202202141041,’†‹–€ŒSº˜a’¬¼ğV“c,569-10,,
19384-0900-13.zip,202202141041,’†‹–€ŒSº˜a’¬¼ğV“c,570,,
19384-0900-13.zip,202202141041,’†‹–€ŒSº˜a’¬¼ğV“c,571-1,,
19384-0900-13.zip,202202141041,’†‹–€ŒSº˜a’¬¼ğV“c,571-2,,
19384-0900-13.zip,202202141041,’†‹–€ŒSº˜a’¬¼ğV“c,571-3,,
19384-0900-13.zip,202202141041,’†‹–€ŒSº˜a’¬¼ğV“c,572-2,,
19384-0900-13.zip,202202141041,’†‹–€ŒSº˜a’¬¼ğV“c,574,,
19384-0900-13.zip,202202141041,’†‹–€ŒSº˜a’¬¼ğV“c,575-2,,
19384-0900-13.zip,202202141041,’†‹–€ŒSº˜a’¬¼ğV“c,575-3,,
19384-0900-13.zip,202202141041,’†‹–€ŒSº˜a’¬¼ğV“c,576-1,,
19384-0900-13.zip,202202141041,’†‹–€ŒSº˜a’¬¼ğV“c,576-2,,
19384-0900-13.zip,202202141041,’†‹–€ŒSº˜a’¬¼ğV“c,576-3,,
19384-0900-13.zip,202202141041,’†‹–€ŒSº˜a’¬¼ğV“c,576-4,,
19384-0900-13.zip,202202141041,’†‹–€ŒSº˜a’¬¼ğV“c,576-5,,
19384-0900-13.zip,202202141041,’†‹–€ŒSº˜a’¬¼ğV“c,576-6,,
19384-0900-13.zip,202202141041,’†‹–€ŒSº˜a’¬¼ğV“c,576-7,,
19384-0900-13.zip,202202141041,’†‹–€ŒSº˜a’¬¼ğV“c,576-8,,
19384-0900-13.zip,202202141041,’†‹–€ŒSº˜a’¬¼ğV“c,576-9,,
19384-0900-13.zip,202202141041,’†‹–€ŒSº˜a’¬¼ğV“c,576-10,,
19384-0900-13.zip,202202141041,’†‹–€ŒSº˜a’¬¼ğV“c,576-11,,
19384-0900-13.zip,202202141041,’†‹–€ŒSº˜a’¬¼ğV“c,577-2,,
19384-0900-13.zip,202202141041,’†‹–€ŒSº˜a’¬¼ğV“c,579-2,,
19384-0900-13.zip,202202141041,’†‹–€ŒSº˜a’¬¼ğV“c,580-2,,
19384-0900-13.zip,202202141041,’†‹–€ŒSº˜a’¬¼ğV“c,582-2,,
19384-0900-13.zip,202202141041,’†‹–€ŒSº˜a’¬¼ğV“c,583,,
19384-0900-13.zip,202202141041,’†‹–€ŒSº˜a’¬¼ğV“c,600,,
19384-0900-13.zip,202202141041,’†‹–€ŒSº˜a’¬¼ğV“c,601,,
19384-0900-13.zip,202202141041,’†‹–€ŒSº˜a’¬¼ğV“c,602,,
19384-0900-13.zip,202202141041,’†‹–€ŒSº˜a’¬¼ğV“c,608,,
19384-0900-13.zip,202202141041,’†‹–€ŒSº˜a’¬¼ğV“c,608-2,,
19384-0900-13.zip,202202141041,’†‹–€ŒSº˜a’¬¼ğV“c,609,,
19384-0900-13.zip,202202141041,’†‹–€ŒSº˜a’¬¼ğV“c,610-1,,
19384-0900-13.zip,202202141041,’†‹–€ŒSº˜a’¬¼ğV“c,610-3,,
19384-0900-13.zip,202202141041,’†‹–€ŒSº˜a’¬¼ğV“c,610-4,,
19384-0900-13.zip,202202141041,’†‹–€ŒSº˜a’¬¼ğV“c,610-5,,
19384-0900-13.zip,202202141041,’†‹–€ŒSº˜a’¬¼ğV“c,611-1,,
19384-0900-13.zip,202202141041,’†‹–€ŒSº˜a’¬¼ğV“c,611-3,,
19384-0900-13.zip,202202141041,’†‹–€ŒSº˜a’¬¼ğV“c,616-1,,
19384-0900-13.zip,202202141041,’†‹–€ŒSº˜a’¬¼ğV“c,619-1,,
19384-0900-13.zip,202202141041,’†‹–€ŒSº˜a’¬¼ğV“c,619-2,,
19384-0900-13.zip,202202141041,’†‹–€ŒSº˜a’¬¼ğV“c,619-6,,
19384-0900-13.zip,202202141041,’†‹–€ŒSº˜a’¬¼ğV“c,619-7,,
19384-0900-13.zip,202202141041,’†‹–€ŒSº˜a’¬¼ğV“c,619-8,,
19384-0900-13.zip,202202141041,’†‹–€ŒSº˜a’¬¼ğV“c,622,,
19384-0900-13.zip,202202141041,’†‹–€ŒSº˜a’¬¼ğV“c,623-1,,
19384-0900-13.zip,202202141041,’†‹–€ŒSº˜a’¬¼ğV“c,623-2,,
19384-0900-13.zip,202202141041,’†‹–€ŒSº˜a’¬¼ğV“c,637-1,,
19384-0900-13.zip,202202141041,’†‹–€ŒSº˜a’¬¼ğV“c,637-2,,
19384-0900-13.zip,202202141041,’†‹–€ŒSº˜a’¬¼ğV“c,637-4,,
19384-0900-13.zip,202202141041,’†‹–€ŒSº˜a’¬¼ğV“c,637-5,,
19384-0900-13.zip,202202141041,’†‹–€ŒSº˜a’¬¼ğV“c,637-6,,
19384-0900-13.zip,202202141041,’†‹–€ŒSº˜a’¬¼ğV“c,637-7,,
19384-0900-13.zip,202202141041,’†‹–€ŒSº˜a’¬¼ğV“c,638-2,,
19384-0900-13.zip,202202141041,’†‹–€ŒSº˜a’¬¼ğV“c,639-2,,
19384-0900-13.zip,202202141041,’†‹–€ŒSº˜a’¬¼ğV“c,640-1,,
19384-0900-13.zip,202202141041,’†‹–€ŒSº˜a’¬¼ğV“c,640-4,,
19384-0900-13.zip,202202141041,’†‹–€ŒSº˜a’¬¼ğV“c,640-5,,
19384-0900-13.zip,202202141041,’†‹–€ŒSº˜a’¬¼ğV“c,640-6,,
19384-0900-13.zip,202202141041,’†‹–€ŒSº˜a’¬¼ğV“c,641-1,,
19384-0900-13.zip,202202141041,’†‹–€ŒSº˜a’¬¼ğV“c,641-2,,
19384-0900-13.zip,202202141041,’†‹–€ŒSº˜a’¬¼ğV“c,641-3,,
19384-0900-13.zip,202202141041,’†‹–€ŒSº˜a’¬¼ğV“c,641-5,,
19384-0900-13.zip,202202141041,’†‹–€ŒSº˜a’¬¼ğV“c,641-6,,
19384-0900-13.zip,202202141041,’†‹–€ŒSº˜a’¬¼ğV“c,641-7,,
19384-0900-13.zip,202202141041,’†‹–€ŒSº˜a’¬¼ğV“c,641-8,,
19384-0900-13.zip,202202141041,’†‹–€ŒSº˜a’¬¼ğV“c,641-9,,
19384-0900-13.zip,202202141041,’†‹–€ŒSº˜a’¬¼ğV“c,641-10,,
19384-0900-13.zip,202202141041,’†‹–€ŒSº˜a’¬¼ğV“c,641-11,,
19384-0900-13.zip,202202141041,’†‹–€ŒSº˜a’¬¼ğV“c,642-1,,
19384-0900-13.zip,202202141041,’†‹–€ŒSº˜a’¬¼ğV“c,642-2,,
19384-0900-13.zip,202202141041,’†‹–€ŒSº˜a’¬¼ğV“c,642-3,,
19384-0900-13.zip,202202141041,’†‹–€ŒSº˜a’¬¼ğV“c,642-4,,
19384-0900-13.zip,202202141041,’†‹–€ŒSº˜a’¬¼ğV“c,642-5,,
19384-0900-13.zip,202202141041,’†‹–€ŒSº˜a’¬¼ğV“c,642-6,,
19384-0900-13.zip,202202141041,’†‹–€ŒSº˜a’¬¼ğV“c,643-1,,
19384-0900-13.zip,202202141041,’†‹–€ŒSº˜a’¬¼ğV“c,643-2,,
19384-0900-13.zip,202202141041,’†‹–€ŒSº˜a’¬¼ğV“c,644,,
19384-0900-13.zip,202202141041,’†‹–€ŒSº˜a’¬¼ğV“c,645,,
19384-0900-13.zip,202202141041,’†‹–€ŒSº˜a’¬¼ğV“c,646,,
19384-0900-13.zip,202202141041,’†‹–€ŒSº˜a’¬¼ğV“c,647,,
19384-0900-13.zip,202202141041,’†‹–€ŒSº˜a’¬¼ğV“c,648-1,,
19384-0900-13.zip,202202141041,’†‹–€ŒSº˜a’¬¼ğV“c,648-2,,
19384-0900-13.zip,202202141041,’†‹–€ŒSº˜a’¬¼ğV“c,648-3,,
19384-0900-13.zip,202202141041,’†‹–€ŒSº˜a’¬¼ğV“c,648-4,,
19384-0900-13.zip,202202141041,’†‹–€ŒSº˜a’¬¼ğV“c,648-5,,
19384-0900-13.zip,202202141041,’†‹–€ŒSº˜a’¬¼ğV“c,648-6,,
19384-0900-13.zip,202202141041,’†‹–€ŒSº˜a’¬¼ğV“c,648-7,,
19384-0900-13.zip,202202141041,’†‹–€ŒSº˜a’¬¼ğV“c,648-8,,
19384-0900-13.zip,202202141041,’†‹–€ŒSº˜a’¬¼ğV“c,648-9,,
19384-0900-13.zip,202202141041,’†‹–€ŒSº˜a’¬¼ğV“c,648-10,,
19384-0900-13.zip,202202141041,’†‹–€ŒSº˜a’¬¼ğV“c,648-11,,
19384-0900-13.zip,202202141041,’†‹–€ŒSº˜a’¬¼ğV“c,648-12,,
19384-0900-13.zip,202202141041,’†‹–€ŒSº˜a’¬¼ğV“c,649-2,,
19384-0900-13.zip,202202141041,’†‹–€ŒSº˜a’¬¼ğV“c,649-5,,
19384-0900-13.zip,202202141041,’†‹–€ŒSº˜a’¬¼ğV“c,649-8,,
19384-0900-13.zip,202202141041,’†‹–€ŒSº˜a’¬¼ğV“c,649-9,,
19384-0900-13.zip,202202141041,’†‹–€ŒSº˜a’¬¼ğV“c,649-10,,
19384-0900-13.zip,202202141041,’†‹–€ŒSº˜a’¬¼ğV“c,649-12,,
19384-0900-13.zip,202202141041,’†‹–€ŒSº˜a’¬¼ğV“c,649-14,,
19384-0900-13.zip,202202141041,’†‹–€ŒSº˜a’¬¼ğV“c,650,,
19384-0900-13.zip,202202141041,’†‹–€ŒSº˜a’¬¼ğV“c,651,,
19384-0900-13.zip,202202141041,’†‹–€ŒSº˜a’¬¼ğV“c,652-1,,
19384-0900-13.zip,202202141041,’†‹–€ŒSº˜a’¬¼ğV“c,652-2,,
19384-0900-13.zip,202202141041,’†‹–€ŒSº˜a’¬¼ğV“c,653-1,,
19384-0900-13.zip,202202141041,’†‹–€ŒSº˜a’¬¼ğV“c,653-2,,
19384-0900-13.zip,202202141041,’†‹–€ŒSº˜a’¬¼ğV“c,653-3,,
19384-0900-13.zip,202202141041,’†‹–€ŒSº˜a’¬¼ğV“c,653-4,,
19384-0900-13.zip,202202141041,’†‹–€ŒSº˜a’¬¼ğV“c,653-5,,
19384-0900-13.zip,202202141041,’†‹–€ŒSº˜a’¬¼ğV“c,653-6,,
19384-0900-13.zip,202202141041,’†‹–€ŒSº˜a’¬¼ğV“c,653-7,,
19384-0900-13.zip,202202141041,’†‹–€ŒSº˜a’¬¼ğV“c,653-8,,
19384-0900-13.zip,202202141041,’†‹–€ŒSº˜a’¬¼ğV“c,653-9,,
19384-0900-13.zip,202202141041,’†‹–€ŒSº˜a’¬¼ğV“c,653-10,,
19384-0900-13.zip,202202141041,’†‹–€ŒSº˜a’¬¼ğV“c,653-11,,
19384-0900-13.zip,202202141041,’†‹–€ŒSº˜a’¬¼ğV“c,653-12,,
19384-0900-13.zip,202202141041,’†‹–€ŒSº˜a’¬¼ğV“c,653-13,,
19384-0900-13.zip,202202141041,’†‹–€ŒSº˜a’¬¼ğV“c,653-14,,
19384-0900-13.zip,202202141041,’†‹–€ŒSº˜a’¬¼ğV“c,653-15,,
19384-0900-13.zip,202202141041,’†‹–€ŒSº˜a’¬¼ğV“c,653-16,,
19384-0900-13.zip,202202141041,’†‹–€ŒSº˜a’¬¼ğV“c,653-17,,
19384-0900-13.zip,202202141041,’†‹–€ŒSº˜a’¬¼ğV“c,653-18,,
19384-0900-13.zip,202202141041,’†‹–€ŒSº˜a’¬¼ğV“c,653-19,,
19384-0900-13.zip,202202141041,’†‹–€ŒSº˜a’¬¼ğV“c,653-20,,
19384-0900-13.zip,202202141041,’†‹–€ŒSº˜a’¬¼ğV“c,653-21,,
19384-0900-13.zip,202202141041,’†‹–€ŒSº˜a’¬¼ğV“c,653-22,,
19384-0900-13.zip,202202141041,’†‹–€ŒSº˜a’¬¼ğV“c,657-2,,
19384-0900-13.zip,202202141041,’†‹–€ŒSº˜a’¬¼ğV“c,657-3,,
19384-0900-13.zip,202202141041,’†‹–€ŒSº˜a’¬¼ğV“c,657-4,,
19384-0900-13.zip,202202141041,’†‹–€ŒSº˜a’¬¼ğV“c,666-1,,
19384-0900-13.zip,202202141041,’†‹–€ŒSº˜a’¬¼ğV“c,666-3,,
19384-0900-13.zip,202202141041,’†‹–€ŒSº˜a’¬¼ğV“c,667-1,,
19384-0900-13.zip,202202141041,’†‹–€ŒSº˜a’¬¼ğV“c,667-2,,
19384-0900-13.zip,202202141041,’†‹–€ŒSº˜a’¬¼ğV“c,667-3,,
19384-0900-13.zip,202202141041,’†‹–€ŒSº˜a’¬¼ğV“c,669-1,,
19384-0900-13.zip,202202141041,’†‹–€ŒSº˜a’¬¼ğV“c,669-2,,
19384-0900-13.zip,202202141041,’†‹–€ŒSº˜a’¬¼ğV“c,669-3,,
19384-0900-13.zip,202202141041,’†‹–€ŒSº˜a’¬¼ğV“c,–³’n”Ô-1,,
19384-0900-13.zip,202202141041,’†‹–€ŒSº˜a’¬¼ğV“c,–³’n”Ô-321,,
19384-0900-13.zip,202202141041,’†‹–€ŒSº˜a’¬¼ğV“c,–³’n”Ô-322,,
19384-0900-13.zip,202202141041,’†‹–€ŒSº˜a’¬¼ğV“c,–³’n”Ô-323,,
19384-0900-13.zip,202202141041,’†‹–€ŒSº˜a’¬¼ğV“c,•MŠE–¢’è’n-49,’†‹–€ŒSº˜a’¬¼ğV“c,664-3
19384-0900-13.zip,202202141041,’†‹–€ŒSº˜a’¬¼ğV“c,•MŠE–¢’è’n-49,’†‹–€ŒSº˜a’¬¼ğV“c,664-4
19384-0900-13.zip,202202141041,’†‹–€ŒSº˜a’¬¼ğV“c,•MŠE–¢’è’n-49,’†‹–€ŒSº˜a’¬¼ğV“c,664-5
19384-0900-13.zip,202202141041,’†‹–€ŒSº˜a’¬¼ğV“c,“¹-1,,
19384-0900-13.zip,202202141041,’†‹–€ŒSº˜a’¬¼ğV“c,“¹-4,,
19384-0900-13.zip,202202141041,’†‹–€ŒSº˜a’¬¼ğV“c,“¹-5,,
19384-0900-13.zip,202202141041,’†‹–€ŒSº˜a’¬¼ğV“c,“¹-6,,
19384-0900-13.zip,202202141041,’†‹–€ŒSº˜a’¬¼ğV“c,“¹-7,,
19384-0900-13.zip,202202141041,’†‹–€ŒSº˜a’¬¼ğV“c,“¹-8,,
19384-0900-13.zip,202202141041,’†‹–€ŒSº˜a’¬¼ğV“c,“¹-112,,
19384-0900-13.zip,202202141041,’†‹–€ŒSº˜a’¬¼ğV“c,…-1-1,,
19384-0900-13.zip,202202141041,’†‹–€ŒSº˜a’¬¼ğV“c,…-4,,
19384-0900-13.zip,202202141041,’†‹–€ŒSº˜a’¬¼ğV“c,…-8,,
19384-0900-13.zip,202202141041,’†‹–€ŒSº˜a’¬¼ğV“c,…-9,,
19384-0900-13.zip,202202141041,’†‹–€ŒSº˜a’¬¼ğV“c,…-10,,
19384-0900-13.zip,202202141041,’†‹–€ŒSº˜a’¬¼ğV“c,…-11,,
19384-0900-13.zip,202202141041,’†‹–€ŒSº˜a’¬¼ğV“c,…-14,,
19384-0900-13.zip,202202141041,’†‹–€ŒSº˜a’¬¼ğV“c,…-16,,
19384-0900-13.zip,202202141041,’†‹–€ŒSº˜a’¬¼ğV“c,…-17,,
19384-0900-13.zip,202202141041,’†‹–€ŒSº˜a’¬¼ğV“c,…-18,,
19384-0900-13.zip,202202141041,’†‹–€ŒSº˜a’¬¼ğV“c,…-19,,
19384-0900-13.zip,202202141041,’†‹–€ŒSº˜a’¬¼ğV“c,…-20,,
19384-0900-13.zip,202202141041,’†‹–€ŒSº˜a’¬¼ğV“c,…-22,,
19384-0900-13.zip,202202141041,’†‹–€ŒSº˜a’¬¼ğV“c,…-24,,
19384-0900-13.zip,202202141041,’†‹–€ŒSº˜a’¬¼ğV“c,…-25,,
19384-0900-13.zip,202202141041,’†‹–€ŒSº˜a’¬¼ğV“c,…-26,,
19384-0900-13.zip,202202141041,’†‹–€ŒSº˜a’¬¼ğV“c,…-27,,
19384-0900-13.zip,202202141041,’†‹–€ŒSº˜a’¬¼ğV“c,…-28,,
19384-0900-13.zip,202202141041,’†‹–€ŒSº˜a’¬¼ğV“c,…-29,,
19384-0900-13.zip,202202141041,’†‹–€ŒSº˜a’¬¼ğV“c,…-30,,
19384-0900-13.zip,202202141041,’†‹–€ŒSº˜a’¬¼ğV“c,…-31,,
19384-0900-13.zip,202202141041,’†‹–€ŒSº˜a’¬¼ğV“c,…-32,,
19384-0900-13.zip,202202141041,’†‹–€ŒSº˜a’¬¼ğV“c,…-35,,
19384-0900-13.zip,202202141041,’†‹–€ŒSº˜a’¬¼ğV“c,…-103,,
19384-0900-13.zip,202202141041,’†‹–€ŒSº˜a’¬¼ğV“c,…-109,,
19384-0900-13.zip,202202141041,’†‹–€ŒSº˜a’¬¼ğV“c,…-113,,
19384-0900-13.zip,202202141041,’†‹–€ŒSº˜a’¬¼ğV“c,…-119,,
19384-0900-13.zip,202202141041,’†‹–€ŒSº˜a’¬¼ğV“c,’·‹·•¨•s–¾-1,,
19384-0900-13.zip,202202141041,’†‹–€ŒSº˜a’¬¼ğV“c,’·‹·•¨•s–¾-3,,
19384-0900-13.zip,202202141041,’†‹–€ŒSº˜a’¬¼ğV“c,’·‹·•¨•s–¾-4,,
19384-0900-13.zip,202202141041,’†‹–€ŒSº˜a’¬¼ğV“c,’·‹·•¨•s–¾-5,,
19384-0900-13.zip,202202141041,’†‹–€ŒSº˜a’¬¼ğV“c,’·‹·•¨•s–¾-6,,
19384-0900-13.zip,202202141041,’†‹–€ŒSº˜a’¬¼ğV“c,’·‹·•¨•s–¾-7,,
19384-0900-13.zip,202202141041,’†‹–€ŒSº˜a’¬¼ğV“c,670-1,,
19384-0900-13.zip,202202141041,’†‹–€ŒSº˜a’¬¼ğV“c,670-2,,
19384-0900-13.zip,202202141041,’†‹–€ŒSº˜a’¬¼ğV“c,671-1,,
19384-0900-13.zip,202202141041,’†‹–€ŒSº˜a’¬¼ğV“c,671-3,,
19384-0900-13.zip,202202141041,’†‹–€ŒSº˜a’¬¼ğV“c,671-4,,
19384-0900-13.zip,202202141041,’†‹–€ŒSº˜a’¬¼ğV“c,673-1,,
19384-0900-13.zip,202202141041,’†‹–€ŒSº˜a’¬¼ğV“c,673-2,,
19384-0900-13.zip,202202141041,’†‹–€ŒSº˜a’¬¼ğV“c,674-1,,
19384-0900-13.zip,202202141041,’†‹–€ŒSº˜a’¬¼ğV“c,674-2,,
19384-0900-13.zip,202202141041,’†‹–€ŒSº˜a’¬¼ğV“c,674-4,,
19384-0900-13.zip,202202141041,’†‹–€ŒSº˜a’¬¼ğV“c,674-5,,
19384-0900-13.zip,202202141041,’†‹–€ŒSº˜a’¬¼ğV“c,675-1,,
19384-0900-13.zip,202202141041,’†‹–€ŒSº˜a’¬¼ğV“c,675-4,,
19384-0900-13.zip,202202141041,’†‹–€ŒSº˜a’¬¼ğV“c,676-1,,
19384-0900-13.zip,202202141041,’†‹–€ŒSº˜a’¬¼ğV“c,676-4,,
19384-0900-13.zip,202202141041,’†‹–€ŒSº˜a’¬¼ğV“c,676-5,,
19384-0900-13.zip,202202141041,’†‹–€ŒSº˜a’¬¼ğV“c,676-6,,
19384-0900-13.zip,202202141041,’†‹–€ŒSº˜a’¬¼ğV“c,676-7,,
19384-0900-13.zip,202202141041,’†‹–€ŒSº˜a’¬¼ğV“c,677-1,,
19384-0900-13.zip,202202141041,’†‹–€ŒSº˜a’¬¼ğV“c,677-3,,
19384-0900-13.zip,202202141041,’†‹–€ŒSº˜a’¬¼ğV“c,677-4,,
19384-0900-13.zip,202202141041,’†‹–€ŒSº˜a’¬¼ğV“c,677-5,,
19384-0900-13.zip,202202141041,’†‹–€ŒSº˜a’¬¼ğV“c,677-7,,
19384-0900-13.zip,202202141041,’†‹–€ŒSº˜a’¬¼ğV“c,677-8,,
19384-0900-13.zip,202202141041,’†‹–€ŒSº˜a’¬¼ğV“c,677-11,,
19384-0900-13.zip,202202141041,’†‹–€ŒSº˜a’¬¼ğV“c,677-12,,
19384-0900-13.zip,202202141041,’†‹–€ŒSº˜a’¬¼ğV“c,677-13,,
19384-0900-13.zip,202202141041,’†‹–€ŒSº˜a’¬¼ğV“c,677-14,,
19384-0900-13.zip,202202141041,’†‹–€ŒSº˜a’¬¼ğV“c,677-15,,
19384-0900-13.zip,202202141041,’†‹–€ŒSº˜a’¬¼ğV“c,677-16,,
19384-0900-13.zip,202202141041,’†‹–€ŒSº˜a’¬¼ğV“c,677-17,,
19384-0900-13.zip,202202141041,’†‹–€ŒSº˜a’¬¼ğV“c,677-18,,
19384-0900-13.zip,202202141041,’†‹–€ŒSº˜a’¬¼ğV“c,677-19,,
19384-0900-13.zip,202202141041,’†‹–€ŒSº˜a’¬¼ğV“c,677-20,,
19384-0900-13.zip,202202141041,’†‹–€ŒSº˜a’¬¼ğV“c,678-1,,
19384-0900-13.zip,202202141041,’†‹–€ŒSº˜a’¬¼ğV“c,679-1,,
19384-0900-13.zip,202202141041,’†‹–€ŒSº˜a’¬¼ğV“c,679-6,,
19384-0900-13.zip,202202141041,’†‹–€ŒSº˜a’¬¼ğV“c,680-1,,
19384-0900-13.zip,202202141041,’†‹–€ŒSº˜a’¬¼ğV“c,680-3,,
19384-0900-13.zip,202202141041,’†‹–€ŒSº˜a’¬¼ğV“c,680-4,,
19384-0900-13.zip,202202141041,’†‹–€ŒSº˜a’¬¼ğV“c,681-1,,
19384-0900-13.zip,202202141041,’†‹–€ŒSº˜a’¬¼ğV“c,681-3,,
19384-0900-13.zip,202202141041,’†‹–€ŒSº˜a’¬¼ğV“c,681-5,,
19384-0900-13.zip,202202141041,’†‹–€ŒSº˜a’¬¼ğV“c,682-1,,
19384-0900-13.zip,202202141041,’†‹–€ŒSº˜a’¬¼ğV“c,682-3,,
19384-0900-13.zip,202202141041,’†‹–€ŒSº˜a’¬¼ğV“c,683,,
19384-0900-13.zip,202202141041,’†‹–€ŒSº˜a’¬¼ğV“c,684-2,,
19384-0900-13.zip,202202141041,’†‹–€ŒSº˜a’¬¼ğV“c,685-1,,
19384-0900-13.zip,202202141041,’†‹–€ŒSº˜a’¬¼ğV“c,685-4,,
19384-0900-13.zip,202202141041,’†‹–€ŒSº˜a’¬¼ğV“c,685-5,,
19384-0900-13.zip,202202141041,’†‹–€ŒSº˜a’¬¼ğV“c,685-6,,
19384-0900-13.zip,202202141041,’†‹–€ŒSº˜a’¬¼ğV“c,685-7,,
19384-0900-13.zip,202202141041,’†‹–€ŒSº˜a’¬¼ğV“c,685-8,,
19384-0900-13.zip,202202141041,’†‹–€ŒSº˜a’¬¼ğV“c,685-9,,
19384-0900-13.zip,202202141041,’†‹–€ŒSº˜a’¬¼ğV“c,687-1,,
19384-0900-13.zip,202202141041,’†‹–€ŒSº˜a’¬¼ğV“c,687-2,,
19384-0900-13.zip,202202141041,’†‹–€ŒSº˜a’¬¼ğV“c,687-4,,
19384-0900-13.zip,202202141041,’†‹–€ŒSº˜a’¬¼ğV“c,690-1,,
19384-0900-13.zip,202202141041,’†‹–€ŒSº˜a’¬¼ğV“c,690-2,,
19384-0900-13.zip,202202141041,’†‹–€ŒSº˜a’¬¼ğV“c,693-1,,
19384-0900-13.zip,202202141041,’†‹–€ŒSº˜a’¬¼ğV“c,696-1,,
19384-0900-13.zip,202202141041,’†‹–€ŒSº˜a’¬¼ğV“c,696-4,,
19384-0900-13.zip,202202141041,’†‹–€ŒSº˜a’¬¼ğV“c,696-7,,
19384-0900-13.zip,202202141041,’†‹–€ŒSº˜a’¬¼ğV“c,696-8,,
19384-0900-13.zip,202202141041,’†‹–€ŒSº˜a’¬¼ğV“c,696-9,,
19384-0900-13.zip,202202141041,’†‹–€ŒSº˜a’¬¼ğV“c,696-10,,
19384-0900-13.zip,202202141041,’†‹–€ŒSº˜a’¬¼ğV“c,697-1,,
19384-0900-13.zip,202202141041,’†‹–€ŒSº˜a’¬¼ğV“c,697-2,,
19384-0900-13.zip,202202141041,’†‹–€ŒSº˜a’¬¼ğV“c,697-3,,
19384-0900-13.zip,202202141041,’†‹–€ŒSº˜a’¬¼ğV“c,697-6,,
19384-0900-13.zip,202202141041,’†‹–€ŒSº˜a’¬¼ğV“c,697-8,,
19384-0900-13.zip,202202141041,’†‹–€ŒSº˜a’¬¼ğV“c,697-9,,
19384-0900-13.zip,202202141041,’†‹–€ŒSº˜a’¬¼ğV“c,697-10,,
19384-0900-13.zip,202202141041,’†‹–€ŒSº˜a’¬¼ğV“c,699-2,,
19384-0900-13.zip,202202141041,’†‹–€ŒSº˜a’¬¼ğV“c,700-1,,
19384-0900-13.zip,202202141041,’†‹–€ŒSº˜a’¬¼ğV“c,701-1,,
19384-0900-13.zip,202202141041,’†‹–€ŒSº˜a’¬¼ğV“c,701-2,,
19384-0900-13.zip,202202141041,’†‹–€ŒSº˜a’¬¼ğV“c,701-3,,
19384-0900-13.zip,202202141041,’†‹–€ŒSº˜a’¬¼ğV“c,702,,
19384-0900-13.zip,202202141041,’†‹–€ŒSº˜a’¬¼ğV“c,703,,
19384-0900-13.zip,202202141041,’†‹–€ŒSº˜a’¬¼ğV“c,704,,
19384-0900-13.zip,202202141041,’†‹–€ŒSº˜a’¬¼ğV“c,705-2,,
19384-0900-13.zip,202202141041,’†‹–€ŒSº˜a’¬¼ğV“c,705-3,,
19384-0900-13.zip,202202141041,’†‹–€ŒSº˜a’¬¼ğV“c,705-4,,
19384-0900-13.zip,202202141041,’†‹–€ŒSº˜a’¬¼ğV“c,706-2,,
19384-0900-13.zip,202202141041,’†‹–€ŒSº˜a’¬¼ğV“c,706-3,,
19384-0900-13.zip,202202141041,’†‹–€ŒSº˜a’¬¼ğV“c,706-4,,
19384-0900-13.zip,202202141041,’†‹–€ŒSº˜a’¬¼ğV“c,706-5,,
19384-0900-13.zip,202202141041,’†‹–€ŒSº˜a’¬¼ğV“c,707-1,,
19384-0900-13.zip,202202141041,’†‹–€ŒSº˜a’¬¼ğV“c,707-2,,
19384-0900-13.zip,202202141041,’†‹–€ŒSº˜a’¬¼ğV“c,707-4,,
19384-0900-13.zip,202202141041,’†‹–€ŒSº˜a’¬¼ğV“c,707-5,,
19384-0900-13.zip,202202141041,’†‹–€ŒSº˜a’¬¼ğV“c,712,,
19384-0900-13.zip,202202141041,’†‹–€ŒSº˜a’¬¼ğV“c,716-4,,
19384-0900-13.zip,202202141041,’†‹–€ŒSº˜a’¬¼ğV“c,716-5,,
19384-0900-13.zip,202202141041,’†‹–€ŒSº˜a’¬¼ğV“c,716-6,,
19384-0900-13.zip,202202141041,’†‹–€ŒSº˜a’¬¼ğV“c,717-2,,
19384-0900-13.zip,202202141041,’†‹–€ŒSº˜a’¬¼ğV“c,717-3,,
19384-0900-13.zip,202202141041,’†‹–€ŒSº˜a’¬¼ğV“c,717-4,,
19384-0900-13.zip,202202141041,’†‹–€ŒSº˜a’¬¼ğV“c,718-2,,
19384-0900-13.zip,202202141041,’†‹–€ŒSº˜a’¬¼ğV“c,718-3,,
19384-0900-13.zip,202202141041,’†‹–€ŒSº˜a’¬¼ğV“c,718-4,,
19384-0900-13.zip,202202141041,’†‹–€ŒSº˜a’¬¼ğV“c,719-3,,
19384-0900-13.zip,202202141041,’†‹–€ŒSº˜a’¬¼ğV“c,719-4,,
19384-0900-13.zip,202202141041,’†‹–€ŒSº˜a’¬¼ğV“c,719-5,,
19384-0900-13.zip,202202141041,’†‹–€ŒSº˜a’¬¼ğV“c,719-6,,
19384-0900-13.zip,202202141041,’†‹–€ŒSº˜a’¬¼ğV“c,719-8,,
19384-0900-13.zip,202202141041,’†‹–€ŒSº˜a’¬¼ğV“c,719-9,,
19384-0900-13.zip,202202141041,’†‹–€ŒSº˜a’¬¼ğV“c,720,,
19384-0900-13.zip,202202141041,’†‹–€ŒSº˜a’¬¼ğV“c,721,,
19384-0900-13.zip,202202141041,’†‹–€ŒSº˜a’¬¼ğV“c,722,,
19384-0900-13.zip,202202141041,’†‹–€ŒSº˜a’¬¼ğV“c,723-1,,
19384-0900-13.zip,202202141041,’†‹–€ŒSº˜a’¬¼ğV“c,723-2,,
19384-0900-13.zip,202202141041,’†‹–€ŒSº˜a’¬¼ğV“c,723-3,,
19384-0900-13.zip,202202141041,’†‹–€ŒSº˜a’¬¼ğV“c,724-1,,
19384-0900-13.zip,202202141041,’†‹–€ŒSº˜a’¬¼ğV“c,724-2,,
19384-0900-13.zip,202202141041,’†‹–€ŒSº˜a’¬¼ğV“c,724-3,,
19384-0900-13.zip,202202141041,’†‹–€ŒSº˜a’¬¼ğV“c,724-4,,
19384-0900-13.zip,202202141041,’†‹–€ŒSº˜a’¬¼ğV“c,725-3,,
19384-0900-13.zip,202202141041,’†‹–€ŒSº˜a’¬¼ğV“c,725-4,,
19384-0900-13.zip,202202141041,’†‹–€ŒSº˜a’¬¼ğV“c,725-5,,
19384-0900-13.zip,202202141041,’†‹–€ŒSº˜a’¬¼ğV“c,725-6,,
19384-0900-13.zip,202202141041,’†‹–€ŒSº˜a’¬¼ğV“c,726-2,,
19384-0900-13.zip,202202141041,’†‹–€ŒSº˜a’¬¼ğV“c,“¹-114,,
19384-0900-13.zip,202202141041,’†‹–€ŒSº˜a’¬¼ğV“c,…-104,,
19384-0900-13.zip,202202141041,’†‹–€ŒSº˜a’¬¼ğV“c,…-115,,
19384-0900-13.zip,202202141041,’†‹–€ŒSº˜a’¬¼ğV“c,671-2,,
19384-0900-13.zip,202202141041,’†‹–€ŒSº˜a’¬¼ğV“c,672-3,,
19384-0900-13.zip,202202141041,’†‹–€ŒSº˜a’¬¼ğV“c,672-4,,
19384-0900-13.zip,202202141041,’†‹–€ŒSº˜a’¬¼ğV“c,674-3,,
19384-0900-13.zip,202202141041,’†‹–€ŒSº˜a’¬¼ğV“c,674-6,,
19384-0900-13.zip,202202141041,’†‹–€ŒSº˜a’¬¼ğV“c,674-7,,
19384-0900-13.zip,202202141041,’†‹–€ŒSº˜a’¬¼ğV“c,675-3,,
19384-0900-13.zip,202202141041,’†‹–€ŒSº˜a’¬¼ğV“c,676-3,,
19384-0900-13.zip,202202141041,’†‹–€ŒSº˜a’¬¼ğV“c,687-3,,
19384-0900-13.zip,202202141041,’†‹–€ŒSº˜a’¬¼ğV“c,687-5,,
19384-0900-13.zip,202202141041,’†‹–€ŒSº˜a’¬¼ğV“c,688-2,,
19384-0900-13.zip,202202141041,’†‹–€ŒSº˜a’¬¼ğV“c,689-3,,
19384-0900-13.zip,202202141041,’†‹–€ŒSº˜a’¬¼ğV“c,689-4,,
19384-0900-13.zip,202202141041,’†‹–€ŒSº˜a’¬¼ğV“c,725-2,,
19384-0900-13.zip,202202141041,’†‹–€ŒSº˜a’¬¼ğV“c,726-3,,
19384-0900-13.zip,202202141041,’†‹–€ŒSº˜a’¬¼ğV“c,824-1,,
19384-0900-13.zip,202202141041,’†‹–€ŒSº˜a’¬¼ğV“c,824-10,,
19384-0900-13.zip,202202141041,’†‹–€ŒSº˜a’¬¼ğV“c,824-7,,
19384-0900-13.zip,202202141041,’†‹–€ŒSº˜a’¬¼ğV“c,821-1,,
19384-0900-13.zip,202202141041,’†‹–€ŒSº˜a’¬¼ğV“c,89-4,,
19384-0900-13.zip,202202141041,’†‹–€ŒSº˜a’¬¼ğV“c,89-1,,
19384-0900-13.zip,202202141041,’†‹–€ŒSº˜a’¬¼ğV“c,89-2,,
19384-0900-13.zip,202202141041,’†‹–€ŒSº˜a’¬¼ğV“c,876-1,,
19384-0900-13.zip,202202141041,’†‹–€ŒSº˜a’¬¼ğV“c,886-1,,
19384-0900-13.zip,202202141041,’†‹–€ŒSº˜a’¬¼ğV“c,886-2,,
19384-0900-13.zip,202202141041,’†‹–€ŒSº˜a’¬¼ğV“c,“¹-108,,
19384-0900-13.zip,202202141041,’†‹–€ŒSº˜a’¬¼ğV“c,876-2,,
19384-0900-13.zip,202202141041,’†‹–€ŒSº˜a’¬¼ğV“c,876-4,,
19384-0900-13.zip,202202141041,’†‹–€ŒSº˜a’¬¼ğV“c,876-3,,
19384-0900-13.zip,202202141041,’†‹–€ŒSº˜a’¬¼ğV“c,878-3,,
19384-0900-13.zip,202202141041,’†‹–€ŒSº˜a’¬¼ğV“c,878-1,,
19384-0900-13.zip,202202141041,’†‹–€ŒSº˜a’¬¼ğV“c,878-2,,
19384-0900-13.zip,202202141041,’†‹–€ŒSº˜a’¬¼ğV“c,878-4,,
19384-0900-13.zip,202202141041,’†‹–€ŒSº˜a’¬¼ğV“c,876-5,,
19384-0900-13.zip,202202141041,’†‹–€ŒSº˜a’¬¼ğV“c,884-2,,
19384-0900-13.zip,202202141041,’†‹–€ŒSº˜a’¬¼ğV“c,884-1,,
19384-0900-13.zip,202202141041,’†‹–€ŒSº˜a’¬¼ğV“c,867-8,,
19384-0900-13.zip,202202141041,’†‹–€ŒSº˜a’¬¼ğV“c,856-2,,
19384-0900-13.zip,202202141041,’†‹–€ŒSº˜a’¬¼ğV“c,856-3,,
19384-0900-13.zip,202202141041,’†‹–€ŒSº˜a’¬¼ğV“c,856-4,,
19384-0900-13.zip,202202141041,’†‹–€ŒSº˜a’¬¼ğV“c,“¹-106,,
19384-0900-13.zip,202202141041,’†‹–€ŒSº˜a’¬¼ğV“c,857-2,,
19384-0900-13.zip,202202141041,’†‹–€ŒSº˜a’¬¼ğV“c,857-6,,
19384-0900-13.zip,202202141041,’†‹–€ŒSº˜a’¬¼ğV“c,857-1,,
19384-0900-13.zip,202202141041,’†‹–€ŒSº˜a’¬¼ğV“c,850-8,,
19384-0900-13.zip,202202141041,’†‹–€ŒSº˜a’¬¼ğV“c,…-106-3,,
19384-0900-13.zip,202202141041,’†‹–€ŒSº˜a’¬¼ğV“c,857-4,,
19384-0900-13.zip,202202141041,’†‹–€ŒSº˜a’¬¼ğV“c,649-16,,
19384-0900-13.zip,202202141041,’†‹–€ŒSº˜a’¬¼ğV“c,649-7,,
19384-0900-13.zip,202202141041,’†‹–€ŒSº˜a’¬¼ğV“c,649-11,,
19384-0900-13.zip,202202141041,’†‹–€ŒSº˜a’¬¼ğV“c,649-6,,
19384-0900-13.zip,202202141041,’†‹–€ŒSº˜a’¬¼ğV“c,649-15,,
19384-0900-13.zip,202202141041,’†‹–€ŒSº˜a’¬¼ğV“c,697-12,,
19384-0900-13.zip,202202141041,’†‹–€ŒSº˜a’¬¼ğV“c,697-14,,
19384-0900-13.zip,202202141041,’†‹–€ŒSº˜a’¬¼ğV“c,697-13,,
19384-0900-13.zip,202202141041,’†‹–€ŒSº˜a’¬¼ğV“c,697-11,,
19384-0900-13.zip,202202141041,’†‹–€ŒSº˜a’¬¼ğV“c,697-7,,
19384-0900-13.zip,202202141041,’†‹–€ŒSº˜a’¬¼ğV“c,850-1,,
19384-0900-13.zip,202202141041,’†‹–€ŒSº˜a’¬¼ğV“c,856-1,,
19384-0900-13.zip,202202141041,’†‹–€ŒSº˜a’¬¼ğV“c,856-5,,
19384-0900-13.zip,202202141041,’†‹–€ŒSº˜a’¬¼ğV“c,850-11,,
19384-0900-13.zip,202202141041,’†‹–€ŒSº˜a’¬¼ğV“c,850-12,,
19384-0900-13.zip,202202141041,’†‹–€ŒSº˜a’¬¼ğV“c,850-13,,
19384-0900-13.zip,202202141041,’†‹–€ŒSº˜a’¬¼ğV“c,850-14,,
19384-0900-13.zip,202202141041,’†‹–€ŒSº˜a’¬¼ğV“c,744-2,,
19384-0900-13.zip,202202141041,’†‹–€ŒSº˜a’¬¼ğV“c,“¹-117,,
19384-0900-13.zip,202202141041,’†‹–€ŒSº˜a’¬¼ğV“c,742-2,,
19384-0900-13.zip,202202141041,’†‹–€ŒSº˜a’¬¼ğV“c,742-3,,
19384-0900-13.zip,202202141041,’†‹–€ŒSº˜a’¬¼ğV“c,742-4,,
19384-0900-13.zip,202202141041,’†‹–€ŒSº˜a’¬¼ğV“c,742-1,,
19384-0900-13.zip,202202141041,’†‹–€ŒSº˜a’¬¼ğV“c,746-1,,
19384-0900-13.zip,202202141041,’†‹–€ŒSº˜a’¬¼ğV“c,744-3,,
19384-0900-13.zip,202202141041,’†‹–€ŒSº˜a’¬¼ğV“c,744-1,,
19384-0900-13.zip,202202141041,’†‹–€ŒSº˜a’¬¼ğV“c,“¹-2-2,,
19384-0900-13.zip,202202141041,’†‹–€ŒSº˜a’¬¼ğV“c,824-8,,
19384-0900-13.zip,202202141041,’†‹–€ŒSº˜a’¬¼ğV“c,357-4,,
19384-0900-13.zip,202202141041,’†‹–€ŒSº˜a’¬¼ğV“c,…-124-1,,
19384-0900-13.zip,202202141041,’†‹–€ŒSº˜a’¬¼ğV“c,361-2,,
19384-0900-13.zip,202202141041,’†‹–€ŒSº˜a’¬¼ğV“c,95-2,,
19384-0900-13.zip,202202141041,’†‹–€ŒSº˜a’¬¼ğV“c,95-3,,
19384-0900-13.zip,202202141041,’†‹–€ŒSº˜a’¬¼ğV“c,108-2,,
19384-0900-13.zip,202202141041,’†‹–€ŒSº˜a’¬¼ğV“c,108-4,,
19384-0900-13.zip,202202141041,’†‹–€ŒSº˜a’¬¼ğV“c,108-3,,
19384-0900-13.zip,202202141041,’†‹–€ŒSº˜a’¬¼ğV“c,824-4,,
19384-0900-13.zip,202202141041,’†‹–€ŒSº˜a’¬¼ğV“c,824-11,,
19384-0900-13.zip,202202141041,’†‹–€ŒSº˜a’¬¼ğV“c,824-9,,
19384-0900-13.zip,202202141041,’†‹–€ŒSº˜a’¬¼ğV“c,823-5,,
19384-0900-13.zip,202202141041,’†‹–€ŒSº˜a’¬¼ğV“c,823-3,,
19384-0900-13.zip,202202141041,’†‹–€ŒSº˜a’¬¼ğV“c,823-4,,
19384-0900-13.zip,202202141041,’†‹–€ŒSº˜a’¬¼ğV“c,817-1,,
19384-0900-13.zip,202202141041,’†‹–€ŒSº˜a’¬¼ğV“c,817-5,,
19384-0900-13.zip,202202141041,’†‹–€ŒSº˜a’¬¼ğV“c,“¹-6-1,,
19384-0900-13.zip,202202141041,’†‹–€ŒSº˜a’¬¼ğV“c,900-2,,
19384-0900-13.zip,202202141041,’†‹–€ŒSº˜a’¬¼ğV“c,206-3,,
19384-0900-13.zip,202202141041,’†‹–€ŒSº˜a’¬¼ğV“c,206-4,,
19384-0900-13.zip,202202141041,’†‹–€ŒSº˜a’¬¼ğV“c,206-1,,
19384-0900-13.zip,202202141041,’†‹–€ŒSº˜a’¬¼ğV“c,“¹-116,,
19384-0900-13.zip,202202141041,’†‹–€ŒSº˜a’¬¼ğV“c,…-105,,
19384-0900-13.zip,202202141041,’†‹–€ŒSº˜a’¬¼ğV“c,207-1,,
19384-0900-13.zip,202202141041,’†‹–€ŒSº˜a’¬¼ğV“c,207-4,,
19384-0900-13.zip,202202141041,’†‹–€ŒSº˜a’¬¼ğV“c,207-3,,
19384-0900-13.zip,202202141041,’†‹–€ŒSº˜a’¬¼ğV“c,207-2,,
19384-0900-13.zip,202202141041,’†‹–€ŒSº˜a’¬¼ğV“c,489-11,,
19384-0900-13.zip,202202141041,’†‹–€ŒSº˜a’¬¼ğV“c,489-28,,
19384-0900-13.zip,202202141041,’†‹–€ŒSº˜a’¬¼ğV“c,489-27,,
19384-0900-13.zip,202202141041,’†‹–€ŒSº˜a’¬¼ğV“c,492-7,,
19384-0900-13.zip,202202141041,’†‹–€ŒSº˜a’¬¼ğV“c,492-6,,
19384-0900-13.zip,202202141041,’†‹–€ŒSº˜a’¬¼ğV“c,…-21,,
19384-0900-13.zip,202202141041,’†‹–€ŒSº˜a’¬¼ğV“c,489-14,,
19384-0900-13.zip,202202141041,’†‹–€ŒSº˜a’¬¼ğV“c,489-13,,
19384-0900-13.zip,202202141041,’†‹–€ŒSº˜a’¬¼ğV“c,342-9,,
19384-0900-13.zip,202202141041,’†‹–€ŒSº˜a’¬¼ğV“c,240-1,,
19384-0900-13.zip,202202141041,’†‹–€ŒSº˜a’¬¼ğV“c,240-3,,
19384-0900-13.zip,202202141041,’†‹–€ŒSº˜a’¬¼ğV“c,240-2,,
19384-0900-13.zip,202202141041,’†‹–€ŒSº˜a’¬¼ğV“c,…-124,,
19384-0900-13.zip,202202141041,’†‹–€ŒSº˜a’¬¼ğV“c,343-2,,
19384-0900-13.zip,202202141041,’†‹–€ŒSº˜a’¬¼ğV“c,344-4,,
19384-0900-13.zip,202202141041,’†‹–€ŒSº˜a’¬¼ğV“c,344-6,,
19384-0900-13.zip,202202141041,’†‹–€ŒSº˜a’¬¼ğV“c,353-2,,
19384-0900-13.zip,202202141041,’†‹–€ŒSº˜a’¬¼ğV“c,344-7,,
19384-0900-13.zip,202202141041,’†‹–€ŒSº˜a’¬¼ğV“c,344-5,,
19384-0900-13.zip,202202141041,’†‹–€ŒSº˜a’¬¼ğV“c,353-3,,
19384-0900-13.zip,202202141041,’†‹–€ŒSº˜a’¬¼ğV“c,344-9,,
19384-0900-13.zip,202202141041,’†‹–€ŒSº˜a’¬¼ğV“c,344-1,,
19384-0900-13.zip,202202141041,’†‹–€ŒSº˜a’¬¼ğV“c,344-10,,
19384-0900-13.zip,202202141041,’†‹–€ŒSº˜a’¬¼ğV“c,342-13,,
19384-0900-13.zip,202202141041,’†‹–€ŒSº˜a’¬¼ğV“c,344-3,,
19384-0900-13.zip,202202141041,’†‹–€ŒSº˜a’¬¼ğV“c,344-8,,
19384-0900-13.zip,202202141041,’†‹–€ŒSº˜a’¬¼ğV“c,342-11,,
19384-0900-13.zip,202202141041,’†‹–€ŒSº˜a’¬¼ğV“c,332-2,,
19384-0900-13.zip,202202141041,’†‹–€ŒSº˜a’¬¼ğV“c,337-2,,
19384-0900-13.zip,202202141041,’†‹–€ŒSº˜a’¬¼ğV“c,346-4,,
19384-0900-13.zip,202202141041,’†‹–€ŒSº˜a’¬¼ğV“c,354-1,,
19384-0900-13.zip,202202141041,’†‹–€ŒSº˜a’¬¼ğV“c,342-14,,
19384-0900-13.zip,202202141041,’†‹–€ŒSº˜a’¬¼ğV“c,…-124a,,
19384-0900-13.zip,202202141041,’†‹–€ŒSº˜a’¬¼ğV“c,531-2,,
19384-0900-13.zip,202202141041,’†‹–€ŒSº˜a’¬¼ğV“c,531-1,,
19384-0900-13.zip,202202141041,’†‹–€ŒSº˜a’¬¼ğV“c,527-1,,
19384-0900-13.zip,202202141041,’†‹–€ŒSº˜a’¬¼ğV“c,534-4,,
19384-0900-13.zip,202202141041,’†‹–€ŒSº˜a’¬¼ğV“c,534-1,,
19384-0900-13.zip,202202141041,’†‹–€ŒSº˜a’¬¼ğV“c,534-3,,
19384-0900-13.zip,202202141041,’†‹–€ŒSº˜a’¬¼ğV“c,536-12,,
19384-0900-13.zip,202202141041,’†‹–€ŒSº˜a’¬¼ğV“c,…-15,,
19384-0900-13.zip,202202141041,’†‹–€ŒSº˜a’¬¼ğV“c,534-2,,
19384-0900-13.zip,202202141041,’†‹–€ŒSº˜a’¬¼ğV“c,331-4,,
19384-0900-13.zip,202202141041,’†‹–€ŒSº˜a’¬¼ğV“c,326-13,,
19384-0900-13.zip,202202141041,’†‹–€ŒSº˜a’¬¼ğV“c,319-6,,
19384-0900-13.zip,202202141041,’†‹–€ŒSº˜a’¬¼ğV“c,319-4,,
19384-0900-13.zip,202202141041,’†‹–€ŒSº˜a’¬¼ğV“c,319-3,,
19384-0900-13.zip,202202141041,’†‹–€ŒSº˜a’¬¼ğV“c,319-5,,
19384-0900-13.zip,202202141041,’†‹–€ŒSº˜a’¬¼ğV“c,319-1,,
19384-0900-13.zip,202202141041,’†‹–€ŒSº˜a’¬¼ğV“c,326-14,,
19384-0900-13.zip,202202141041,’†‹–€ŒSº˜a’¬¼ğV“c,326-23,,
19384-0900-13.zip,202202141041,’†‹–€ŒSº˜a’¬¼ğV“c,326-17,,
19384-0900-13.zip,202202141041,’†‹–€ŒSº˜a’¬¼ğV“c,326-8,,
19384-0900-13.zip,202202141041,’†‹–€ŒSº˜a’¬¼ğV“c,326-7,,
19384-0900-13.zip,202202141041,’†‹–€ŒSº˜a’¬¼ğV“c,326-2,,
19384-0900-13.zip,202202141041,’†‹–€ŒSº˜a’¬¼ğV“c,326-4,,
19384-0900-13.zip,202202141041,’†‹–€ŒSº˜a’¬¼ğV“c,326-3,,
19384-0900-13.zip,202202141041,’†‹–€ŒSº˜a’¬¼ğV“c,326-6,,
19384-0900-13.zip,202202141041,’†‹–€ŒSº˜a’¬¼ğV“c,326-5,,
19384-0900-13.zip,202202141041,’†‹–€ŒSº˜a’¬¼ğV“c,326-19,,
19384-0900-13.zip,202202141041,’†‹–€ŒSº˜a’¬¼ğV“c,326-15,,
19384-0900-13.zip,202202141041,’†‹–€ŒSº˜a’¬¼ğV“c,342-2,,
19384-0900-13.zip,202202141041,’†‹–€ŒSº˜a’¬¼ğV“c,342-15,,
19384-0900-13.zip,202202141041,’†‹–€ŒSº˜a’¬¼ğV“c,342-17,,
19384-0900-13.zip,202202141041,’†‹–€ŒSº˜a’¬¼ğV“c,342-18,,
19384-0900-13.zip,202202141041,’†‹–€ŒSº˜a’¬¼ğV“c,319-2,,
19384-0900-13.zip,202202141041,’†‹–€ŒSº˜a’¬¼ğV“c,’·‹·•¨•s–¾-2,,
19384-0900-13.zip,202202141041,’†‹–€ŒSº˜a’¬¼ğV“c,326-1,,
19384-0900-13.zip,202202141041,’†‹–€ŒSº˜a’¬¼ğV“c,331-1,,
19384-0900-13.zip,202202141041,’†‹–€ŒSº˜a’¬¼ğV“c,326-22,,
19384-0900-13.zip,202202141041,’†‹–€ŒSº˜a’¬¼ğV“c,326-16,,
19384-0900-13.zip,202202141041,’†‹–€ŒSº˜a’¬¼ğV“c,326-18,,
19384-0900-13.zip,202202141041,’†‹–€ŒSº˜a’¬¼ğV“c,326-21,,
19384-0900-13.zip,202202141041,’†‹–€ŒSº˜a’¬¼ğV“c,342-19,,
19384-0900-13.zip,202202141041,’†‹–€ŒSº˜a’¬¼ğV“c,346-7,,
19384-0900-13.zip,202202141041,’†‹–€ŒSº˜a’¬¼ğV“c,346-1,,
19384-0900-13.zip,202202141041,’†‹–€ŒSº˜a’¬¼ğV“c,346-5,,
19384-0900-13.zip,202202141041,’†‹–€ŒSº˜a’¬¼ğV“c,346-6,,
19384-0900-13.zip,202202141041,’†‹–€ŒSº˜a’¬¼ğV“c,346-8,,
19384-0900-13.zip,202202141041,’†‹–€ŒSº˜a’¬¼ğV“c,347-3,,
19384-0900-13.zip,202202141041,’†‹–€ŒSº˜a’¬¼ğV“c,346-3,,
19384-0900-13.zip,202202141041,’†‹–€ŒSº˜a’¬¼ğV“c,342-20,,
19384-0900-13.zip,202202141041,’†‹–€ŒSº˜a’¬¼ğV“c,342-16,,
19384-0900-13.zip,202202141041,’†‹–€ŒSº˜a’¬¼ğV“c,342-12,,
19384-0900-13.zip,202202141041,’†‹–€ŒSº˜a’¬¼ğV“c,326-26,,
19384-0900-13.zip,202202141041,’†‹–€ŒSº˜a’¬¼ğV“c,326-25,,
19384-0900-13.zip,202202141041,’†‹–€ŒSº˜a’¬¼ğV“c,…-12b,,
19384-0900-13.zip,202202141041,’†‹–€ŒSº˜a’¬¼ğV“c,326-24,,
19384-0900-13.zip,202202141041,’†‹–€ŒSº˜a’¬¼ğV“c,…-12,,
19384-0900-13.zip,202202141041,’†‹–€ŒSº˜a’¬¼ğV“c,342-21,,
19384-0900-13.zip,202202141041,’†‹–€ŒSº˜a’¬¼ğV“c,342-22,,
19384-0900-13.zip,202202141041,’†‹–€ŒSº˜a’¬¼ğV“c,…-7a,,
19384-0900-13.zip,202202141041,’†‹–€ŒSº˜a’¬¼ğV“c,319-9,,
19384-0900-13.zip,202202141041,’†‹–€ŒSº˜a’¬¼ğV“c,326-27,,
19384-0900-13.zip,202202141041,’†‹–€ŒSº˜a’¬¼ğV“c,…-7,,
19384-0900-13.zip,202202141041,’†‹–€ŒSº˜a’¬¼ğV“c,319-7,,
19384-0900-13.zip,202202141041,’†‹–€ŒSº˜a’¬¼ğV“c,…-7b,,
19384-0900-13.zip,202202141041,’†‹–€ŒSº˜a’¬¼ğV“c,319-8,,
19384-0900-13.zip,202202141041,’†‹–€ŒSº˜a’¬¼ğV“c,…-12a,,
19384-0900-13.zip,202202141041,’†‹–€ŒSº˜a’¬¼ğV“c,326-31,,
19384-0900-13.zip,202202141041,’†‹–€ŒSº˜a’¬¼ğV“c,326-11,,
19384-0900-13.zip,202202141041,’†‹–€ŒSº˜a’¬¼ğV“c,326-20,,
19384-0900-13.zip,202202141041,’†‹–€ŒSº˜a’¬¼ğV“c,686-1,,
19384-0900-13.zip,202202141041,’†‹–€ŒSº˜a’¬¼ğV“c,686-4,,
19384-0900-13.zip,202202141041,’†‹–€ŒSº˜a’¬¼ğV“c,695,,
19384-0900-13.zip,202202141041,’†‹–€ŒSº˜a’¬¼ğV“c,204-2,,
19384-0900-13.zip,202202141041,’†‹–€ŒSº˜a’¬¼ğV“c,204-1,,
19384-0900-13.zip,202202141041,’†‹–€ŒSº˜a’¬¼ğV“c,326-9,,
19384-0900-13.zip,202202141041,’†‹–€ŒSº˜a’¬¼ğV“c,321-3,,
19384-0900-13.zip,202202141041,’†‹–€ŒSº˜a’¬¼ğV“c,321-1,,
19384-0900-13.zip,202202141041,’†‹–€ŒSº˜a’¬¼ğV“c,325-2,,
19384-0900-13.zip,202202141041,’†‹–€ŒSº˜a’¬¼ğV“c,325-1,,
19384-0900-13.zip,202202141041,’†‹–€ŒSº˜a’¬¼ğV“c,331-5,,
19384-0900-13.zip,202202141041,’†‹–€ŒSº˜a’¬¼ğV“c,331-2,,
19384-0900-13.zip,202202141041,’†‹–€ŒSº˜a’¬¼ğV“c,…-12-1,,
19384-0900-13.zip,202202141041,’†‹–€ŒSº˜a’¬¼ğV“c,35-2,,
19384-0900-13.zip,202202141041,’†‹–€ŒSº˜a’¬¼ğV“c,36-2,,
19384-0900-13.zip,202202141041,’†‹–€ŒSº˜a’¬¼ğV“c,37-2,,
19384-0900-13.zip,202202141041,’†‹–€ŒSº˜a’¬¼ğV“c,59-2,,
19384-0900-13.zip,202202141041,’†‹–€ŒSº˜a’¬¼ğV“c,60-2,,
19384-0900-13.zip,202202141041,’†‹–€ŒSº˜a’¬¼ğV“c,184-2,,
19384-0900-13.zip,202202141041,’†‹–€ŒSº˜a’¬¼ğV“c,184-4,,
19384-0900-13.zip,202202141041,’†‹–€ŒSº˜a’¬¼ğV“c,184-3,,
19384-0900-13.zip,202202141041,’†‹–€ŒSº˜a’¬¼ğV“c,237-2,,
19384-0900-13.zip,202202141041,’†‹–€ŒSº˜a’¬¼ğV“c,237-3,,
19384-0900-13.zip,202202141041,’†‹–€ŒSº˜a’¬¼ğV“c,237-1,,
19384-0900-13.zip,202202141041,’†‹–€ŒSº˜a’¬¼ğV“c,239-1,,
19384-0900-13.zip,202202141041,’†‹–€ŒSº˜a’¬¼ğV“c,239-2,,
19384-0900-13.zip,202202141041,’†‹–€ŒSº˜a’¬¼ğV“c,2-1,,
19384-0900-13.zip,202202141041,’†‹–€ŒSº˜a’¬¼ğV“c,2-4,,
19384-0900-13.zip,202202141041,’†‹–€ŒSº˜a’¬¼ğV“c,1-2,,
19384-0900-13.zip,202202141041,’†‹–€ŒSº˜a’¬¼ğV“c,2-2,,
19384-0900-13.zip,202202141041,’†‹–€ŒSº˜a’¬¼ğV“c,2-3,,
19384-0900-13.zip,202202141041,’†‹–€ŒSº˜a’¬¼ğV“c,…-126,,
19384-0900-13.zip,202202141041,’†‹–€ŒSº˜a’¬¼ğV“c,368-1,,
19384-0900-13.zip,202202141041,’†‹–€ŒSº˜a’¬¼ğV“c,369-1,,
19384-0900-13.zip,202202141041,’†‹–€ŒSº˜a’¬¼ğV“c,36-3,,
19384-0900-13.zip,202202141041,’†‹–€ŒSº˜a’¬¼ğV“c,“¹-9,,
19384-0900-13.zip,202202141041,’†‹–€ŒSº˜a’¬¼ğV“c,…-3,,
19384-0900-13.zip,202202141041,’†‹–€ŒSº˜a’¬¼ğV“c,36-4,,
19384-0900-13.zip,202202141041,’†‹–€ŒSº˜a’¬¼ğV“c,…-23,,
19384-0900-13.zip,202202141041,’†‹–€ŒSº˜a’¬¼ğV“c,59-3,,
19384-0900-13.zip,202202141041,’†‹–€ŒSº˜a’¬¼ğV“c,“¹-12,,
19384-0900-13.zip,202202141041,’†‹–€ŒSº˜a’¬¼ğV“c,60-3,,
19384-0900-13.zip,202202141041,’†‹–€ŒSº˜a’¬¼ğV“c,…-110-1,,
19384-0900-13.zip,202202141041,’†‹–€ŒSº˜a’¬¼ğV“c,693-8,,
19384-0900-13.zip,202202141041,’†‹–€ŒSº˜a’¬¼ğV“c,693-6,,
19384-0900-13.zip,202202141041,’†‹–€ŒSº˜a’¬¼ğV“c,693-5,,
19384-0900-13.zip,202202141041,’†‹–€ŒSº˜a’¬¼ğV“c,693-4,,
19384-0900-13.zip,202202141041,’†‹–€ŒSº˜a’¬¼ğV“c,693-2,,
19384-0900-13.zip,202202141041,’†‹–€ŒSº˜a’¬¼ğV“c,693-3,,
19384-0900-13.zip,202202141041,’†‹–€ŒSº˜a’¬¼ğV“c,“¹-109,,
19384-0900-13.zip,202202141041,’†‹–€ŒSº˜a’¬¼ğV“c,“¹-109-1,,
19384-0900-13.zip,202202141041,’†‹–€ŒSº˜a’¬¼ğV“c,…-110,,
19384-0900-13.zip,202202141041,’†‹–€ŒSº˜a’¬¼ğV“c,719-1,,
19384-0900-13.zip,202202141041,’†‹–€ŒSº˜a’¬¼ğV“c,719-10,,
19384-0900-13.zip,202202141041,’†‹–€ŒSº˜a’¬¼ğV“c,719-7,,
19384-0900-13.zip,202202141041,’†‹–€ŒSº˜a’¬¼ğV“c,719-2,,
19384-0900-13.zip,202202141041,’†‹–€ŒSº˜a’¬¼ğV“c,719-11,,
19384-0900-13.zip,202202141041,’†‹–€ŒSº˜a’¬¼ğV“c,693-7,,
19384-0900-13.zip,202202141041,’†‹–€ŒSº˜a’¬¼ğV“c,368-5,,
19384-0900-13.zip,202202141041,’†‹–€ŒSº˜a’¬¼ğV“c,368-4,,
19384-0900-13.zip,202202141041,’†‹–€ŒSº˜a’¬¼ğV“c,369-5,,
19384-0900-13.zip,202202141041,’†‹–€ŒSº˜a’¬¼ğV“c,369-6,,
19384-0900-13.zip,202202141041,’†‹–€ŒSº˜a’¬¼ğV“c,…-13,,
19384-0900-13.zip,202202141041,’†‹–€ŒSº˜a’¬¼ğV“c,369-4,,
19384-0900-13.zip,202202141041,’†‹–€ŒSº˜a’¬¼ğV“c,220-2,,
19384-0900-13.zip,202202141041,’†‹–€ŒSº˜a’¬¼ğV“c,209-2,,
19384-0900-13.zip,202202141041,’†‹–€ŒSº˜a’¬¼ğV“c,224-2,,
19384-0900-13.zip,202202141041,’†‹–€ŒSº˜a’¬¼ğV“c,222-1,,
19384-0900-13.zip,202202141041,’†‹–€ŒSº˜a’¬¼ğV“c,225-1,,
19384-0900-13.zip,202202141041,’†‹–€ŒSº˜a’¬¼ğV“c,…-106-2,,
19384-0900-13.zip,202202141041,’†‹–€ŒSº˜a’¬¼ğV“c,906-1,,
19384-0900-13.zip,202202141041,’†‹–€ŒSº˜a’¬¼ğV“c,909-3,,
19384-0900-13.zip,202202141041,’†‹–€ŒSº˜a’¬¼ğV“c,909-1,,
19384-0900-13.zip,202202141041,’†‹–€ŒSº˜a’¬¼ğV“c,909-5,,
19384-0900-13.zip,202202141041,’†‹–€ŒSº˜a’¬¼ğV“c,’·‹·•¨•s–¾-12,,
19384-0900-13.zip,202202141041,’†‹–€ŒSº˜a’¬¼ğV“c,909-4,,
19384-0900-13.zip,202202141041,’†‹–€ŒSº˜a’¬¼ğV“c,771-1,,
19384-0900-13.zip,202202141041,’†‹–€ŒSº˜a’¬¼ğV“c,771-3,,
19384-0900-13.zip,202202141041,’†‹–€ŒSº˜a’¬¼ğV“c,771-2,,
19384-0900-13.zip,202202141041,’†‹–€ŒSº˜a’¬¼ğV“c,766-2,,
19384-0900-13.zip,202202141041,’†‹–€ŒSº˜a’¬¼ğV“c,769-1,,
19384-0900-13.zip,202202141041,’†‹–€ŒSº˜a’¬¼ğV“c,769-2,,
19384-0900-13.zip,202202141041,’†‹–€ŒSº˜a’¬¼ğV“c,914-1,,
19384-0900-13.zip,202202141041,’†‹–€ŒSº˜a’¬¼ğV“c,914-5,,
19384-0900-13.zip,202202141041,’†‹–€ŒSº˜a’¬¼ğV“c,914-4,,
19384-0900-13.zip,202202141041,’†‹–€ŒSº˜a’¬¼ğV“c,914-2,,
19384-0900-13.zip,202202141041,’†‹–€ŒSº˜a’¬¼ğV“c,…-50-1,,
19384-0900-13.zip,202202141041,’†‹–€ŒSº˜a’¬¼ğV“c,914-3,,
19384-0900-13.zip,202202141041,’†‹–€ŒSº˜a’¬¼ğV“c,914-6,,
19384-0900-13.zip,202202141041,’†‹–€ŒSº˜a’¬¼ğV“c,769-3,,
19384-0900-13.zip,202202141041,’†‹–€ŒSº˜a’¬¼ğV“c,…-50,,
19384-0900-13.zip,202202141041,’†‹–€ŒSº˜a’¬¼ğV“c,211-10,,
19384-0900-13.zip,202202141041,’†‹–€ŒSº˜a’¬¼ğV“c,209-3,,
19384-0900-13.zip,202202141041,’†‹–€ŒSº˜a’¬¼ğV“c,209-10,,
19384-0900-13.zip,202202141041,’†‹–€ŒSº˜a’¬¼ğV“c,209-1,,
19384-0900-13.zip,202202141041,’†‹–€ŒSº˜a’¬¼ğV“c,209-9,,
19384-0900-13.zip,202202141041,’†‹–€ŒSº˜a’¬¼ğV“c,213-10,,
19384-0900-13.zip,202202141041,’†‹–€ŒSº˜a’¬¼ğV“c,213-8,,
19384-0900-13.zip,202202141041,’†‹–€ŒSº˜a’¬¼ğV“c,211-5,,
19384-0900-13.zip,202202141041,’†‹–€ŒSº˜a’¬¼ğV“c,211-4,,
19384-0900-13.zip,202202141041,’†‹–€ŒSº˜a’¬¼ğV“c,219-2,,
19384-0900-13.zip,202202141041,’†‹–€ŒSº˜a’¬¼ğV“c,209-8,,
19384-0900-13.zip,202202141041,’†‹–€ŒSº˜a’¬¼ğV“c,209-7,,
19384-0900-13.zip,202202141041,’†‹–€ŒSº˜a’¬¼ğV“c,209-6,,
19384-0900-13.zip,202202141041,’†‹–€ŒSº˜a’¬¼ğV“c,209-5,,
19384-0900-13.zip,202202141041,’†‹–€ŒSº˜a’¬¼ğV“c,209-4,,
19384-0900-13.zip,202202141041,’†‹–€ŒSº˜a’¬¼ğV“c,211-16,,
19384-0900-13.zip,202202141041,’†‹–€ŒSº˜a’¬¼ğV“c,211-17,,
19384-0900-13.zip,202202141041,’†‹–€ŒSº˜a’¬¼ğV“c,211-2,,
19384-0900-13.zip,202202141041,’†‹–€ŒSº˜a’¬¼ğV“c,211-11,,
19384-0900-13.zip,202202141041,’†‹–€ŒSº˜a’¬¼ğV“c,211-12,,
19384-0900-13.zip,202202141041,’†‹–€ŒSº˜a’¬¼ğV“c,213-15,,
19384-0900-13.zip,202202141041,’†‹–€ŒSº˜a’¬¼ğV“c,213-6,,
19384-0900-13.zip,202202141041,’†‹–€ŒSº˜a’¬¼ğV“c,213-7,,
19384-0900-13.zip,202202141041,’†‹–€ŒSº˜a’¬¼ğV“c,213-12,,
19384-0900-13.zip,202202141041,’†‹–€ŒSº˜a’¬¼ğV“c,211-13,,
19384-0900-13.zip,202202141041,’†‹–€ŒSº˜a’¬¼ğV“c,211-14,,
19384-0900-13.zip,202202141041,’†‹–€ŒSº˜a’¬¼ğV“c,211-15,,
19384-0900-13.zip,202202141041,’†‹–€ŒSº˜a’¬¼ğV“c,213-1,,
19384-0900-13.zip,202202141041,’†‹–€ŒSº˜a’¬¼ğV“c,213-5,,
19384-0900-13.zip,202202141041,’†‹–€ŒSº˜a’¬¼ğV“c,213-4,,
19384-0900-13.zip,202202141041,’†‹–€ŒSº˜a’¬¼ğV“c,213-3,,
19384-0900-13.zip,202202141041,’†‹–€ŒSº˜a’¬¼ğV“c,213-2,,
19384-0900-13.zip,202202141041,’†‹–€ŒSº˜a’¬¼ğV“c,213-14,,
19384-0900-13.zip,202202141041,’†‹–€ŒSº˜a’¬¼ğV“c,213-11,,
19384-0900-13.zip,202202141041,’†‹–€ŒSº˜a’¬¼ğV“c,213-9,,
19384-0900-13.zip,202202141041,’†‹–€ŒSº˜a’¬¼ğV“c,213-13,,
19384-0900-13.zip,202202141041,’†‹–€ŒSº˜a’¬¼ğV“c,211-1,,
19384-0900-13.zip,202202141041,’†‹–€ŒSº˜a’¬¼ğV“c,211-8,,
19384-0900-13.zip,202202141041,’†‹–€ŒSº˜a’¬¼ğV“c,211-9,,
19384-0900-13.zip,202202141041,’†‹–€ŒSº˜a’¬¼ğV“c,…-108,,
19384-0900-13.zip,202202141041,’†‹–€ŒSº˜a’¬¼ğV“c,211-6,,
19384-0900-13.zip,202202141041,’†‹–€ŒSº˜a’¬¼ğV“c,211-21,,
19384-0900-13.zip,202202141041,’†‹–€ŒSº˜a’¬¼ğV“c,211-18,,
19384-0900-13.zip,202202141041,’†‹–€ŒSº˜a’¬¼ğV“c,211-20,,
19384-0900-13.zip,202202141041,’†‹–€ŒSº˜a’¬¼ğV“c,211-3,,
19384-0900-13.zip,202202141041,’†‹–€ŒSº˜a’¬¼ğV“c,211-19,,
19384-0900-13.zip,202202141041,’†‹–€ŒSº˜a’¬¼ğV“c,211-7,,
19384-0900-13.zip,202202141041,’†‹–€ŒSº˜a’¬¼ğV“c,209-11,,
19384-0900-13.zip,202202141041,’†‹–€ŒSº˜a’¬¼ğV“c,…-1-2,,
19384-0900-13.zip,202202141041,’†‹–€ŒSº˜a’¬¼ğV“c,209-12,,
19384-0900-13.zip,202202141041,’†‹–€ŒSº˜a’¬¼ğV“c,209-13,,
19384-0900-13.zip,202202141041,’†‹–€ŒSº˜a’¬¼ğV“c,209-14,,
19384-0900-13.zip,202202141041,’†‹–€ŒSº˜a’¬¼ğV“c,…-1,,
19384-0900-13.zip,202202141041,’†‹–€ŒSº˜a’¬¼ğV“c,209-15,,
19384-0900-13.zip,202202141041,’†‹–€ŒSº˜a’¬¼ğV“c,340-2,,
19384-0900-13.zip,202202141041,’†‹–€ŒSº˜a’¬¼ğV“c,340-7,,
19384-0900-13.zip,202202141041,’†‹–€ŒSº˜a’¬¼ğV“c,340-8,,
19384-0900-13.zip,202202141041,’†‹–€ŒSº˜a’¬¼ğV“c,340-3,,
19384-0900-13.zip,202202141041,’†‹–€ŒSº˜a’¬¼ğV“c,340-6,,
19384-0900-13.zip,202202141041,’†‹–€ŒSº˜a’¬¼ğV“c,340-4,,
19384-0900-13.zip,202202141041,’†‹–€ŒSº˜a’¬¼ğV“c,340-1,,
19384-0900-13.zip,202202141041,’†‹–€ŒSº˜a’¬¼ğV“c,674-8,,
19384-0900-13.zip,202202141041,’†‹–€ŒSº˜a’¬¼ğV“c,“¹-1-1,,
19384-0900-13.zip,202202141041,’†‹–€ŒSº˜a’¬¼ğV“c,–³’n”Ô-312,,
19384-0900-13.zip,202202141041,’†‹–€ŒSº˜a’¬¼ğV“c,686-3,,
19384-0900-13.zip,202202141041,’†‹–€ŒSº˜a’¬¼ğV“c,689-2,,
19384-0900-13.zip,202202141041,’†‹–€ŒSº˜a’¬¼ğV“c,684-4,,
19384-0900-13.zip,202202141041,’†‹–€ŒSº˜a’¬¼ğV“c,681-4,,
19384-0900-13.zip,202202141041,’†‹–€ŒSº˜a’¬¼ğV“c,107-2,,
19384-0900-13.zip,202202141041,’†‹–€ŒSº˜a’¬¼ğV“c,107-3,,
19384-0900-13.zip,202202141041,’†‹–€ŒSº˜a’¬¼ğV“c,100,,
19384-0900-13.zip,202202141041,’†‹–€ŒSº˜a’¬¼ğV“c,103,,
19384-0900-13.zip,202202141041,’†‹–€ŒSº˜a’¬¼ğV“c,…-117,,
19384-0900-13.zip,202202141041,’†‹–€ŒSº˜a’¬¼ğV“c,108-1,,
19384-0900-13.zip,202202141041,’†‹–€ŒSº˜a’¬¼ğV“c,410-7,,
19384-0900-13.zip,202202141041,’†‹–€ŒSº˜a’¬¼ğV“c,410-5,,
19384-0900-13.zip,202202141041,’†‹–€ŒSº˜a’¬¼ğV“c,412-1,,
19384-0900-13.zip,202202141041,’†‹–€ŒSº˜a’¬¼ğV“c,412-2,,
19384-0900-13.zip,202202141041,’†‹–€ŒSº˜a’¬¼ğV“c,410-6,,
19384-0900-13.zip,202202141041,’†‹–€ŒSº˜a’¬¼ğV“c,407-5,,
19384-0900-13.zip,202202141041,’†‹–€ŒSº˜a’¬¼ğV“c,407-2,,
19384-0900-13.zip,202202141041,’†‹–€ŒSº˜a’¬¼ğV“c,417-1,,
19384-0900-13.zip,202202141041,’†‹–€ŒSº˜a’¬¼ğV“c,417-6,,
19384-0900-13.zip,202202141041,’†‹–€ŒSº˜a’¬¼ğV“c,417-5,,
19384-0900-13.zip,202202141041,’†‹–€ŒSº˜a’¬¼ğV“c,417-7,,
19384-0900-13.zip,202202141041,’†‹–€ŒSº˜a’¬¼ğV“c,“¹-110,,
19384-0900-14.zip,202202141041,’†‹–€ŒSº˜a’¬‰Ÿ‰z,2401,,
19384-0900-14.zip,202202141041,’†‹–€ŒSº˜a’¬‰Ÿ‰z,2410,,
19384-0900-14.zip,202202141041,’†‹–€ŒSº˜a’¬‰Ÿ‰z,2411,,
19384-0900-14.zip,202202141041,’†‹–€ŒSº˜a’¬‰Ÿ‰z,2412,,
19384-0900-14.zip,202202141041,’†‹–€ŒSº˜a’¬‰Ÿ‰z,2413,,
19384-0900-14.zip,202202141041,’†‹–€ŒSº˜a’¬‰Ÿ‰z,2414,,
19384-0900-14.zip,202202141041,’†‹–€ŒSº˜a’¬‰Ÿ‰z,2415,,
19384-0900-14.zip,202202141041,’†‹–€ŒSº˜a’¬‰Ÿ‰z,2416,,
19384-0900-14.zip,202202141041,’†‹–€ŒSº˜a’¬‰Ÿ‰z,2417,,
19384-0900-14.zip,202202141041,’†‹–€ŒSº˜a’¬‰Ÿ‰z,2418,,
19384-0900-14.zip,202202141041,’†‹–€ŒSº˜a’¬‰Ÿ‰z,2419,,
19384-0900-14.zip,202202141041,’†‹–€ŒSº˜a’¬‰Ÿ‰z,2420-1,,
19384-0900-14.zip,202202141041,’†‹–€ŒSº˜a’¬‰Ÿ‰z,2420-2,,
19384-0900-14.zip,202202141041,’†‹–€ŒSº˜a’¬‰Ÿ‰z,2421,,
19384-0900-14.zip,202202141041,’†‹–€ŒSº˜a’¬‰Ÿ‰z,2422,,
19384-0900-14.zip,202202141041,’†‹–€ŒSº˜a’¬‰Ÿ‰z,2423-1,,
19384-0900-14.zip,202202141041,’†‹–€ŒSº˜a’¬‰Ÿ‰z,2423-2,,
19384-0900-14.zip,202202141041,’†‹–€ŒSº˜a’¬‰Ÿ‰z,2424,,
19384-0900-14.zip,202202141041,’†‹–€ŒSº˜a’¬‰Ÿ‰z,2425,,
19384-0900-14.zip,202202141041,’†‹–€ŒSº˜a’¬‰Ÿ‰z,2426,,
19384-0900-14.zip,202202141041,’†‹–€ŒSº˜a’¬‰Ÿ‰z,2427,,
19384-0900-14.zip,202202141041,’†‹–€ŒSº˜a’¬‰Ÿ‰z,2428,,
19384-0900-14.zip,202202141041,’†‹–€ŒSº˜a’¬‰Ÿ‰z,2429-1,,
19384-0900-14.zip,202202141041,’†‹–€ŒSº˜a’¬‰Ÿ‰z,2429-2,,
19384-0900-14.zip,202202141041,’†‹–€ŒSº˜a’¬‰Ÿ‰z,2429-3,,
19384-0900-14.zip,202202141041,’†‹–€ŒSº˜a’¬‰Ÿ‰z,2430,,
19384-0900-14.zip,202202141041,’†‹–€ŒSº˜a’¬‰Ÿ‰z,2431,,
19384-0900-14.zip,202202141041,’†‹–€ŒSº˜a’¬‰Ÿ‰z,2432-1,,
19384-0900-14.zip,202202141041,’†‹–€ŒSº˜a’¬‰Ÿ‰z,2432-2,,
19384-0900-14.zip,202202141041,’†‹–€ŒSº˜a’¬‰Ÿ‰z,2432-3,,
19384-0900-14.zip,202202141041,’†‹–€ŒSº˜a’¬‰Ÿ‰z,2433,,
19384-0900-14.zip,202202141041,’†‹–€ŒSº˜a’¬‰Ÿ‰z,2434,,
19384-0900-14.zip,202202141041,’†‹–€ŒSº˜a’¬‰Ÿ‰z,2435,,
19384-0900-14.zip,202202141041,’†‹–€ŒSº˜a’¬‰Ÿ‰z,2436,,
19384-0900-14.zip,202202141041,’†‹–€ŒSº˜a’¬‰Ÿ‰z,2437,,
19384-0900-14.zip,202202141041,’†‹–€ŒSº˜a’¬‰Ÿ‰z,2438-1,,
19384-0900-14.zip,202202141041,’†‹–€ŒSº˜a’¬‰Ÿ‰z,2438-2,,
19384-0900-14.zip,202202141041,’†‹–€ŒSº˜a’¬‰Ÿ‰z,2439,,
19384-0900-14.zip,202202141041,’†‹–€ŒSº˜a’¬‰Ÿ‰z,2440,,
19384-0900-14.zip,202202141041,’†‹–€ŒSº˜a’¬‰Ÿ‰z,2441,,
19384-0900-14.zip,202202141041,’†‹–€ŒSº˜a’¬‰Ÿ‰z,2442-1,,
19384-0900-14.zip,202202141041,’†‹–€ŒSº˜a’¬‰Ÿ‰z,2442-2,,
19384-0900-14.zip,202202141041,’†‹–€ŒSº˜a’¬‰Ÿ‰z,2443-2,,
19384-0900-14.zip,202202141041,’†‹–€ŒSº˜a’¬‰Ÿ‰z,2447,,
19384-0900-14.zip,202202141041,’†‹–€ŒSº˜a’¬‰Ÿ‰z,2448,,
19384-0900-14.zip,202202141041,’†‹–€ŒSº˜a’¬‰Ÿ‰z,2449-1,,
19384-0900-14.zip,202202141041,’†‹–€ŒSº˜a’¬‰Ÿ‰z,2449-2,,
19384-0900-14.zip,202202141041,’†‹–€ŒSº˜a’¬‰Ÿ‰z,2450-1,,
19384-0900-14.zip,202202141041,’†‹–€ŒSº˜a’¬‰Ÿ‰z,2450-2,,
19384-0900-14.zip,202202141041,’†‹–€ŒSº˜a’¬‰Ÿ‰z,2451,,
19384-0900-14.zip,202202141041,’†‹–€ŒSº˜a’¬‰Ÿ‰z,2452-1,,
19384-0900-14.zip,202202141041,’†‹–€ŒSº˜a’¬‰Ÿ‰z,2453,,
19384-0900-14.zip,202202141041,’†‹–€ŒSº˜a’¬‰Ÿ‰z,2454,,
19384-0900-14.zip,202202141041,’†‹–€ŒSº˜a’¬‰Ÿ‰z,2455,,
19384-0900-14.zip,202202141041,’†‹–€ŒSº˜a’¬‰Ÿ‰z,2456,,
19384-0900-14.zip,202202141041,’†‹–€ŒSº˜a’¬‰Ÿ‰z,2457,,
19384-0900-14.zip,202202141041,’†‹–€ŒSº˜a’¬‰Ÿ‰z,2458,,
19384-0900-14.zip,202202141041,’†‹–€ŒSº˜a’¬‰Ÿ‰z,2459,,
19384-0900-14.zip,202202141041,’†‹–€ŒSº˜a’¬‰Ÿ‰z,2460,,
19384-0900-14.zip,202202141041,’†‹–€ŒSº˜a’¬‰Ÿ‰z,2461,,
19384-0900-14.zip,202202141041,’†‹–€ŒSº˜a’¬‰Ÿ‰z,2462,,
19384-0900-14.zip,202202141041,’†‹–€ŒSº˜a’¬‰Ÿ‰z,2463,,
19384-0900-14.zip,202202141041,’†‹–€ŒSº˜a’¬‰Ÿ‰z,2464,,
19384-0900-14.zip,202202141041,’†‹–€ŒSº˜a’¬‰Ÿ‰z,2465-1,,
19384-0900-14.zip,202202141041,’†‹–€ŒSº˜a’¬‰Ÿ‰z,2465-2,,
19384-0900-14.zip,202202141041,’†‹–€ŒSº˜a’¬‰Ÿ‰z,2466,,
19384-0900-14.zip,202202141041,’†‹–€ŒSº˜a’¬‰Ÿ‰z,2467,,
19384-0900-14.zip,202202141041,’†‹–€ŒSº˜a’¬‰Ÿ‰z,2468,,
19384-0900-14.zip,202202141041,’†‹–€ŒSº˜a’¬‰Ÿ‰z,2469,,
19384-0900-14.zip,202202141041,’†‹–€ŒSº˜a’¬‰Ÿ‰z,2470,,
19384-0900-14.zip,202202141041,’†‹–€ŒSº˜a’¬‰Ÿ‰z,2471,,
19384-0900-14.zip,202202141041,’†‹–€ŒSº˜a’¬‰Ÿ‰z,2476,,
19384-0900-14.zip,202202141041,’†‹–€ŒSº˜a’¬‰Ÿ‰z,2488,,
19384-0900-14.zip,202202141041,’†‹–€ŒSº˜a’¬‰Ÿ‰z,2489,,
19384-0900-14.zip,202202141041,’†‹–€ŒSº˜a’¬‰Ÿ‰z,2490,,
19384-0900-14.zip,202202141041,’†‹–€ŒSº˜a’¬‰Ÿ‰z,2491,,
19384-0900-14.zip,202202141041,’†‹–€ŒSº˜a’¬‰Ÿ‰z,2492,,
19384-0900-14.zip,202202141041,’†‹–€ŒSº˜a’¬‰Ÿ‰z,2493,,
19384-0900-14.zip,202202141041,’†‹–€ŒSº˜a’¬‰Ÿ‰z,2494,,
19384-0900-14.zip,202202141041,’†‹–€ŒSº˜a’¬‰Ÿ‰z,2495,,
19384-0900-14.zip,202202141041,’†‹–€ŒSº˜a’¬‰Ÿ‰z,2496,,
19384-0900-14.zip,202202141041,’†‹–€ŒSº˜a’¬‰Ÿ‰z,2497,,
19384-0900-14.zip,202202141041,’†‹–€ŒSº˜a’¬‰Ÿ‰z,2498,,
19384-0900-14.zip,202202141041,’†‹–€ŒSº˜a’¬‰Ÿ‰z,2499,,
19384-0900-14.zip,202202141041,’†‹–€ŒSº˜a’¬‰Ÿ‰z,2500,,
19384-0900-14.zip,202202141041,’†‹–€ŒSº˜a’¬‰Ÿ‰z,2501-1,,
19384-0900-14.zip,202202141041,’†‹–€ŒSº˜a’¬‰Ÿ‰z,2501-2,,
19384-0900-14.zip,202202141041,’†‹–€ŒSº˜a’¬‰Ÿ‰z,2502,,
19384-0900-14.zip,202202141041,’†‹–€ŒSº˜a’¬‰Ÿ‰z,2503,,
19384-0900-14.zip,202202141041,’†‹–€ŒSº˜a’¬‰Ÿ‰z,2504,,
19384-0900-14.zip,202202141041,’†‹–€ŒSº˜a’¬‰Ÿ‰z,2505,,
19384-0900-14.zip,202202141041,’†‹–€ŒSº˜a’¬‰Ÿ‰z,2506,,
19384-0900-14.zip,202202141041,’†‹–€ŒSº˜a’¬‰Ÿ‰z,2507,,
19384-0900-14.zip,202202141041,’†‹–€ŒSº˜a’¬‰Ÿ‰z,2508,,
19384-0900-14.zip,202202141041,’†‹–€ŒSº˜a’¬‰Ÿ‰z,2510,,
19384-0900-14.zip,202202141041,’†‹–€ŒSº˜a’¬‰Ÿ‰z,2512,,
19384-0900-14.zip,202202141041,’†‹–€ŒSº˜a’¬‰Ÿ‰z,2514,,
19384-0900-14.zip,202202141041,’†‹–€ŒSº˜a’¬‰Ÿ‰z,2515,,
19384-0900-14.zip,202202141041,’†‹–€ŒSº˜a’¬‰Ÿ‰z,2516,,
19384-0900-14.zip,202202141041,’†‹–€ŒSº˜a’¬‰Ÿ‰z,2517,,
19384-0900-14.zip,202202141041,’†‹–€ŒSº˜a’¬‰Ÿ‰z,2518,,
19384-0900-14.zip,202202141041,’†‹–€ŒSº˜a’¬‰Ÿ‰z,2519,,
19384-0900-14.zip,202202141041,’†‹–€ŒSº˜a’¬‰Ÿ‰z,2520,,
19384-0900-14.zip,202202141041,’†‹–€ŒSº˜a’¬‰Ÿ‰z,2521,,
19384-0900-14.zip,202202141041,’†‹–€ŒSº˜a’¬‰Ÿ‰z,2522,,
19384-0900-14.zip,202202141041,’†‹–€ŒSº˜a’¬‰Ÿ‰z,2481-4,,
19384-0900-14.zip,202202141041,’†‹–€ŒSº˜a’¬‰Ÿ‰z,2481-1,,
19384-0900-14.zip,202202141041,’†‹–€ŒSº˜a’¬‰Ÿ‰z,2481-2,,
19384-0900-14.zip,202202141041,’†‹–€ŒSº˜a’¬‰Ÿ‰z,2477-3,,
19384-0900-14.zip,202202141041,’†‹–€ŒSº˜a’¬‰Ÿ‰z,2477-1,,
19384-0900-14.zip,202202141041,’†‹–€ŒSº˜a’¬‰Ÿ‰z,2481-3,,
19384-0900-14.zip,202202141041,’†‹–€ŒSº˜a’¬‰Ÿ‰z,2475,,
19384-0900-14.zip,202202141041,’†‹–€ŒSº˜a’¬‰Ÿ‰z,2472-2,,
19384-0900-14.zip,202202141041,’†‹–€ŒSº˜a’¬‰Ÿ‰z,2472-4,,
19384-0900-14.zip,202202141041,’†‹–€ŒSº˜a’¬‰Ÿ‰z,2472-1,,
19384-0900-14.zip,202202141041,’†‹–€ŒSº˜a’¬‰Ÿ‰z,2513,,
19384-0900-14.zip,202202141041,’†‹–€ŒSº˜a’¬‰Ÿ‰z,2472-3,,
19384-0900-14.zip,202202141041,’†‹–€ŒSº˜a’¬‰Ÿ‰z,2472-5,,
19384-0900-14.zip,202202141041,’†‹–€ŒSº˜a’¬‰Ÿ‰z,2474-3,,
19384-0900-14.zip,202202141041,’†‹–€ŒSº˜a’¬‰Ÿ‰z,2511,,
19384-0900-14.zip,202202141041,’†‹–€ŒSº˜a’¬‰Ÿ‰z,2408-2,,
19384-0900-14.zip,202202141041,’†‹–€ŒSº˜a’¬‰Ÿ‰z,2408-1,,
19384-0900-14.zip,202202141041,’†‹–€ŒSº˜a’¬‰Ÿ‰z,2407-1,,
19384-0900-14.zip,202202141041,’†‹–€ŒSº˜a’¬‰Ÿ‰z,2407-3,,
19384-0900-14.zip,202202141041,’†‹–€ŒSº˜a’¬‰Ÿ‰z,2406-1,,
19384-0900-14.zip,202202141041,’†‹–€ŒSº˜a’¬‰Ÿ‰z,2509,,
19384-0900-14.zip,202202141041,’†‹–€ŒSº˜a’¬‰Ÿ‰z,2409,,
19384-0900-14.zip,202202141041,’†‹–€ŒSº˜a’¬‰Ÿ‰z,2402,,
19384-0900-14.zip,202202141041,’†‹–€ŒSº˜a’¬‰Ÿ‰z,2406-3,,
19384-0900-14.zip,202202141041,’†‹–€ŒSº˜a’¬‰Ÿ‰z,2400-2,,
19384-0900-14.zip,202202141041,’†‹–€ŒSº˜a’¬‰Ÿ‰z,2400-1,,
19384-0900-15.zip,202202141041,’†‹–€ŒSº˜a’¬‰Í“Œ’†“‡,6,,
19384-0900-15.zip,202202141041,’†‹–€ŒSº˜a’¬‰Í“Œ’†“‡,8-2,,
19384-0900-15.zip,202202141041,’†‹–€ŒSº˜a’¬‰Í“Œ’†“‡,11-3,,
19384-0900-15.zip,202202141041,’†‹–€ŒSº˜a’¬‰Í“Œ’†“‡,12-1,,
19384-0900-15.zip,202202141041,’†‹–€ŒSº˜a’¬‰Í“Œ’†“‡,12-2,,
19384-0900-15.zip,202202141041,’†‹–€ŒSº˜a’¬‰Í“Œ’†“‡,13-3,,
19384-0900-15.zip,202202141041,’†‹–€ŒSº˜a’¬‰Í“Œ’†“‡,13-4,,
19384-0900-15.zip,202202141041,’†‹–€ŒSº˜a’¬‰Í“Œ’†“‡,17-1,,
19384-0900-15.zip,202202141041,’†‹–€ŒSº˜a’¬‰Í“Œ’†“‡,17-2,,
19384-0900-15.zip,202202141041,’†‹–€ŒSº˜a’¬‰Í“Œ’†“‡,17-4,,
19384-0900-15.zip,202202141041,’†‹–€ŒSº˜a’¬‰Í“Œ’†“‡,22-1,,
19384-0900-15.zip,202202141041,’†‹–€ŒSº˜a’¬‰Í“Œ’†“‡,22-3,,
19384-0900-15.zip,202202141041,’†‹–€ŒSº˜a’¬‰Í“Œ’†“‡,24-1,,
19384-0900-15.zip,202202141041,’†‹–€ŒSº˜a’¬‰Í“Œ’†“‡,25-1,,
19384-0900-15.zip,202202141041,’†‹–€ŒSº˜a’¬‰Í“Œ’†“‡,26,,
19384-0900-15.zip,202202141041,’†‹–€ŒSº˜a’¬‰Í“Œ’†“‡,27,,
19384-0900-15.zip,202202141041,’†‹–€ŒSº˜a’¬‰Í“Œ’†“‡,28-1,,
19384-0900-15.zip,202202141041,’†‹–€ŒSº˜a’¬‰Í“Œ’†“‡,28-2,,
19384-0900-15.zip,202202141041,’†‹–€ŒSº˜a’¬‰Í“Œ’†“‡,37-3,,
19384-0900-15.zip,202202141041,’†‹–€ŒSº˜a’¬‰Í“Œ’†“‡,40-1,,
19384-0900-15.zip,202202141041,’†‹–€ŒSº˜a’¬‰Í“Œ’†“‡,40-2,,
19384-0900-15.zip,202202141041,’†‹–€ŒSº˜a’¬‰Í“Œ’†“‡,40-3,,
19384-0900-15.zip,202202141041,’†‹–€ŒSº˜a’¬‰Í“Œ’†“‡,42-1,,
19384-0900-15.zip,202202141041,’†‹–€ŒSº˜a’¬‰Í“Œ’†“‡,43-1,,
19384-0900-15.zip,202202141041,’†‹–€ŒSº˜a’¬‰Í“Œ’†“‡,43-2,,
19384-0900-15.zip,202202141041,’†‹–€ŒSº˜a’¬‰Í“Œ’†“‡,44-1,,
19384-0900-15.zip,202202141041,’†‹–€ŒSº˜a’¬‰Í“Œ’†“‡,44-2,,
19384-0900-15.zip,202202141041,’†‹–€ŒSº˜a’¬‰Í“Œ’†“‡,50-1,,
19384-0900-15.zip,202202141041,’†‹–€ŒSº˜a’¬‰Í“Œ’†“‡,52-2,,
19384-0900-15.zip,202202141041,’†‹–€ŒSº˜a’¬‰Í“Œ’†“‡,52-3,,
19384-0900-15.zip,202202141041,’†‹–€ŒSº˜a’¬‰Í“Œ’†“‡,52-4,,
19384-0900-15.zip,202202141041,’†‹–€ŒSº˜a’¬‰Í“Œ’†“‡,52-5,,
19384-0900-15.zip,202202141041,’†‹–€ŒSº˜a’¬‰Í“Œ’†“‡,52-6,,
19384-0900-15.zip,202202141041,’†‹–€ŒSº˜a’¬‰Í“Œ’†“‡,52-7,,
19384-0900-15.zip,202202141041,’†‹–€ŒSº˜a’¬‰Í“Œ’†“‡,52-9,,
19384-0900-15.zip,202202141041,’†‹–€ŒSº˜a’¬‰Í“Œ’†“‡,52-10,,
19384-0900-15.zip,202202141041,’†‹–€ŒSº˜a’¬‰Í“Œ’†“‡,60-1,,
19384-0900-15.zip,202202141041,’†‹–€ŒSº˜a’¬‰Í“Œ’†“‡,60-2,,
19384-0900-15.zip,202202141041,’†‹–€ŒSº˜a’¬‰Í“Œ’†“‡,66-1,,
19384-0900-15.zip,202202141041,’†‹–€ŒSº˜a’¬‰Í“Œ’†“‡,66-2,,
19384-0900-15.zip,202202141041,’†‹–€ŒSº˜a’¬‰Í“Œ’†“‡,67-1,,
19384-0900-15.zip,202202141041,’†‹–€ŒSº˜a’¬‰Í“Œ’†“‡,67-2,,
19384-0900-15.zip,202202141041,’†‹–€ŒSº˜a’¬‰Í“Œ’†“‡,69-1,,
19384-0900-15.zip,202202141041,’†‹–€ŒSº˜a’¬‰Í“Œ’†“‡,69-2,,
19384-0900-15.zip,202202141041,’†‹–€ŒSº˜a’¬‰Í“Œ’†“‡,71,,
19384-0900-15.zip,202202141041,’†‹–€ŒSº˜a’¬‰Í“Œ’†“‡,73,,
19384-0900-15.zip,202202141041,’†‹–€ŒSº˜a’¬‰Í“Œ’†“‡,74-1,,
19384-0900-15.zip,202202141041,’†‹–€ŒSº˜a’¬‰Í“Œ’†“‡,74-2,,
19384-0900-15.zip,202202141041,’†‹–€ŒSº˜a’¬‰Í“Œ’†“‡,80-1,,
19384-0900-15.zip,202202141041,’†‹–€ŒSº˜a’¬‰Í“Œ’†“‡,80-2,,
19384-0900-15.zip,202202141041,’†‹–€ŒSº˜a’¬‰Í“Œ’†“‡,80-3,,
19384-0900-15.zip,202202141041,’†‹–€ŒSº˜a’¬‰Í“Œ’†“‡,80-4,,
19384-0900-15.zip,202202141041,’†‹–€ŒSº˜a’¬‰Í“Œ’†“‡,80-5,,
19384-0900-15.zip,202202141041,’†‹–€ŒSº˜a’¬‰Í“Œ’†“‡,81-1,,
19384-0900-15.zip,202202141041,’†‹–€ŒSº˜a’¬‰Í“Œ’†“‡,82,,
19384-0900-15.zip,202202141041,’†‹–€ŒSº˜a’¬‰Í“Œ’†“‡,89,,
19384-0900-15.zip,202202141041,’†‹–€ŒSº˜a’¬‰Í“Œ’†“‡,“¹-468,,
19384-0900-15.zip,202202141041,’†‹–€ŒSº˜a’¬‰Í“Œ’†“‡,“¹-478,,
19384-0900-15.zip,202202141041,’†‹–€ŒSº˜a’¬‰Í“Œ’†“‡,“¹-491,,
19384-0900-15.zip,202202141041,’†‹–€ŒSº˜a’¬‰Í“Œ’†“‡,“¹-502,,
19384-0900-15.zip,202202141041,’†‹–€ŒSº˜a’¬‰Í“Œ’†“‡,…-3,,
19384-0900-15.zip,202202141041,’†‹–€ŒSº˜a’¬‰Í“Œ’†“‡,…-606,,
19384-0900-15.zip,202202141041,’†‹–€ŒSº˜a’¬‰Í“Œ’†“‡,…-663,,
19384-0900-15.zip,202202141041,’†‹–€ŒSº˜a’¬‰Í“Œ’†“‡,97-1,,
19384-0900-15.zip,202202141041,’†‹–€ŒSº˜a’¬‰Í“Œ’†“‡,97-2,,
19384-0900-15.zip,202202141041,’†‹–€ŒSº˜a’¬‰Í“Œ’†“‡,97-3,,
19384-0900-15.zip,202202141041,’†‹–€ŒSº˜a’¬‰Í“Œ’†“‡,98,,
19384-0900-15.zip,202202141041,’†‹–€ŒSº˜a’¬‰Í“Œ’†“‡,99,,
19384-0900-15.zip,202202141041,’†‹–€ŒSº˜a’¬‰Í“Œ’†“‡,100,,
19384-0900-15.zip,202202141041,’†‹–€ŒSº˜a’¬‰Í“Œ’†“‡,101-1,,
19384-0900-15.zip,202202141041,’†‹–€ŒSº˜a’¬‰Í“Œ’†“‡,102-1,,
19384-0900-15.zip,202202141041,’†‹–€ŒSº˜a’¬‰Í“Œ’†“‡,102-2,,
19384-0900-15.zip,202202141041,’†‹–€ŒSº˜a’¬‰Í“Œ’†“‡,102-3,,
19384-0900-15.zip,202202141041,’†‹–€ŒSº˜a’¬‰Í“Œ’†“‡,102-4,,
19384-0900-15.zip,202202141041,’†‹–€ŒSº˜a’¬‰Í“Œ’†“‡,104-1,,
19384-0900-15.zip,202202141041,’†‹–€ŒSº˜a’¬‰Í“Œ’†“‡,105,,
19384-0900-15.zip,202202141041,’†‹–€ŒSº˜a’¬‰Í“Œ’†“‡,106,,
19384-0900-15.zip,202202141041,’†‹–€ŒSº˜a’¬‰Í“Œ’†“‡,107,,
19384-0900-15.zip,202202141041,’†‹–€ŒSº˜a’¬‰Í“Œ’†“‡,108-3,,
19384-0900-15.zip,202202141041,’†‹–€ŒSº˜a’¬‰Í“Œ’†“‡,108-4,,
19384-0900-15.zip,202202141041,’†‹–€ŒSº˜a’¬‰Í“Œ’†“‡,109,,
19384-0900-15.zip,202202141041,’†‹–€ŒSº˜a’¬‰Í“Œ’†“‡,110-1,,
19384-0900-15.zip,202202141041,’†‹–€ŒSº˜a’¬‰Í“Œ’†“‡,110-2,,
19384-0900-15.zip,202202141041,’†‹–€ŒSº˜a’¬‰Í“Œ’†“‡,111,,
19384-0900-15.zip,202202141041,’†‹–€ŒSº˜a’¬‰Í“Œ’†“‡,112-1,,
19384-0900-15.zip,202202141041,’†‹–€ŒSº˜a’¬‰Í“Œ’†“‡,112-2,,
19384-0900-15.zip,202202141041,’†‹–€ŒSº˜a’¬‰Í“Œ’†“‡,113-1,,
19384-0900-15.zip,202202141041,’†‹–€ŒSº˜a’¬‰Í“Œ’†“‡,113-2,,
19384-0900-15.zip,202202141041,’†‹–€ŒSº˜a’¬‰Í“Œ’†“‡,113-3,,
19384-0900-15.zip,202202141041,’†‹–€ŒSº˜a’¬‰Í“Œ’†“‡,114-1,,
19384-0900-15.zip,202202141041,’†‹–€ŒSº˜a’¬‰Í“Œ’†“‡,114-2,,
19384-0900-15.zip,202202141041,’†‹–€ŒSº˜a’¬‰Í“Œ’†“‡,114-3,,
19384-0900-15.zip,202202141041,’†‹–€ŒSº˜a’¬‰Í“Œ’†“‡,114-4,,
19384-0900-15.zip,202202141041,’†‹–€ŒSº˜a’¬‰Í“Œ’†“‡,115-1,,
19384-0900-15.zip,202202141041,’†‹–€ŒSº˜a’¬‰Í“Œ’†“‡,115-2,,
19384-0900-15.zip,202202141041,’†‹–€ŒSº˜a’¬‰Í“Œ’†“‡,115-3,,
19384-0900-15.zip,202202141041,’†‹–€ŒSº˜a’¬‰Í“Œ’†“‡,116-2,,
19384-0900-15.zip,202202141041,’†‹–€ŒSº˜a’¬‰Í“Œ’†“‡,116-3,,
19384-0900-15.zip,202202141041,’†‹–€ŒSº˜a’¬‰Í“Œ’†“‡,117,,
19384-0900-15.zip,202202141041,’†‹–€ŒSº˜a’¬‰Í“Œ’†“‡,118,,
19384-0900-15.zip,202202141041,’†‹–€ŒSº˜a’¬‰Í“Œ’†“‡,121-1,,
19384-0900-15.zip,202202141041,’†‹–€ŒSº˜a’¬‰Í“Œ’†“‡,121-2,,
19384-0900-15.zip,202202141041,’†‹–€ŒSº˜a’¬‰Í“Œ’†“‡,121-4,,
19384-0900-15.zip,202202141041,’†‹–€ŒSº˜a’¬‰Í“Œ’†“‡,121-6,,
19384-0900-15.zip,202202141041,’†‹–€ŒSº˜a’¬‰Í“Œ’†“‡,121-7,,
19384-0900-15.zip,202202141041,’†‹–€ŒSº˜a’¬‰Í“Œ’†“‡,121-9,,
19384-0900-15.zip,202202141041,’†‹–€ŒSº˜a’¬‰Í“Œ’†“‡,131,,
19384-0900-15.zip,202202141041,’†‹–€ŒSº˜a’¬‰Í“Œ’†“‡,132,,
19384-0900-15.zip,202202141041,’†‹–€ŒSº˜a’¬‰Í“Œ’†“‡,136,,
19384-0900-15.zip,202202141041,’†‹–€ŒSº˜a’¬‰Í“Œ’†“‡,137-1,,
19384-0900-15.zip,202202141041,’†‹–€ŒSº˜a’¬‰Í“Œ’†“‡,137-5,,
19384-0900-15.zip,202202141041,’†‹–€ŒSº˜a’¬‰Í“Œ’†“‡,137-6,,
19384-0900-15.zip,202202141041,’†‹–€ŒSº˜a’¬‰Í“Œ’†“‡,137-7,,
19384-0900-15.zip,202202141041,’†‹–€ŒSº˜a’¬‰Í“Œ’†“‡,137-8,,
19384-0900-15.zip,202202141041,’†‹–€ŒSº˜a’¬‰Í“Œ’†“‡,137-9,,
19384-0900-15.zip,202202141041,’†‹–€ŒSº˜a’¬‰Í“Œ’†“‡,137-10,,
19384-0900-15.zip,202202141041,’†‹–€ŒSº˜a’¬‰Í“Œ’†“‡,137-11,,
19384-0900-15.zip,202202141041,’†‹–€ŒSº˜a’¬‰Í“Œ’†“‡,137-12,,
19384-0900-15.zip,202202141041,’†‹–€ŒSº˜a’¬‰Í“Œ’†“‡,138-1,,
19384-0900-15.zip,202202141041,’†‹–€ŒSº˜a’¬‰Í“Œ’†“‡,140-1,,
19384-0900-15.zip,202202141041,’†‹–€ŒSº˜a’¬‰Í“Œ’†“‡,140-2,,
19384-0900-15.zip,202202141041,’†‹–€ŒSº˜a’¬‰Í“Œ’†“‡,140-3,,
19384-0900-15.zip,202202141041,’†‹–€ŒSº˜a’¬‰Í“Œ’†“‡,140-4,,
19384-0900-15.zip,202202141041,’†‹–€ŒSº˜a’¬‰Í“Œ’†“‡,142-2,,
19384-0900-15.zip,202202141041,’†‹–€ŒSº˜a’¬‰Í“Œ’†“‡,143-1,,
19384-0900-15.zip,202202141041,’†‹–€ŒSº˜a’¬‰Í“Œ’†“‡,143-2,,
19384-0900-15.zip,202202141041,’†‹–€ŒSº˜a’¬‰Í“Œ’†“‡,144-1,,
19384-0900-15.zip,202202141041,’†‹–€ŒSº˜a’¬‰Í“Œ’†“‡,144-2,,
19384-0900-15.zip,202202141041,’†‹–€ŒSº˜a’¬‰Í“Œ’†“‡,145,,
19384-0900-15.zip,202202141041,’†‹–€ŒSº˜a’¬‰Í“Œ’†“‡,146-1,,
19384-0900-15.zip,202202141041,’†‹–€ŒSº˜a’¬‰Í“Œ’†“‡,146-2,,
19384-0900-15.zip,202202141041,’†‹–€ŒSº˜a’¬‰Í“Œ’†“‡,150-1,,
19384-0900-15.zip,202202141041,’†‹–€ŒSº˜a’¬‰Í“Œ’†“‡,150-2,,
19384-0900-15.zip,202202141041,’†‹–€ŒSº˜a’¬‰Í“Œ’†“‡,150-3,,
19384-0900-15.zip,202202141041,’†‹–€ŒSº˜a’¬‰Í“Œ’†“‡,151,,
19384-0900-15.zip,202202141041,’†‹–€ŒSº˜a’¬‰Í“Œ’†“‡,161,,
19384-0900-15.zip,202202141041,’†‹–€ŒSº˜a’¬‰Í“Œ’†“‡,162,,
19384-0900-15.zip,202202141041,’†‹–€ŒSº˜a’¬‰Í“Œ’†“‡,167,,
19384-0900-15.zip,202202141041,’†‹–€ŒSº˜a’¬‰Í“Œ’†“‡,174,,
19384-0900-15.zip,202202141041,’†‹–€ŒSº˜a’¬‰Í“Œ’†“‡,175,,
19384-0900-15.zip,202202141041,’†‹–€ŒSº˜a’¬‰Í“Œ’†“‡,176,,
19384-0900-15.zip,202202141041,’†‹–€ŒSº˜a’¬‰Í“Œ’†“‡,178,,
19384-0900-15.zip,202202141041,’†‹–€ŒSº˜a’¬‰Í“Œ’†“‡,179-1,,
19384-0900-15.zip,202202141041,’†‹–€ŒSº˜a’¬‰Í“Œ’†“‡,179-2,,
19384-0900-15.zip,202202141041,’†‹–€ŒSº˜a’¬‰Í“Œ’†“‡,180-1,,
19384-0900-15.zip,202202141041,’†‹–€ŒSº˜a’¬‰Í“Œ’†“‡,180-2,,
19384-0900-15.zip,202202141041,’†‹–€ŒSº˜a’¬‰Í“Œ’†“‡,181-1,,
19384-0900-15.zip,202202141041,’†‹–€ŒSº˜a’¬‰Í“Œ’†“‡,181-2,,
19384-0900-15.zip,202202141041,’†‹–€ŒSº˜a’¬‰Í“Œ’†“‡,185,,
19384-0900-15.zip,202202141041,’†‹–€ŒSº˜a’¬‰Í“Œ’†“‡,188,,
19384-0900-15.zip,202202141041,’†‹–€ŒSº˜a’¬‰Í“Œ’†“‡,190,,
19384-0900-15.zip,202202141041,’†‹–€ŒSº˜a’¬‰Í“Œ’†“‡,191,,
19384-0900-15.zip,202202141041,’†‹–€ŒSº˜a’¬‰Í“Œ’†“‡,192,,
19384-0900-15.zip,202202141041,’†‹–€ŒSº˜a’¬‰Í“Œ’†“‡,195,,
19384-0900-15.zip,202202141041,’†‹–€ŒSº˜a’¬‰Í“Œ’†“‡,196,,
19384-0900-15.zip,202202141041,’†‹–€ŒSº˜a’¬‰Í“Œ’†“‡,197,,
19384-0900-15.zip,202202141041,’†‹–€ŒSº˜a’¬‰Í“Œ’†“‡,199,,
19384-0900-15.zip,202202141041,’†‹–€ŒSº˜a’¬‰Í“Œ’†“‡,200,,
19384-0900-15.zip,202202141041,’†‹–€ŒSº˜a’¬‰Í“Œ’†“‡,201,,
19384-0900-15.zip,202202141041,’†‹–€ŒSº˜a’¬‰Í“Œ’†“‡,202,,
19384-0900-15.zip,202202141041,’†‹–€ŒSº˜a’¬‰Í“Œ’†“‡,203,,
19384-0900-15.zip,202202141041,’†‹–€ŒSº˜a’¬‰Í“Œ’†“‡,204,,
19384-0900-15.zip,202202141041,’†‹–€ŒSº˜a’¬‰Í“Œ’†“‡,205,,
19384-0900-15.zip,202202141041,’†‹–€ŒSº˜a’¬‰Í“Œ’†“‡,206,,
19384-0900-15.zip,202202141041,’†‹–€ŒSº˜a’¬‰Í“Œ’†“‡,207,,
19384-0900-15.zip,202202141041,’†‹–€ŒSº˜a’¬‰Í“Œ’†“‡,208,,
19384-0900-15.zip,202202141041,’†‹–€ŒSº˜a’¬‰Í“Œ’†“‡,209,,
19384-0900-15.zip,202202141041,’†‹–€ŒSº˜a’¬‰Í“Œ’†“‡,210,,
19384-0900-15.zip,202202141041,’†‹–€ŒSº˜a’¬‰Í“Œ’†“‡,211,,
19384-0900-15.zip,202202141041,’†‹–€ŒSº˜a’¬‰Í“Œ’†“‡,212,,
19384-0900-15.zip,202202141041,’†‹–€ŒSº˜a’¬‰Í“Œ’†“‡,213,,
19384-0900-15.zip,202202141041,’†‹–€ŒSº˜a’¬‰Í“Œ’†“‡,214,,
19384-0900-15.zip,202202141041,’†‹–€ŒSº˜a’¬‰Í“Œ’†“‡,215,,
19384-0900-15.zip,202202141041,’†‹–€ŒSº˜a’¬‰Í“Œ’†“‡,216,,
19384-0900-15.zip,202202141041,’†‹–€ŒSº˜a’¬‰Í“Œ’†“‡,…-600,,
19384-0900-15.zip,202202141041,’†‹–€ŒSº˜a’¬‰Í“Œ’†“‡,…-613,,
19384-0900-15.zip,202202141041,’†‹–€ŒSº˜a’¬‰Í“Œ’†“‡,217,,
19384-0900-15.zip,202202141041,’†‹–€ŒSº˜a’¬‰Í“Œ’†“‡,219,,
19384-0900-15.zip,202202141041,’†‹–€ŒSº˜a’¬‰Í“Œ’†“‡,220-1,,
19384-0900-15.zip,202202141041,’†‹–€ŒSº˜a’¬‰Í“Œ’†“‡,220-2,,
19384-0900-15.zip,202202141041,’†‹–€ŒSº˜a’¬‰Í“Œ’†“‡,221,,
19384-0900-15.zip,202202141041,’†‹–€ŒSº˜a’¬‰Í“Œ’†“‡,222,,
19384-0900-15.zip,202202141041,’†‹–€ŒSº˜a’¬‰Í“Œ’†“‡,223,,
19384-0900-15.zip,202202141041,’†‹–€ŒSº˜a’¬‰Í“Œ’†“‡,224,,
19384-0900-15.zip,202202141041,’†‹–€ŒSº˜a’¬‰Í“Œ’†“‡,225,,
19384-0900-15.zip,202202141041,’†‹–€ŒSº˜a’¬‰Í“Œ’†“‡,229,,
19384-0900-15.zip,202202141041,’†‹–€ŒSº˜a’¬‰Í“Œ’†“‡,230,,
19384-0900-15.zip,202202141041,’†‹–€ŒSº˜a’¬‰Í“Œ’†“‡,232,,
19384-0900-15.zip,202202141041,’†‹–€ŒSº˜a’¬‰Í“Œ’†“‡,235,,
19384-0900-15.zip,202202141041,’†‹–€ŒSº˜a’¬‰Í“Œ’†“‡,238-1,,
19384-0900-15.zip,202202141041,’†‹–€ŒSº˜a’¬‰Í“Œ’†“‡,241,,
19384-0900-15.zip,202202141041,’†‹–€ŒSº˜a’¬‰Í“Œ’†“‡,245,,
19384-0900-15.zip,202202141041,’†‹–€ŒSº˜a’¬‰Í“Œ’†“‡,245-2,,
19384-0900-15.zip,202202141041,’†‹–€ŒSº˜a’¬‰Í“Œ’†“‡,246,,
19384-0900-15.zip,202202141041,’†‹–€ŒSº˜a’¬‰Í“Œ’†“‡,247,,
19384-0900-15.zip,202202141041,’†‹–€ŒSº˜a’¬‰Í“Œ’†“‡,249,,
19384-0900-15.zip,202202141041,’†‹–€ŒSº˜a’¬‰Í“Œ’†“‡,249-2,,
19384-0900-15.zip,202202141041,’†‹–€ŒSº˜a’¬‰Í“Œ’†“‡,250-1,,
19384-0900-15.zip,202202141041,’†‹–€ŒSº˜a’¬‰Í“Œ’†“‡,251-1,,
19384-0900-15.zip,202202141041,’†‹–€ŒSº˜a’¬‰Í“Œ’†“‡,251-2,,
19384-0900-15.zip,202202141041,’†‹–€ŒSº˜a’¬‰Í“Œ’†“‡,251-3,,
19384-0900-15.zip,202202141041,’†‹–€ŒSº˜a’¬‰Í“Œ’†“‡,252-1,,
19384-0900-15.zip,202202141041,’†‹–€ŒSº˜a’¬‰Í“Œ’†“‡,252-2,,
19384-0900-15.zip,202202141041,’†‹–€ŒSº˜a’¬‰Í“Œ’†“‡,252-3,,
19384-0900-15.zip,202202141041,’†‹–€ŒSº˜a’¬‰Í“Œ’†“‡,253,,
19384-0900-15.zip,202202141041,’†‹–€ŒSº˜a’¬‰Í“Œ’†“‡,254-1,,
19384-0900-15.zip,202202141041,’†‹–€ŒSº˜a’¬‰Í“Œ’†“‡,254-3,,
19384-0900-15.zip,202202141041,’†‹–€ŒSº˜a’¬‰Í“Œ’†“‡,255,,
19384-0900-15.zip,202202141041,’†‹–€ŒSº˜a’¬‰Í“Œ’†“‡,260-2,,
19384-0900-15.zip,202202141041,’†‹–€ŒSº˜a’¬‰Í“Œ’†“‡,261-1,,
19384-0900-15.zip,202202141041,’†‹–€ŒSº˜a’¬‰Í“Œ’†“‡,261-2,,
19384-0900-15.zip,202202141041,’†‹–€ŒSº˜a’¬‰Í“Œ’†“‡,263-1,,
19384-0900-15.zip,202202141041,’†‹–€ŒSº˜a’¬‰Í“Œ’†“‡,263-2,,
19384-0900-15.zip,202202141041,’†‹–€ŒSº˜a’¬‰Í“Œ’†“‡,264,,
19384-0900-15.zip,202202141041,’†‹–€ŒSº˜a’¬‰Í“Œ’†“‡,265,,
19384-0900-15.zip,202202141041,’†‹–€ŒSº˜a’¬‰Í“Œ’†“‡,266-1,,
19384-0900-15.zip,202202141041,’†‹–€ŒSº˜a’¬‰Í“Œ’†“‡,266-2,,
19384-0900-15.zip,202202141041,’†‹–€ŒSº˜a’¬‰Í“Œ’†“‡,266-3,,
19384-0900-15.zip,202202141041,’†‹–€ŒSº˜a’¬‰Í“Œ’†“‡,266-4,,
19384-0900-15.zip,202202141041,’†‹–€ŒSº˜a’¬‰Í“Œ’†“‡,267-1,,
19384-0900-15.zip,202202141041,’†‹–€ŒSº˜a’¬‰Í“Œ’†“‡,267-2,,
19384-0900-15.zip,202202141041,’†‹–€ŒSº˜a’¬‰Í“Œ’†“‡,267-3,,
19384-0900-15.zip,202202141041,’†‹–€ŒSº˜a’¬‰Í“Œ’†“‡,267-4,,
19384-0900-15.zip,202202141041,’†‹–€ŒSº˜a’¬‰Í“Œ’†“‡,268-1,,
19384-0900-15.zip,202202141041,’†‹–€ŒSº˜a’¬‰Í“Œ’†“‡,268-2,,
19384-0900-15.zip,202202141041,’†‹–€ŒSº˜a’¬‰Í“Œ’†“‡,268-3,,
19384-0900-15.zip,202202141041,’†‹–€ŒSº˜a’¬‰Í“Œ’†“‡,268-4,,
19384-0900-15.zip,202202141041,’†‹–€ŒSº˜a’¬‰Í“Œ’†“‡,270,,
19384-0900-15.zip,202202141041,’†‹–€ŒSº˜a’¬‰Í“Œ’†“‡,271-1,,
19384-0900-15.zip,202202141041,’†‹–€ŒSº˜a’¬‰Í“Œ’†“‡,271-2,,
19384-0900-15.zip,202202141041,’†‹–€ŒSº˜a’¬‰Í“Œ’†“‡,271-3,,
19384-0900-15.zip,202202141041,’†‹–€ŒSº˜a’¬‰Í“Œ’†“‡,271-4,,
19384-0900-15.zip,202202141041,’†‹–€ŒSº˜a’¬‰Í“Œ’†“‡,271-5,,
19384-0900-15.zip,202202141041,’†‹–€ŒSº˜a’¬‰Í“Œ’†“‡,273,,
19384-0900-15.zip,202202141041,’†‹–€ŒSº˜a’¬‰Í“Œ’†“‡,278-1,,
19384-0900-15.zip,202202141041,’†‹–€ŒSº˜a’¬‰Í“Œ’†“‡,278-2,,
19384-0900-15.zip,202202141041,’†‹–€ŒSº˜a’¬‰Í“Œ’†“‡,278-3,,
19384-0900-15.zip,202202141041,’†‹–€ŒSº˜a’¬‰Í“Œ’†“‡,278-4,,
19384-0900-15.zip,202202141041,’†‹–€ŒSº˜a’¬‰Í“Œ’†“‡,279,,
19384-0900-15.zip,202202141041,’†‹–€ŒSº˜a’¬‰Í“Œ’†“‡,280,,
19384-0900-15.zip,202202141041,’†‹–€ŒSº˜a’¬‰Í“Œ’†“‡,281,,
19384-0900-15.zip,202202141041,’†‹–€ŒSº˜a’¬‰Í“Œ’†“‡,282-1,,
19384-0900-15.zip,202202141041,’†‹–€ŒSº˜a’¬‰Í“Œ’†“‡,282-3,,
19384-0900-15.zip,202202141041,’†‹–€ŒSº˜a’¬‰Í“Œ’†“‡,283-2,,
19384-0900-15.zip,202202141041,’†‹–€ŒSº˜a’¬‰Í“Œ’†“‡,284-2,,
19384-0900-15.zip,202202141041,’†‹–€ŒSº˜a’¬‰Í“Œ’†“‡,287-1,,
19384-0900-15.zip,202202141041,’†‹–€ŒSº˜a’¬‰Í“Œ’†“‡,287-2,,
19384-0900-15.zip,202202141041,’†‹–€ŒSº˜a’¬‰Í“Œ’†“‡,288-1,,
19384-0900-15.zip,202202141041,’†‹–€ŒSº˜a’¬‰Í“Œ’†“‡,288-2,,
19384-0900-15.zip,202202141041,’†‹–€ŒSº˜a’¬‰Í“Œ’†“‡,288-3,,
19384-0900-15.zip,202202141041,’†‹–€ŒSº˜a’¬‰Í“Œ’†“‡,289-1,,
19384-0900-15.zip,202202141041,’†‹–€ŒSº˜a’¬‰Í“Œ’†“‡,290-1,,
19384-0900-15.zip,202202141041,’†‹–€ŒSº˜a’¬‰Í“Œ’†“‡,290-2,,
19384-0900-15.zip,202202141041,’†‹–€ŒSº˜a’¬‰Í“Œ’†“‡,291-1,,
19384-0900-15.zip,202202141041,’†‹–€ŒSº˜a’¬‰Í“Œ’†“‡,291-2,,
19384-0900-15.zip,202202141041,’†‹–€ŒSº˜a’¬‰Í“Œ’†“‡,291-3,,
19384-0900-15.zip,202202141041,’†‹–€ŒSº˜a’¬‰Í“Œ’†“‡,294-1,,
19384-0900-15.zip,202202141041,’†‹–€ŒSº˜a’¬‰Í“Œ’†“‡,294-2,,
19384-0900-15.zip,202202141041,’†‹–€ŒSº˜a’¬‰Í“Œ’†“‡,294-3,,
19384-0900-15.zip,202202141041,’†‹–€ŒSº˜a’¬‰Í“Œ’†“‡,296,,
19384-0900-15.zip,202202141041,’†‹–€ŒSº˜a’¬‰Í“Œ’†“‡,297,,
19384-0900-15.zip,202202141041,’†‹–€ŒSº˜a’¬‰Í“Œ’†“‡,298,,
19384-0900-15.zip,202202141041,’†‹–€ŒSº˜a’¬‰Í“Œ’†“‡,303-1,,
19384-0900-15.zip,202202141041,’†‹–€ŒSº˜a’¬‰Í“Œ’†“‡,303-2,,
19384-0900-15.zip,202202141041,’†‹–€ŒSº˜a’¬‰Í“Œ’†“‡,304-1,,
19384-0900-15.zip,202202141041,’†‹–€ŒSº˜a’¬‰Í“Œ’†“‡,304-2,,
19384-0900-15.zip,202202141041,’†‹–€ŒSº˜a’¬‰Í“Œ’†“‡,306,,
19384-0900-15.zip,202202141041,’†‹–€ŒSº˜a’¬‰Í“Œ’†“‡,307,,
19384-0900-15.zip,202202141041,’†‹–€ŒSº˜a’¬‰Í“Œ’†“‡,311,,
19384-0900-15.zip,202202141041,’†‹–€ŒSº˜a’¬‰Í“Œ’†“‡,312,,
19384-0900-15.zip,202202141041,’†‹–€ŒSº˜a’¬‰Í“Œ’†“‡,313,,
19384-0900-15.zip,202202141041,’†‹–€ŒSº˜a’¬‰Í“Œ’†“‡,314,,
19384-0900-15.zip,202202141041,’†‹–€ŒSº˜a’¬‰Í“Œ’†“‡,315,,
19384-0900-15.zip,202202141041,’†‹–€ŒSº˜a’¬‰Í“Œ’†“‡,318,,
19384-0900-15.zip,202202141041,’†‹–€ŒSº˜a’¬‰Í“Œ’†“‡,319,,
19384-0900-15.zip,202202141041,’†‹–€ŒSº˜a’¬‰Í“Œ’†“‡,323,,
19384-0900-15.zip,202202141041,’†‹–€ŒSº˜a’¬‰Í“Œ’†“‡,324,,
19384-0900-15.zip,202202141041,’†‹–€ŒSº˜a’¬‰Í“Œ’†“‡,325,,
19384-0900-15.zip,202202141041,’†‹–€ŒSº˜a’¬‰Í“Œ’†“‡,326-1,,
19384-0900-15.zip,202202141041,’†‹–€ŒSº˜a’¬‰Í“Œ’†“‡,328-3,,
19384-0900-15.zip,202202141041,’†‹–€ŒSº˜a’¬‰Í“Œ’†“‡,330-1,,
19384-0900-15.zip,202202141041,’†‹–€ŒSº˜a’¬‰Í“Œ’†“‡,330-2,,
19384-0900-15.zip,202202141041,’†‹–€ŒSº˜a’¬‰Í“Œ’†“‡,331-1,,
19384-0900-15.zip,202202141041,’†‹–€ŒSº˜a’¬‰Í“Œ’†“‡,331-2,,
19384-0900-15.zip,202202141041,’†‹–€ŒSº˜a’¬‰Í“Œ’†“‡,334,,
19384-0900-15.zip,202202141041,’†‹–€ŒSº˜a’¬‰Í“Œ’†“‡,335-2,,
19384-0900-15.zip,202202141041,’†‹–€ŒSº˜a’¬‰Í“Œ’†“‡,336-2,,
19384-0900-15.zip,202202141041,’†‹–€ŒSº˜a’¬‰Í“Œ’†“‡,337-1,,
19384-0900-15.zip,202202141041,’†‹–€ŒSº˜a’¬‰Í“Œ’†“‡,337-3,,
19384-0900-15.zip,202202141041,’†‹–€ŒSº˜a’¬‰Í“Œ’†“‡,338,,
19384-0900-15.zip,202202141041,’†‹–€ŒSº˜a’¬‰Í“Œ’†“‡,339-2,,
19384-0900-15.zip,202202141041,’†‹–€ŒSº˜a’¬‰Í“Œ’†“‡,340-2,,
19384-0900-15.zip,202202141041,’†‹–€ŒSº˜a’¬‰Í“Œ’†“‡,341-1,,
19384-0900-15.zip,202202141041,’†‹–€ŒSº˜a’¬‰Í“Œ’†“‡,341-2,,
19384-0900-15.zip,202202141041,’†‹–€ŒSº˜a’¬‰Í“Œ’†“‡,342-2,,
19384-0900-15.zip,202202141041,’†‹–€ŒSº˜a’¬‰Í“Œ’†“‡,344-2,,
19384-0900-15.zip,202202141041,’†‹–€ŒSº˜a’¬‰Í“Œ’†“‡,347,,
19384-0900-15.zip,202202141041,’†‹–€ŒSº˜a’¬‰Í“Œ’†“‡,348-2,,
19384-0900-15.zip,202202141041,’†‹–€ŒSº˜a’¬‰Í“Œ’†“‡,349,,
19384-0900-15.zip,202202141041,’†‹–€ŒSº˜a’¬‰Í“Œ’†“‡,350-1,,
19384-0900-15.zip,202202141041,’†‹–€ŒSº˜a’¬‰Í“Œ’†“‡,350-2,,
19384-0900-15.zip,202202141041,’†‹–€ŒSº˜a’¬‰Í“Œ’†“‡,351,,
19384-0900-15.zip,202202141041,’†‹–€ŒSº˜a’¬‰Í“Œ’†“‡,352,,
19384-0900-15.zip,202202141041,’†‹–€ŒSº˜a’¬‰Í“Œ’†“‡,353-1,,
19384-0900-15.zip,202202141041,’†‹–€ŒSº˜a’¬‰Í“Œ’†“‡,353-2,,
19384-0900-15.zip,202202141041,’†‹–€ŒSº˜a’¬‰Í“Œ’†“‡,353-3,,
19384-0900-15.zip,202202141041,’†‹–€ŒSº˜a’¬‰Í“Œ’†“‡,354,,
19384-0900-15.zip,202202141041,’†‹–€ŒSº˜a’¬‰Í“Œ’†“‡,355,,
19384-0900-15.zip,202202141041,’†‹–€ŒSº˜a’¬‰Í“Œ’†“‡,356,,
19384-0900-15.zip,202202141041,’†‹–€ŒSº˜a’¬‰Í“Œ’†“‡,361,,
19384-0900-15.zip,202202141041,’†‹–€ŒSº˜a’¬‰Í“Œ’†“‡,362,,
19384-0900-15.zip,202202141041,’†‹–€ŒSº˜a’¬‰Í“Œ’†“‡,364-1,,
19384-0900-15.zip,202202141041,’†‹–€ŒSº˜a’¬‰Í“Œ’†“‡,365,,
19384-0900-15.zip,202202141041,’†‹–€ŒSº˜a’¬‰Í“Œ’†“‡,367-1,,
19384-0900-15.zip,202202141041,’†‹–€ŒSº˜a’¬‰Í“Œ’†“‡,367-3,,
19384-0900-15.zip,202202141041,’†‹–€ŒSº˜a’¬‰Í“Œ’†“‡,367-4,,
19384-0900-15.zip,202202141041,’†‹–€ŒSº˜a’¬‰Í“Œ’†“‡,367-5,,
19384-0900-15.zip,202202141041,’†‹–€ŒSº˜a’¬‰Í“Œ’†“‡,367-6,,
19384-0900-15.zip,202202141041,’†‹–€ŒSº˜a’¬‰Í“Œ’†“‡,368,,
19384-0900-15.zip,202202141041,’†‹–€ŒSº˜a’¬‰Í“Œ’†“‡,369,,
19384-0900-15.zip,202202141041,’†‹–€ŒSº˜a’¬‰Í“Œ’†“‡,“¹-1,,
19384-0900-15.zip,202202141041,’†‹–€ŒSº˜a’¬‰Í“Œ’†“‡,“¹-4,,
19384-0900-15.zip,202202141041,’†‹–€ŒSº˜a’¬‰Í“Œ’†“‡,“¹-12,,
19384-0900-15.zip,202202141041,’†‹–€ŒSº˜a’¬‰Í“Œ’†“‡,“¹-13,,
19384-0900-15.zip,202202141041,’†‹–€ŒSº˜a’¬‰Í“Œ’†“‡,“¹-14,,
19384-0900-15.zip,202202141041,’†‹–€ŒSº˜a’¬‰Í“Œ’†“‡,“¹-470,,
19384-0900-15.zip,202202141041,’†‹–€ŒSº˜a’¬‰Í“Œ’†“‡,“¹-484,,
19384-0900-15.zip,202202141041,’†‹–€ŒSº˜a’¬‰Í“Œ’†“‡,“¹-499,,
19384-0900-15.zip,202202141041,’†‹–€ŒSº˜a’¬‰Í“Œ’†“‡,“¹-511,,
19384-0900-15.zip,202202141041,’†‹–€ŒSº˜a’¬‰Í“Œ’†“‡,“¹-518,,
19384-0900-15.zip,202202141041,’†‹–€ŒSº˜a’¬‰Í“Œ’†“‡,“¹-523,,
19384-0900-15.zip,202202141041,’†‹–€ŒSº˜a’¬‰Í“Œ’†“‡,“¹-526,,
19384-0900-15.zip,202202141041,’†‹–€ŒSº˜a’¬‰Í“Œ’†“‡,“¹-533,,
19384-0900-15.zip,202202141041,’†‹–€ŒSº˜a’¬‰Í“Œ’†“‡,…-4,,
19384-0900-15.zip,202202141041,’†‹–€ŒSº˜a’¬‰Í“Œ’†“‡,…-605,,
19384-0900-15.zip,202202141041,’†‹–€ŒSº˜a’¬‰Í“Œ’†“‡,…-622,,
19384-0900-15.zip,202202141041,’†‹–€ŒSº˜a’¬‰Í“Œ’†“‡,…-651,,
19384-0900-15.zip,202202141041,’†‹–€ŒSº˜a’¬‰Í“Œ’†“‡,…-668,,
19384-0900-15.zip,202202141041,’†‹–€ŒSº˜a’¬‰Í“Œ’†“‡,…-673,,
19384-0900-15.zip,202202141041,’†‹–€ŒSº˜a’¬‰Í“Œ’†“‡,…-680,,
19384-0900-15.zip,202202141041,’†‹–€ŒSº˜a’¬‰Í“Œ’†“‡,…-691,,
19384-0900-15.zip,202202141041,’†‹–€ŒSº˜a’¬‰Í“Œ’†“‡,370,,
19384-0900-15.zip,202202141041,’†‹–€ŒSº˜a’¬‰Í“Œ’†“‡,371-2,,
19384-0900-15.zip,202202141041,’†‹–€ŒSº˜a’¬‰Í“Œ’†“‡,371-3,,
19384-0900-15.zip,202202141041,’†‹–€ŒSº˜a’¬‰Í“Œ’†“‡,371-4,,
19384-0900-15.zip,202202141041,’†‹–€ŒSº˜a’¬‰Í“Œ’†“‡,371-5,,
19384-0900-15.zip,202202141041,’†‹–€ŒSº˜a’¬‰Í“Œ’†“‡,371-6,,
19384-0900-15.zip,202202141041,’†‹–€ŒSº˜a’¬‰Í“Œ’†“‡,371-7,,
19384-0900-15.zip,202202141041,’†‹–€ŒSº˜a’¬‰Í“Œ’†“‡,372,,
19384-0900-15.zip,202202141041,’†‹–€ŒSº˜a’¬‰Í“Œ’†“‡,374,,
19384-0900-15.zip,202202141041,’†‹–€ŒSº˜a’¬‰Í“Œ’†“‡,375,,
19384-0900-15.zip,202202141041,’†‹–€ŒSº˜a’¬‰Í“Œ’†“‡,378-1,,
19384-0900-15.zip,202202141041,’†‹–€ŒSº˜a’¬‰Í“Œ’†“‡,378-2,,
19384-0900-15.zip,202202141041,’†‹–€ŒSº˜a’¬‰Í“Œ’†“‡,378-3,,
19384-0900-15.zip,202202141041,’†‹–€ŒSº˜a’¬‰Í“Œ’†“‡,387-1,,
19384-0900-15.zip,202202141041,’†‹–€ŒSº˜a’¬‰Í“Œ’†“‡,387-2,,
19384-0900-15.zip,202202141041,’†‹–€ŒSº˜a’¬‰Í“Œ’†“‡,387-3,,
19384-0900-15.zip,202202141041,’†‹–€ŒSº˜a’¬‰Í“Œ’†“‡,390,,
19384-0900-15.zip,202202141041,’†‹–€ŒSº˜a’¬‰Í“Œ’†“‡,391,,
19384-0900-15.zip,202202141041,’†‹–€ŒSº˜a’¬‰Í“Œ’†“‡,392,,
19384-0900-15.zip,202202141041,’†‹–€ŒSº˜a’¬‰Í“Œ’†“‡,394,,
19384-0900-15.zip,202202141041,’†‹–€ŒSº˜a’¬‰Í“Œ’†“‡,395,,
19384-0900-15.zip,202202141041,’†‹–€ŒSº˜a’¬‰Í“Œ’†“‡,398-1,,
19384-0900-15.zip,202202141041,’†‹–€ŒSº˜a’¬‰Í“Œ’†“‡,402-2,,
19384-0900-15.zip,202202141041,’†‹–€ŒSº˜a’¬‰Í“Œ’†“‡,404-1,,
19384-0900-15.zip,202202141041,’†‹–€ŒSº˜a’¬‰Í“Œ’†“‡,404-2,,
19384-0900-15.zip,202202141041,’†‹–€ŒSº˜a’¬‰Í“Œ’†“‡,404-3,,
19384-0900-15.zip,202202141041,’†‹–€ŒSº˜a’¬‰Í“Œ’†“‡,404-4,,
19384-0900-15.zip,202202141041,’†‹–€ŒSº˜a’¬‰Í“Œ’†“‡,404-5,,
19384-0900-15.zip,202202141041,’†‹–€ŒSº˜a’¬‰Í“Œ’†“‡,404-6,,
19384-0900-15.zip,202202141041,’†‹–€ŒSº˜a’¬‰Í“Œ’†“‡,404-7,,
19384-0900-15.zip,202202141041,’†‹–€ŒSº˜a’¬‰Í“Œ’†“‡,406,,
19384-0900-15.zip,202202141041,’†‹–€ŒSº˜a’¬‰Í“Œ’†“‡,407,,
19384-0900-15.zip,202202141041,’†‹–€ŒSº˜a’¬‰Í“Œ’†“‡,408,,
19384-0900-15.zip,202202141041,’†‹–€ŒSº˜a’¬‰Í“Œ’†“‡,409,,
19384-0900-15.zip,202202141041,’†‹–€ŒSº˜a’¬‰Í“Œ’†“‡,410-1,,
19384-0900-15.zip,202202141041,’†‹–€ŒSº˜a’¬‰Í“Œ’†“‡,424-2,,
19384-0900-15.zip,202202141041,’†‹–€ŒSº˜a’¬‰Í“Œ’†“‡,424-3,,
19384-0900-15.zip,202202141041,’†‹–€ŒSº˜a’¬‰Í“Œ’†“‡,424-4,,
19384-0900-15.zip,202202141041,’†‹–€ŒSº˜a’¬‰Í“Œ’†“‡,424-5,,
19384-0900-15.zip,202202141041,’†‹–€ŒSº˜a’¬‰Í“Œ’†“‡,424-6,,
19384-0900-15.zip,202202141041,’†‹–€ŒSº˜a’¬‰Í“Œ’†“‡,424-7,,
19384-0900-15.zip,202202141041,’†‹–€ŒSº˜a’¬‰Í“Œ’†“‡,424-8,,
19384-0900-15.zip,202202141041,’†‹–€ŒSº˜a’¬‰Í“Œ’†“‡,425-2,,
19384-0900-15.zip,202202141041,’†‹–€ŒSº˜a’¬‰Í“Œ’†“‡,426-2,,
19384-0900-15.zip,202202141041,’†‹–€ŒSº˜a’¬‰Í“Œ’†“‡,426-3,,
19384-0900-15.zip,202202141041,’†‹–€ŒSº˜a’¬‰Í“Œ’†“‡,426-4,,
19384-0900-15.zip,202202141041,’†‹–€ŒSº˜a’¬‰Í“Œ’†“‡,426-5,,
19384-0900-15.zip,202202141041,’†‹–€ŒSº˜a’¬‰Í“Œ’†“‡,426-6,,
19384-0900-15.zip,202202141041,’†‹–€ŒSº˜a’¬‰Í“Œ’†“‡,428-1,,
19384-0900-15.zip,202202141041,’†‹–€ŒSº˜a’¬‰Í“Œ’†“‡,429-1,,
19384-0900-15.zip,202202141041,’†‹–€ŒSº˜a’¬‰Í“Œ’†“‡,429-2,,
19384-0900-15.zip,202202141041,’†‹–€ŒSº˜a’¬‰Í“Œ’†“‡,429-3,,
19384-0900-15.zip,202202141041,’†‹–€ŒSº˜a’¬‰Í“Œ’†“‡,429-4,,
19384-0900-15.zip,202202141041,’†‹–€ŒSº˜a’¬‰Í“Œ’†“‡,429-5,,
19384-0900-15.zip,202202141041,’†‹–€ŒSº˜a’¬‰Í“Œ’†“‡,430-2,,
19384-0900-15.zip,202202141041,’†‹–€ŒSº˜a’¬‰Í“Œ’†“‡,“¹-5,,
19384-0900-15.zip,202202141041,’†‹–€ŒSº˜a’¬‰Í“Œ’†“‡,“¹-6,,
19384-0900-15.zip,202202141041,’†‹–€ŒSº˜a’¬‰Í“Œ’†“‡,“¹-459,,
19384-0900-15.zip,202202141041,’†‹–€ŒSº˜a’¬‰Í“Œ’†“‡,“¹-473,,
19384-0900-15.zip,202202141041,’†‹–€ŒSº˜a’¬‰Í“Œ’†“‡,“¹-476,,
19384-0900-15.zip,202202141041,’†‹–€ŒSº˜a’¬‰Í“Œ’†“‡,“¹-492,,
19384-0900-15.zip,202202141041,’†‹–€ŒSº˜a’¬‰Í“Œ’†“‡,“¹-514,,
19384-0900-15.zip,202202141041,’†‹–€ŒSº˜a’¬‰Í“Œ’†“‡,…-2,,
19384-0900-15.zip,202202141041,’†‹–€ŒSº˜a’¬‰Í“Œ’†“‡,…-624,,
19384-0900-15.zip,202202141041,’†‹–€ŒSº˜a’¬‰Í“Œ’†“‡,…-640,,
19384-0900-15.zip,202202141041,’†‹–€ŒSº˜a’¬‰Í“Œ’†“‡,…-646,,
19384-0900-15.zip,202202141041,’†‹–€ŒSº˜a’¬‰Í“Œ’†“‡,…-661,,
19384-0900-15.zip,202202141041,’†‹–€ŒSº˜a’¬‰Í“Œ’†“‡,431,,
19384-0900-15.zip,202202141041,’†‹–€ŒSº˜a’¬‰Í“Œ’†“‡,433,,
19384-0900-15.zip,202202141041,’†‹–€ŒSº˜a’¬‰Í“Œ’†“‡,437-1,,
19384-0900-15.zip,202202141041,’†‹–€ŒSº˜a’¬‰Í“Œ’†“‡,437-2,,
19384-0900-15.zip,202202141041,’†‹–€ŒSº˜a’¬‰Í“Œ’†“‡,437-3,,
19384-0900-15.zip,202202141041,’†‹–€ŒSº˜a’¬‰Í“Œ’†“‡,439,,
19384-0900-15.zip,202202141041,’†‹–€ŒSº˜a’¬‰Í“Œ’†“‡,440-1,,
19384-0900-15.zip,202202141041,’†‹–€ŒSº˜a’¬‰Í“Œ’†“‡,440-3,,
19384-0900-15.zip,202202141041,’†‹–€ŒSº˜a’¬‰Í“Œ’†“‡,441-1,,
19384-0900-15.zip,202202141041,’†‹–€ŒSº˜a’¬‰Í“Œ’†“‡,441-3,,
19384-0900-15.zip,202202141041,’†‹–€ŒSº˜a’¬‰Í“Œ’†“‡,441-4,,
19384-0900-15.zip,202202141041,’†‹–€ŒSº˜a’¬‰Í“Œ’†“‡,442,,
19384-0900-15.zip,202202141041,’†‹–€ŒSº˜a’¬‰Í“Œ’†“‡,442-2,,
19384-0900-15.zip,202202141041,’†‹–€ŒSº˜a’¬‰Í“Œ’†“‡,443-1,,
19384-0900-15.zip,202202141041,’†‹–€ŒSº˜a’¬‰Í“Œ’†“‡,443-2,,
19384-0900-15.zip,202202141041,’†‹–€ŒSº˜a’¬‰Í“Œ’†“‡,445,,
19384-0900-15.zip,202202141041,’†‹–€ŒSº˜a’¬‰Í“Œ’†“‡,446,,
19384-0900-15.zip,202202141041,’†‹–€ŒSº˜a’¬‰Í“Œ’†“‡,447-2,,
19384-0900-15.zip,202202141041,’†‹–€ŒSº˜a’¬‰Í“Œ’†“‡,448-1,,
19384-0900-15.zip,202202141041,’†‹–€ŒSº˜a’¬‰Í“Œ’†“‡,448-6,,
19384-0900-15.zip,202202141041,’†‹–€ŒSº˜a’¬‰Í“Œ’†“‡,448-7,,
19384-0900-15.zip,202202141041,’†‹–€ŒSº˜a’¬‰Í“Œ’†“‡,451,,
19384-0900-15.zip,202202141041,’†‹–€ŒSº˜a’¬‰Í“Œ’†“‡,452,,
19384-0900-15.zip,202202141041,’†‹–€ŒSº˜a’¬‰Í“Œ’†“‡,453,,
19384-0900-15.zip,202202141041,’†‹–€ŒSº˜a’¬‰Í“Œ’†“‡,454,,
19384-0900-15.zip,202202141041,’†‹–€ŒSº˜a’¬‰Í“Œ’†“‡,455,,
19384-0900-15.zip,202202141041,’†‹–€ŒSº˜a’¬‰Í“Œ’†“‡,457,,
19384-0900-15.zip,202202141041,’†‹–€ŒSº˜a’¬‰Í“Œ’†“‡,458-4,,
19384-0900-15.zip,202202141041,’†‹–€ŒSº˜a’¬‰Í“Œ’†“‡,459-1,,
19384-0900-15.zip,202202141041,’†‹–€ŒSº˜a’¬‰Í“Œ’†“‡,459-2,,
19384-0900-15.zip,202202141041,’†‹–€ŒSº˜a’¬‰Í“Œ’†“‡,459-4,,
19384-0900-15.zip,202202141041,’†‹–€ŒSº˜a’¬‰Í“Œ’†“‡,459-5,,
19384-0900-15.zip,202202141041,’†‹–€ŒSº˜a’¬‰Í“Œ’†“‡,459-6,,
19384-0900-15.zip,202202141041,’†‹–€ŒSº˜a’¬‰Í“Œ’†“‡,461-2,,
19384-0900-15.zip,202202141041,’†‹–€ŒSº˜a’¬‰Í“Œ’†“‡,462-1,,
19384-0900-15.zip,202202141041,’†‹–€ŒSº˜a’¬‰Í“Œ’†“‡,462-3,,
19384-0900-15.zip,202202141041,’†‹–€ŒSº˜a’¬‰Í“Œ’†“‡,462-4,,
19384-0900-15.zip,202202141041,’†‹–€ŒSº˜a’¬‰Í“Œ’†“‡,463-2,,
19384-0900-15.zip,202202141041,’†‹–€ŒSº˜a’¬‰Í“Œ’†“‡,463-7,,
19384-0900-15.zip,202202141041,’†‹–€ŒSº˜a’¬‰Í“Œ’†“‡,466,,
19384-0900-15.zip,202202141041,’†‹–€ŒSº˜a’¬‰Í“Œ’†“‡,467-1,,
19384-0900-15.zip,202202141041,’†‹–€ŒSº˜a’¬‰Í“Œ’†“‡,467-2,,
19384-0900-15.zip,202202141041,’†‹–€ŒSº˜a’¬‰Í“Œ’†“‡,468,,
19384-0900-15.zip,202202141041,’†‹–€ŒSº˜a’¬‰Í“Œ’†“‡,469,,
19384-0900-15.zip,202202141041,’†‹–€ŒSº˜a’¬‰Í“Œ’†“‡,470,,
19384-0900-15.zip,202202141041,’†‹–€ŒSº˜a’¬‰Í“Œ’†“‡,473-1,,
19384-0900-15.zip,202202141041,’†‹–€ŒSº˜a’¬‰Í“Œ’†“‡,473-2,,
19384-0900-15.zip,202202141041,’†‹–€ŒSº˜a’¬‰Í“Œ’†“‡,475,,
19384-0900-15.zip,202202141041,’†‹–€ŒSº˜a’¬‰Í“Œ’†“‡,476,,
19384-0900-15.zip,202202141041,’†‹–€ŒSº˜a’¬‰Í“Œ’†“‡,477,,
19384-0900-15.zip,202202141041,’†‹–€ŒSº˜a’¬‰Í“Œ’†“‡,478-1,,
19384-0900-15.zip,202202141041,’†‹–€ŒSº˜a’¬‰Í“Œ’†“‡,478-2,,
19384-0900-15.zip,202202141041,’†‹–€ŒSº˜a’¬‰Í“Œ’†“‡,478-3,,
19384-0900-15.zip,202202141041,’†‹–€ŒSº˜a’¬‰Í“Œ’†“‡,478-4,,
19384-0900-15.zip,202202141041,’†‹–€ŒSº˜a’¬‰Í“Œ’†“‡,478-5,,
19384-0900-15.zip,202202141041,’†‹–€ŒSº˜a’¬‰Í“Œ’†“‡,478-6,,
19384-0900-15.zip,202202141041,’†‹–€ŒSº˜a’¬‰Í“Œ’†“‡,479-1,,
19384-0900-15.zip,202202141041,’†‹–€ŒSº˜a’¬‰Í“Œ’†“‡,479-2,,
19384-0900-15.zip,202202141041,’†‹–€ŒSº˜a’¬‰Í“Œ’†“‡,480-1,,
19384-0900-15.zip,202202141041,’†‹–€ŒSº˜a’¬‰Í“Œ’†“‡,480-2,,
19384-0900-15.zip,202202141041,’†‹–€ŒSº˜a’¬‰Í“Œ’†“‡,481,,
19384-0900-15.zip,202202141041,’†‹–€ŒSº˜a’¬‰Í“Œ’†“‡,482-1,,
19384-0900-15.zip,202202141041,’†‹–€ŒSº˜a’¬‰Í“Œ’†“‡,482-2,,
19384-0900-15.zip,202202141041,’†‹–€ŒSº˜a’¬‰Í“Œ’†“‡,483-1,,
19384-0900-15.zip,202202141041,’†‹–€ŒSº˜a’¬‰Í“Œ’†“‡,483-2,,
19384-0900-15.zip,202202141041,’†‹–€ŒSº˜a’¬‰Í“Œ’†“‡,483-3,,
19384-0900-15.zip,202202141041,’†‹–€ŒSº˜a’¬‰Í“Œ’†“‡,484,,
19384-0900-15.zip,202202141041,’†‹–€ŒSº˜a’¬‰Í“Œ’†“‡,485,,
19384-0900-15.zip,202202141041,’†‹–€ŒSº˜a’¬‰Í“Œ’†“‡,486,,
19384-0900-15.zip,202202141041,’†‹–€ŒSº˜a’¬‰Í“Œ’†“‡,487-2,,
19384-0900-15.zip,202202141041,’†‹–€ŒSº˜a’¬‰Í“Œ’†“‡,487-5,,
19384-0900-15.zip,202202141041,’†‹–€ŒSº˜a’¬‰Í“Œ’†“‡,487-6,,
19384-0900-15.zip,202202141041,’†‹–€ŒSº˜a’¬‰Í“Œ’†“‡,488,,
19384-0900-15.zip,202202141041,’†‹–€ŒSº˜a’¬‰Í“Œ’†“‡,489,,
19384-0900-15.zip,202202141041,’†‹–€ŒSº˜a’¬‰Í“Œ’†“‡,490-2,,
19384-0900-15.zip,202202141041,’†‹–€ŒSº˜a’¬‰Í“Œ’†“‡,490-3,,
19384-0900-15.zip,202202141041,’†‹–€ŒSº˜a’¬‰Í“Œ’†“‡,490-4,,
19384-0900-15.zip,202202141041,’†‹–€ŒSº˜a’¬‰Í“Œ’†“‡,490-5,,
19384-0900-15.zip,202202141041,’†‹–€ŒSº˜a’¬‰Í“Œ’†“‡,491,,
19384-0900-15.zip,202202141041,’†‹–€ŒSº˜a’¬‰Í“Œ’†“‡,493,,
19384-0900-15.zip,202202141041,’†‹–€ŒSº˜a’¬‰Í“Œ’†“‡,494,,
19384-0900-15.zip,202202141041,’†‹–€ŒSº˜a’¬‰Í“Œ’†“‡,498-1,,
19384-0900-15.zip,202202141041,’†‹–€ŒSº˜a’¬‰Í“Œ’†“‡,498-2,,
19384-0900-15.zip,202202141041,’†‹–€ŒSº˜a’¬‰Í“Œ’†“‡,498-3,,
19384-0900-15.zip,202202141041,’†‹–€ŒSº˜a’¬‰Í“Œ’†“‡,498-4,,
19384-0900-15.zip,202202141041,’†‹–€ŒSº˜a’¬‰Í“Œ’†“‡,499-1,,
19384-0900-15.zip,202202141041,’†‹–€ŒSº˜a’¬‰Í“Œ’†“‡,499-2,,
19384-0900-15.zip,202202141041,’†‹–€ŒSº˜a’¬‰Í“Œ’†“‡,499-3,,
19384-0900-15.zip,202202141041,’†‹–€ŒSº˜a’¬‰Í“Œ’†“‡,499-4,,
19384-0900-15.zip,202202141041,’†‹–€ŒSº˜a’¬‰Í“Œ’†“‡,499-5,,
19384-0900-15.zip,202202141041,’†‹–€ŒSº˜a’¬‰Í“Œ’†“‡,503,,
19384-0900-15.zip,202202141041,’†‹–€ŒSº˜a’¬‰Í“Œ’†“‡,504-1,,
19384-0900-15.zip,202202141041,’†‹–€ŒSº˜a’¬‰Í“Œ’†“‡,506,,
19384-0900-15.zip,202202141041,’†‹–€ŒSº˜a’¬‰Í“Œ’†“‡,507-3,,
19384-0900-15.zip,202202141041,’†‹–€ŒSº˜a’¬‰Í“Œ’†“‡,508,,
19384-0900-15.zip,202202141041,’†‹–€ŒSº˜a’¬‰Í“Œ’†“‡,509,,
19384-0900-15.zip,202202141041,’†‹–€ŒSº˜a’¬‰Í“Œ’†“‡,510,,
19384-0900-15.zip,202202141041,’†‹–€ŒSº˜a’¬‰Í“Œ’†“‡,511-1,,
19384-0900-15.zip,202202141041,’†‹–€ŒSº˜a’¬‰Í“Œ’†“‡,511-2,,
19384-0900-15.zip,202202141041,’†‹–€ŒSº˜a’¬‰Í“Œ’†“‡,511-3,,
19384-0900-15.zip,202202141041,’†‹–€ŒSº˜a’¬‰Í“Œ’†“‡,512,,
19384-0900-15.zip,202202141041,’†‹–€ŒSº˜a’¬‰Í“Œ’†“‡,513-1,,
19384-0900-15.zip,202202141041,’†‹–€ŒSº˜a’¬‰Í“Œ’†“‡,513-2,,
19384-0900-15.zip,202202141041,’†‹–€ŒSº˜a’¬‰Í“Œ’†“‡,513-4,,
19384-0900-15.zip,202202141041,’†‹–€ŒSº˜a’¬‰Í“Œ’†“‡,514,,
19384-0900-15.zip,202202141041,’†‹–€ŒSº˜a’¬‰Í“Œ’†“‡,515,,
19384-0900-15.zip,202202141041,’†‹–€ŒSº˜a’¬‰Í“Œ’†“‡,516-1,,
19384-0900-15.zip,202202141041,’†‹–€ŒSº˜a’¬‰Í“Œ’†“‡,516-2,,
19384-0900-15.zip,202202141041,’†‹–€ŒSº˜a’¬‰Í“Œ’†“‡,518-1,,
19384-0900-15.zip,202202141041,’†‹–€ŒSº˜a’¬‰Í“Œ’†“‡,518-2,,
19384-0900-15.zip,202202141041,’†‹–€ŒSº˜a’¬‰Í“Œ’†“‡,518-3,,
19384-0900-15.zip,202202141041,’†‹–€ŒSº˜a’¬‰Í“Œ’†“‡,519-1,,
19384-0900-15.zip,202202141041,’†‹–€ŒSº˜a’¬‰Í“Œ’†“‡,519-3,,
19384-0900-15.zip,202202141041,’†‹–€ŒSº˜a’¬‰Í“Œ’†“‡,519-4,,
19384-0900-15.zip,202202141041,’†‹–€ŒSº˜a’¬‰Í“Œ’†“‡,520-1,,
19384-0900-15.zip,202202141041,’†‹–€ŒSº˜a’¬‰Í“Œ’†“‡,522,,
19384-0900-15.zip,202202141041,’†‹–€ŒSº˜a’¬‰Í“Œ’†“‡,524,,
19384-0900-15.zip,202202141041,’†‹–€ŒSº˜a’¬‰Í“Œ’†“‡,526-2,,
19384-0900-15.zip,202202141041,’†‹–€ŒSº˜a’¬‰Í“Œ’†“‡,527-1,,
19384-0900-15.zip,202202141041,’†‹–€ŒSº˜a’¬‰Í“Œ’†“‡,527-2,,
19384-0900-15.zip,202202141041,’†‹–€ŒSº˜a’¬‰Í“Œ’†“‡,527-3,,
19384-0900-15.zip,202202141041,’†‹–€ŒSº˜a’¬‰Í“Œ’†“‡,527-4,,
19384-0900-15.zip,202202141041,’†‹–€ŒSº˜a’¬‰Í“Œ’†“‡,527-5,,
19384-0900-15.zip,202202141041,’†‹–€ŒSº˜a’¬‰Í“Œ’†“‡,527-6,,
19384-0900-15.zip,202202141041,’†‹–€ŒSº˜a’¬‰Í“Œ’†“‡,527-7,,
19384-0900-15.zip,202202141041,’†‹–€ŒSº˜a’¬‰Í“Œ’†“‡,527-8,,
19384-0900-15.zip,202202141041,’†‹–€ŒSº˜a’¬‰Í“Œ’†“‡,528,,
19384-0900-15.zip,202202141041,’†‹–€ŒSº˜a’¬‰Í“Œ’†“‡,529-2,,
19384-0900-15.zip,202202141041,’†‹–€ŒSº˜a’¬‰Í“Œ’†“‡,529-3,,
19384-0900-15.zip,202202141041,’†‹–€ŒSº˜a’¬‰Í“Œ’†“‡,529-4,,
19384-0900-15.zip,202202141041,’†‹–€ŒSº˜a’¬‰Í“Œ’†“‡,529-5,,
19384-0900-15.zip,202202141041,’†‹–€ŒSº˜a’¬‰Í“Œ’†“‡,529-6,,
19384-0900-15.zip,202202141041,’†‹–€ŒSº˜a’¬‰Í“Œ’†“‡,529-7,,
19384-0900-15.zip,202202141041,’†‹–€ŒSº˜a’¬‰Í“Œ’†“‡,532-1,,
19384-0900-15.zip,202202141041,’†‹–€ŒSº˜a’¬‰Í“Œ’†“‡,533,,
19384-0900-15.zip,202202141041,’†‹–€ŒSº˜a’¬‰Í“Œ’†“‡,534-1,,
19384-0900-15.zip,202202141041,’†‹–€ŒSº˜a’¬‰Í“Œ’†“‡,534-3,,
19384-0900-15.zip,202202141041,’†‹–€ŒSº˜a’¬‰Í“Œ’†“‡,534-4,,
19384-0900-15.zip,202202141041,’†‹–€ŒSº˜a’¬‰Í“Œ’†“‡,534-5,,
19384-0900-15.zip,202202141041,’†‹–€ŒSº˜a’¬‰Í“Œ’†“‡,535-2,,
19384-0900-15.zip,202202141041,’†‹–€ŒSº˜a’¬‰Í“Œ’†“‡,535-3,,
19384-0900-15.zip,202202141041,’†‹–€ŒSº˜a’¬‰Í“Œ’†“‡,535-4,,
19384-0900-15.zip,202202141041,’†‹–€ŒSº˜a’¬‰Í“Œ’†“‡,535-5,,
19384-0900-15.zip,202202141041,’†‹–€ŒSº˜a’¬‰Í“Œ’†“‡,535-6,,
19384-0900-15.zip,202202141041,’†‹–€ŒSº˜a’¬‰Í“Œ’†“‡,535-7,,
19384-0900-15.zip,202202141041,’†‹–€ŒSº˜a’¬‰Í“Œ’†“‡,535-8,,
19384-0900-15.zip,202202141041,’†‹–€ŒSº˜a’¬‰Í“Œ’†“‡,535-9,,
19384-0900-15.zip,202202141041,’†‹–€ŒSº˜a’¬‰Í“Œ’†“‡,537-3,,
19384-0900-15.zip,202202141041,’†‹–€ŒSº˜a’¬‰Í“Œ’†“‡,537-4,,
19384-0900-15.zip,202202141041,’†‹–€ŒSº˜a’¬‰Í“Œ’†“‡,537-5,,
19384-0900-15.zip,202202141041,’†‹–€ŒSº˜a’¬‰Í“Œ’†“‡,537-6,,
19384-0900-15.zip,202202141041,’†‹–€ŒSº˜a’¬‰Í“Œ’†“‡,537-7,,
19384-0900-15.zip,202202141041,’†‹–€ŒSº˜a’¬‰Í“Œ’†“‡,537-8,,
19384-0900-15.zip,202202141041,’†‹–€ŒSº˜a’¬‰Í“Œ’†“‡,537-9,,
19384-0900-15.zip,202202141041,’†‹–€ŒSº˜a’¬‰Í“Œ’†“‡,537-10,,
19384-0900-15.zip,202202141041,’†‹–€ŒSº˜a’¬‰Í“Œ’†“‡,542-1,,
19384-0900-15.zip,202202141041,’†‹–€ŒSº˜a’¬‰Í“Œ’†“‡,542-2,,
19384-0900-15.zip,202202141041,’†‹–€ŒSº˜a’¬‰Í“Œ’†“‡,542-3,,
19384-0900-15.zip,202202141041,’†‹–€ŒSº˜a’¬‰Í“Œ’†“‡,542-4,,
19384-0900-15.zip,202202141041,’†‹–€ŒSº˜a’¬‰Í“Œ’†“‡,542-5,,
19384-0900-15.zip,202202141041,’†‹–€ŒSº˜a’¬‰Í“Œ’†“‡,542-6,,
19384-0900-15.zip,202202141041,’†‹–€ŒSº˜a’¬‰Í“Œ’†“‡,543-1,,
19384-0900-15.zip,202202141041,’†‹–€ŒSº˜a’¬‰Í“Œ’†“‡,544,,
19384-0900-15.zip,202202141041,’†‹–€ŒSº˜a’¬‰Í“Œ’†“‡,547,,
19384-0900-15.zip,202202141041,’†‹–€ŒSº˜a’¬‰Í“Œ’†“‡,547-2,,
19384-0900-15.zip,202202141041,’†‹–€ŒSº˜a’¬‰Í“Œ’†“‡,550-1,,
19384-0900-15.zip,202202141041,’†‹–€ŒSº˜a’¬‰Í“Œ’†“‡,–³’n”Ô-387,,
19384-0900-15.zip,202202141041,’†‹–€ŒSº˜a’¬‰Í“Œ’†“‡,“¹-9,,
19384-0900-15.zip,202202141041,’†‹–€ŒSº˜a’¬‰Í“Œ’†“‡,“¹-10,,
19384-0900-15.zip,202202141041,’†‹–€ŒSº˜a’¬‰Í“Œ’†“‡,“¹-11,,
19384-0900-15.zip,202202141041,’†‹–€ŒSº˜a’¬‰Í“Œ’†“‡,“¹-16,,
19384-0900-15.zip,202202141041,’†‹–€ŒSº˜a’¬‰Í“Œ’†“‡,“¹-17,,
19384-0900-15.zip,202202141041,’†‹–€ŒSº˜a’¬‰Í“Œ’†“‡,“¹-20,,
19384-0900-15.zip,202202141041,’†‹–€ŒSº˜a’¬‰Í“Œ’†“‡,“¹-448,,
19384-0900-15.zip,202202141041,’†‹–€ŒSº˜a’¬‰Í“Œ’†“‡,“¹-469,,
19384-0900-15.zip,202202141041,’†‹–€ŒSº˜a’¬‰Í“Œ’†“‡,“¹-477,,
19384-0900-15.zip,202202141041,’†‹–€ŒSº˜a’¬‰Í“Œ’†“‡,“¹-490,,
19384-0900-15.zip,202202141041,’†‹–€ŒSº˜a’¬‰Í“Œ’†“‡,“¹-498,,
19384-0900-15.zip,202202141041,’†‹–€ŒSº˜a’¬‰Í“Œ’†“‡,“¹-504,,
19384-0900-15.zip,202202141041,’†‹–€ŒSº˜a’¬‰Í“Œ’†“‡,“¹-513,,
19384-0900-15.zip,202202141041,’†‹–€ŒSº˜a’¬‰Í“Œ’†“‡,“¹-520,,
19384-0900-15.zip,202202141041,’†‹–€ŒSº˜a’¬‰Í“Œ’†“‡,“¹-529,,
19384-0900-15.zip,202202141041,’†‹–€ŒSº˜a’¬‰Í“Œ’†“‡,“¹-530,,
19384-0900-15.zip,202202141041,’†‹–€ŒSº˜a’¬‰Í“Œ’†“‡,“¹-532,,
19384-0900-15.zip,202202141041,’†‹–€ŒSº˜a’¬‰Í“Œ’†“‡,“¹-534,,
19384-0900-15.zip,202202141041,’†‹–€ŒSº˜a’¬‰Í“Œ’†“‡,“¹-537,,
19384-0900-15.zip,202202141041,’†‹–€ŒSº˜a’¬‰Í“Œ’†“‡,…-7,,
19384-0900-15.zip,202202141041,’†‹–€ŒSº˜a’¬‰Í“Œ’†“‡,…-8,,
19384-0900-15.zip,202202141041,’†‹–€ŒSº˜a’¬‰Í“Œ’†“‡,…-15,,
19384-0900-15.zip,202202141041,’†‹–€ŒSº˜a’¬‰Í“Œ’†“‡,…-607,,
19384-0900-15.zip,202202141041,’†‹–€ŒSº˜a’¬‰Í“Œ’†“‡,…-615,,
19384-0900-15.zip,202202141041,’†‹–€ŒSº˜a’¬‰Í“Œ’†“‡,…-627,,
19384-0900-15.zip,202202141041,’†‹–€ŒSº˜a’¬‰Í“Œ’†“‡,…-642,,
19384-0900-15.zip,202202141041,’†‹–€ŒSº˜a’¬‰Í“Œ’†“‡,…-665,,
19384-0900-15.zip,202202141041,’†‹–€ŒSº˜a’¬‰Í“Œ’†“‡,…-678,,
19384-0900-15.zip,202202141041,’†‹–€ŒSº˜a’¬‰Í“Œ’†“‡,…-682,,
19384-0900-15.zip,202202141041,’†‹–€ŒSº˜a’¬‰Í“Œ’†“‡,…-686,,
19384-0900-15.zip,202202141041,’†‹–€ŒSº˜a’¬‰Í“Œ’†“‡,…-688,,
19384-0900-15.zip,202202141041,’†‹–€ŒSº˜a’¬‰Í“Œ’†“‡,…-693,,
19384-0900-15.zip,202202141041,’†‹–€ŒSº˜a’¬‰Í“Œ’†“‡,…-694,,
19384-0900-15.zip,202202141041,’†‹–€ŒSº˜a’¬‰Í“Œ’†“‡,…-697,,
19384-0900-15.zip,202202141041,’†‹–€ŒSº˜a’¬‰Í“Œ’†“‡,’·‹·•¨•s–¾-225,,
19384-0900-15.zip,202202141041,’†‹–€ŒSº˜a’¬‰Í“Œ’†“‡,’·‹·•¨•s–¾-237,,
19384-0900-15.zip,202202141041,’†‹–€ŒSº˜a’¬‰Í“Œ’†“‡,’·‹·•¨•s–¾-242,,
19384-0900-15.zip,202202141041,’†‹–€ŒSº˜a’¬‰Í“Œ’†“‡,’·‹·•¨•s–¾-247,,
19384-0900-15.zip,202202141041,’†‹–€ŒSº˜a’¬‰Í“Œ’†“‡,551,,
19384-0900-15.zip,202202141041,’†‹–€ŒSº˜a’¬‰Í“Œ’†“‡,552-1,,
19384-0900-15.zip,202202141041,’†‹–€ŒSº˜a’¬‰Í“Œ’†“‡,552-2,,
19384-0900-15.zip,202202141041,’†‹–€ŒSº˜a’¬‰Í“Œ’†“‡,553-1,,
19384-0900-15.zip,202202141041,’†‹–€ŒSº˜a’¬‰Í“Œ’†“‡,553-2,,
19384-0900-15.zip,202202141041,’†‹–€ŒSº˜a’¬‰Í“Œ’†“‡,553-3,,
19384-0900-15.zip,202202141041,’†‹–€ŒSº˜a’¬‰Í“Œ’†“‡,553-5,,
19384-0900-15.zip,202202141041,’†‹–€ŒSº˜a’¬‰Í“Œ’†“‡,553-6,,
19384-0900-15.zip,202202141041,’†‹–€ŒSº˜a’¬‰Í“Œ’†“‡,553-7,,
19384-0900-15.zip,202202141041,’†‹–€ŒSº˜a’¬‰Í“Œ’†“‡,553-8,,
19384-0900-15.zip,202202141041,’†‹–€ŒSº˜a’¬‰Í“Œ’†“‡,553-9,,
19384-0900-15.zip,202202141041,’†‹–€ŒSº˜a’¬‰Í“Œ’†“‡,554-1,,
19384-0900-15.zip,202202141041,’†‹–€ŒSº˜a’¬‰Í“Œ’†“‡,555-1,,
19384-0900-15.zip,202202141041,’†‹–€ŒSº˜a’¬‰Í“Œ’†“‡,557,,
19384-0900-15.zip,202202141041,’†‹–€ŒSº˜a’¬‰Í“Œ’†“‡,558-1,,
19384-0900-15.zip,202202141041,’†‹–€ŒSº˜a’¬‰Í“Œ’†“‡,559-7,,
19384-0900-15.zip,202202141041,’†‹–€ŒSº˜a’¬‰Í“Œ’†“‡,559-8,,
19384-0900-15.zip,202202141041,’†‹–€ŒSº˜a’¬‰Í“Œ’†“‡,559-12,,
19384-0900-15.zip,202202141041,’†‹–€ŒSº˜a’¬‰Í“Œ’†“‡,560-1,,
19384-0900-15.zip,202202141041,’†‹–€ŒSº˜a’¬‰Í“Œ’†“‡,561-1,,
19384-0900-15.zip,202202141041,’†‹–€ŒSº˜a’¬‰Í“Œ’†“‡,561-3,,
19384-0900-15.zip,202202141041,’†‹–€ŒSº˜a’¬‰Í“Œ’†“‡,585-1,,
19384-0900-15.zip,202202141041,’†‹–€ŒSº˜a’¬‰Í“Œ’†“‡,585-3,,
19384-0900-15.zip,202202141041,’†‹–€ŒSº˜a’¬‰Í“Œ’†“‡,585-5,,
19384-0900-15.zip,202202141041,’†‹–€ŒSº˜a’¬‰Í“Œ’†“‡,585-6,,
19384-0900-15.zip,202202141041,’†‹–€ŒSº˜a’¬‰Í“Œ’†“‡,585-7,,
19384-0900-15.zip,202202141041,’†‹–€ŒSº˜a’¬‰Í“Œ’†“‡,585-8,,
19384-0900-15.zip,202202141041,’†‹–€ŒSº˜a’¬‰Í“Œ’†“‡,585-9,,
19384-0900-15.zip,202202141041,’†‹–€ŒSº˜a’¬‰Í“Œ’†“‡,585-10,,
19384-0900-15.zip,202202141041,’†‹–€ŒSº˜a’¬‰Í“Œ’†“‡,587-3,,
19384-0900-15.zip,202202141041,’†‹–€ŒSº˜a’¬‰Í“Œ’†“‡,587-4,,
19384-0900-15.zip,202202141041,’†‹–€ŒSº˜a’¬‰Í“Œ’†“‡,587-5,,
19384-0900-15.zip,202202141041,’†‹–€ŒSº˜a’¬‰Í“Œ’†“‡,587-6,,
19384-0900-15.zip,202202141041,’†‹–€ŒSº˜a’¬‰Í“Œ’†“‡,587-7,,
19384-0900-15.zip,202202141041,’†‹–€ŒSº˜a’¬‰Í“Œ’†“‡,589,,
19384-0900-15.zip,202202141041,’†‹–€ŒSº˜a’¬‰Í“Œ’†“‡,599-2,,
19384-0900-15.zip,202202141041,’†‹–€ŒSº˜a’¬‰Í“Œ’†“‡,599-3,,
19384-0900-15.zip,202202141041,’†‹–€ŒSº˜a’¬‰Í“Œ’†“‡,599-5,,
19384-0900-15.zip,202202141041,’†‹–€ŒSº˜a’¬‰Í“Œ’†“‡,601-2,,
19384-0900-15.zip,202202141041,’†‹–€ŒSº˜a’¬‰Í“Œ’†“‡,601-3,,
19384-0900-15.zip,202202141041,’†‹–€ŒSº˜a’¬‰Í“Œ’†“‡,601-4,,
19384-0900-15.zip,202202141041,’†‹–€ŒSº˜a’¬‰Í“Œ’†“‡,601-5,,
19384-0900-15.zip,202202141041,’†‹–€ŒSº˜a’¬‰Í“Œ’†“‡,“¹-449,,
19384-0900-15.zip,202202141041,’†‹–€ŒSº˜a’¬‰Í“Œ’†“‡,“¹-463,,
19384-0900-15.zip,202202141041,’†‹–€ŒSº˜a’¬‰Í“Œ’†“‡,“¹-475,,
19384-0900-15.zip,202202141041,’†‹–€ŒSº˜a’¬‰Í“Œ’†“‡,“¹-503,,
19384-0900-15.zip,202202141041,’†‹–€ŒSº˜a’¬‰Í“Œ’†“‡,“¹-509,,
19384-0900-15.zip,202202141041,’†‹–€ŒSº˜a’¬‰Í“Œ’†“‡,…-601,,
19384-0900-15.zip,202202141041,’†‹–€ŒSº˜a’¬‰Í“Œ’†“‡,…-628,,
19384-0900-15.zip,202202141041,’†‹–€ŒSº˜a’¬‰Í“Œ’†“‡,…-636,,
19384-0900-15.zip,202202141041,’†‹–€ŒSº˜a’¬‰Í“Œ’†“‡,…-650,,
19384-0900-15.zip,202202141041,’†‹–€ŒSº˜a’¬‰Í“Œ’†“‡,…-662,,
19384-0900-15.zip,202202141041,’†‹–€ŒSº˜a’¬‰Í“Œ’†“‡,…-684,,
19384-0900-15.zip,202202141041,’†‹–€ŒSº˜a’¬‰Í“Œ’†“‡,…-692,,
19384-0900-15.zip,202202141041,’†‹–€ŒSº˜a’¬‰Í“Œ’†“‡,1099,,
19384-0900-15.zip,202202141041,’†‹–€ŒSº˜a’¬‰Í“Œ’†“‡,1100-1,,
19384-0900-15.zip,202202141041,’†‹–€ŒSº˜a’¬‰Í“Œ’†“‡,1100-2,,
19384-0900-15.zip,202202141041,’†‹–€ŒSº˜a’¬‰Í“Œ’†“‡,1101-1,,
19384-0900-15.zip,202202141041,’†‹–€ŒSº˜a’¬‰Í“Œ’†“‡,1101-2,,
19384-0900-15.zip,202202141041,’†‹–€ŒSº˜a’¬‰Í“Œ’†“‡,1101-3,,
19384-0900-15.zip,202202141041,’†‹–€ŒSº˜a’¬‰Í“Œ’†“‡,1101-4,,
19384-0900-15.zip,202202141041,’†‹–€ŒSº˜a’¬‰Í“Œ’†“‡,1101-5,,
19384-0900-15.zip,202202141041,’†‹–€ŒSº˜a’¬‰Í“Œ’†“‡,1101-6,,
19384-0900-15.zip,202202141041,’†‹–€ŒSº˜a’¬‰Í“Œ’†“‡,1101-7,,
19384-0900-15.zip,202202141041,’†‹–€ŒSº˜a’¬‰Í“Œ’†“‡,1102-1,,
19384-0900-15.zip,202202141041,’†‹–€ŒSº˜a’¬‰Í“Œ’†“‡,1102-2,,
19384-0900-15.zip,202202141041,’†‹–€ŒSº˜a’¬‰Í“Œ’†“‡,1102-3,,
19384-0900-15.zip,202202141041,’†‹–€ŒSº˜a’¬‰Í“Œ’†“‡,1103-2,,
19384-0900-15.zip,202202141041,’†‹–€ŒSº˜a’¬‰Í“Œ’†“‡,1103-3,,
19384-0900-15.zip,202202141041,’†‹–€ŒSº˜a’¬‰Í“Œ’†“‡,1104-1,,
19384-0900-15.zip,202202141041,’†‹–€ŒSº˜a’¬‰Í“Œ’†“‡,1104-2,,
19384-0900-15.zip,202202141041,’†‹–€ŒSº˜a’¬‰Í“Œ’†“‡,1104-3,,
19384-0900-15.zip,202202141041,’†‹–€ŒSº˜a’¬‰Í“Œ’†“‡,1104-4,,
19384-0900-15.zip,202202141041,’†‹–€ŒSº˜a’¬‰Í“Œ’†“‡,1107-1,,
19384-0900-15.zip,202202141041,’†‹–€ŒSº˜a’¬‰Í“Œ’†“‡,1107-3,,
19384-0900-15.zip,202202141041,’†‹–€ŒSº˜a’¬‰Í“Œ’†“‡,1109,,
19384-0900-15.zip,202202141041,’†‹–€ŒSº˜a’¬‰Í“Œ’†“‡,1111-1,,
19384-0900-15.zip,202202141041,’†‹–€ŒSº˜a’¬‰Í“Œ’†“‡,1111-2,,
19384-0900-15.zip,202202141041,’†‹–€ŒSº˜a’¬‰Í“Œ’†“‡,1111-3,,
19384-0900-15.zip,202202141041,’†‹–€ŒSº˜a’¬‰Í“Œ’†“‡,1113-1,,
19384-0900-15.zip,202202141041,’†‹–€ŒSº˜a’¬‰Í“Œ’†“‡,1113-2,,
19384-0900-15.zip,202202141041,’†‹–€ŒSº˜a’¬‰Í“Œ’†“‡,1115-1,,
19384-0900-15.zip,202202141041,’†‹–€ŒSº˜a’¬‰Í“Œ’†“‡,1115-2,,
19384-0900-15.zip,202202141041,’†‹–€ŒSº˜a’¬‰Í“Œ’†“‡,1115-3,,
19384-0900-15.zip,202202141041,’†‹–€ŒSº˜a’¬‰Í“Œ’†“‡,1116-1,,
19384-0900-15.zip,202202141041,’†‹–€ŒSº˜a’¬‰Í“Œ’†“‡,1116-2,,
19384-0900-15.zip,202202141041,’†‹–€ŒSº˜a’¬‰Í“Œ’†“‡,1116-3,,
19384-0900-15.zip,202202141041,’†‹–€ŒSº˜a’¬‰Í“Œ’†“‡,1116-4,,
19384-0900-15.zip,202202141041,’†‹–€ŒSº˜a’¬‰Í“Œ’†“‡,1116-5,,
19384-0900-15.zip,202202141041,’†‹–€ŒSº˜a’¬‰Í“Œ’†“‡,1119-1,,
19384-0900-15.zip,202202141041,’†‹–€ŒSº˜a’¬‰Í“Œ’†“‡,1119-2,,
19384-0900-15.zip,202202141041,’†‹–€ŒSº˜a’¬‰Í“Œ’†“‡,1121,,
19384-0900-15.zip,202202141041,’†‹–€ŒSº˜a’¬‰Í“Œ’†“‡,1122-1,,
19384-0900-15.zip,202202141041,’†‹–€ŒSº˜a’¬‰Í“Œ’†“‡,1122-2,,
19384-0900-15.zip,202202141041,’†‹–€ŒSº˜a’¬‰Í“Œ’†“‡,1122-3,,
19384-0900-15.zip,202202141041,’†‹–€ŒSº˜a’¬‰Í“Œ’†“‡,1123,,
19384-0900-15.zip,202202141041,’†‹–€ŒSº˜a’¬‰Í“Œ’†“‡,1124-1,,
19384-0900-15.zip,202202141041,’†‹–€ŒSº˜a’¬‰Í“Œ’†“‡,1124-2,,
19384-0900-15.zip,202202141041,’†‹–€ŒSº˜a’¬‰Í“Œ’†“‡,1124-3,,
19384-0900-15.zip,202202141041,’†‹–€ŒSº˜a’¬‰Í“Œ’†“‡,1124-4,,
19384-0900-15.zip,202202141041,’†‹–€ŒSº˜a’¬‰Í“Œ’†“‡,1124-5,,
19384-0900-15.zip,202202141041,’†‹–€ŒSº˜a’¬‰Í“Œ’†“‡,1124-6,,
19384-0900-15.zip,202202141041,’†‹–€ŒSº˜a’¬‰Í“Œ’†“‡,1124-7,,
19384-0900-15.zip,202202141041,’†‹–€ŒSº˜a’¬‰Í“Œ’†“‡,1124-8,,
19384-0900-15.zip,202202141041,’†‹–€ŒSº˜a’¬‰Í“Œ’†“‡,1124-9,,
19384-0900-15.zip,202202141041,’†‹–€ŒSº˜a’¬‰Í“Œ’†“‡,1124-10,,
19384-0900-15.zip,202202141041,’†‹–€ŒSº˜a’¬‰Í“Œ’†“‡,1124-11,,
19384-0900-15.zip,202202141041,’†‹–€ŒSº˜a’¬‰Í“Œ’†“‡,1124-12,,
19384-0900-15.zip,202202141041,’†‹–€ŒSº˜a’¬‰Í“Œ’†“‡,1124-13,,
19384-0900-15.zip,202202141041,’†‹–€ŒSº˜a’¬‰Í“Œ’†“‡,1127-1,,
19384-0900-15.zip,202202141041,’†‹–€ŒSº˜a’¬‰Í“Œ’†“‡,1127-2,,
19384-0900-15.zip,202202141041,’†‹–€ŒSº˜a’¬‰Í“Œ’†“‡,1127-3,,
19384-0900-15.zip,202202141041,’†‹–€ŒSº˜a’¬‰Í“Œ’†“‡,1127-4,,
19384-0900-15.zip,202202141041,’†‹–€ŒSº˜a’¬‰Í“Œ’†“‡,1127-5,,
19384-0900-15.zip,202202141041,’†‹–€ŒSº˜a’¬‰Í“Œ’†“‡,1127-6,,
19384-0900-15.zip,202202141041,’†‹–€ŒSº˜a’¬‰Í“Œ’†“‡,1127-7,,
19384-0900-15.zip,202202141041,’†‹–€ŒSº˜a’¬‰Í“Œ’†“‡,1127-8,,
19384-0900-15.zip,202202141041,’†‹–€ŒSº˜a’¬‰Í“Œ’†“‡,1127-9,,
19384-0900-15.zip,202202141041,’†‹–€ŒSº˜a’¬‰Í“Œ’†“‡,1127-10,,
19384-0900-15.zip,202202141041,’†‹–€ŒSº˜a’¬‰Í“Œ’†“‡,1127-11,,
19384-0900-15.zip,202202141041,’†‹–€ŒSº˜a’¬‰Í“Œ’†“‡,1127-12,,
19384-0900-15.zip,202202141041,’†‹–€ŒSº˜a’¬‰Í“Œ’†“‡,1127-13,,
19384-0900-15.zip,202202141041,’†‹–€ŒSº˜a’¬‰Í“Œ’†“‡,1127-14,,
19384-0900-15.zip,202202141041,’†‹–€ŒSº˜a’¬‰Í“Œ’†“‡,1127-15,,
19384-0900-15.zip,202202141041,’†‹–€ŒSº˜a’¬‰Í“Œ’†“‡,1131,,
19384-0900-15.zip,202202141041,’†‹–€ŒSº˜a’¬‰Í“Œ’†“‡,1133-1,,
19384-0900-15.zip,202202141041,’†‹–€ŒSº˜a’¬‰Í“Œ’†“‡,1133-2,,
19384-0900-15.zip,202202141041,’†‹–€ŒSº˜a’¬‰Í“Œ’†“‡,1133-3,,
19384-0900-15.zip,202202141041,’†‹–€ŒSº˜a’¬‰Í“Œ’†“‡,1134-1,,
19384-0900-15.zip,202202141041,’†‹–€ŒSº˜a’¬‰Í“Œ’†“‡,1134-2,,
19384-0900-15.zip,202202141041,’†‹–€ŒSº˜a’¬‰Í“Œ’†“‡,1134-3,,
19384-0900-15.zip,202202141041,’†‹–€ŒSº˜a’¬‰Í“Œ’†“‡,1135-1,,
19384-0900-15.zip,202202141041,’†‹–€ŒSº˜a’¬‰Í“Œ’†“‡,1135-3,,
19384-0900-15.zip,202202141041,’†‹–€ŒSº˜a’¬‰Í“Œ’†“‡,1135-4,,
19384-0900-15.zip,202202141041,’†‹–€ŒSº˜a’¬‰Í“Œ’†“‡,“¹-7,,
19384-0900-15.zip,202202141041,’†‹–€ŒSº˜a’¬‰Í“Œ’†“‡,“¹-480,,
19384-0900-15.zip,202202141041,’†‹–€ŒSº˜a’¬‰Í“Œ’†“‡,“¹-488,,
19384-0900-15.zip,202202141041,’†‹–€ŒSº˜a’¬‰Í“Œ’†“‡,…-610,,
19384-0900-15.zip,202202141041,’†‹–€ŒSº˜a’¬‰Í“Œ’†“‡,…-610-1,,
19384-0900-15.zip,202202141041,’†‹–€ŒSº˜a’¬‰Í“Œ’†“‡,…-610-2,,
19384-0900-15.zip,202202141041,’†‹–€ŒSº˜a’¬‰Í“Œ’†“‡,…-629,,
19384-0900-15.zip,202202141041,’†‹–€ŒSº˜a’¬‰Í“Œ’†“‡,’·‹·•¨•s–¾-3,,
19384-0900-15.zip,202202141041,’†‹–€ŒSº˜a’¬‰Í“Œ’†“‡,1225-1,,
19384-0900-15.zip,202202141041,’†‹–€ŒSº˜a’¬‰Í“Œ’†“‡,1225-2,,
19384-0900-15.zip,202202141041,’†‹–€ŒSº˜a’¬‰Í“Œ’†“‡,1225-3,,
19384-0900-15.zip,202202141041,’†‹–€ŒSº˜a’¬‰Í“Œ’†“‡,1225-4,,
19384-0900-15.zip,202202141041,’†‹–€ŒSº˜a’¬‰Í“Œ’†“‡,1225-5,,
19384-0900-15.zip,202202141041,’†‹–€ŒSº˜a’¬‰Í“Œ’†“‡,1233-1,,
19384-0900-15.zip,202202141041,’†‹–€ŒSº˜a’¬‰Í“Œ’†“‡,1233-2,,
19384-0900-15.zip,202202141041,’†‹–€ŒSº˜a’¬‰Í“Œ’†“‡,1235-2,,
19384-0900-15.zip,202202141041,’†‹–€ŒSº˜a’¬‰Í“Œ’†“‡,1240,,
19384-0900-15.zip,202202141041,’†‹–€ŒSº˜a’¬‰Í“Œ’†“‡,1243-1,,
19384-0900-15.zip,202202141041,’†‹–€ŒSº˜a’¬‰Í“Œ’†“‡,1256-1,,
19384-0900-15.zip,202202141041,’†‹–€ŒSº˜a’¬‰Í“Œ’†“‡,1258-1,,
19384-0900-15.zip,202202141041,’†‹–€ŒSº˜a’¬‰Í“Œ’†“‡,1259-1,,
19384-0900-15.zip,202202141041,’†‹–€ŒSº˜a’¬‰Í“Œ’†“‡,1259-2,,
19384-0900-15.zip,202202141041,’†‹–€ŒSº˜a’¬‰Í“Œ’†“‡,1262-1,,
19384-0900-15.zip,202202141041,’†‹–€ŒSº˜a’¬‰Í“Œ’†“‡,1262-2,,
19384-0900-15.zip,202202141041,’†‹–€ŒSº˜a’¬‰Í“Œ’†“‡,1263-1,,
19384-0900-15.zip,202202141041,’†‹–€ŒSº˜a’¬‰Í“Œ’†“‡,1264-1,,
19384-0900-15.zip,202202141041,’†‹–€ŒSº˜a’¬‰Í“Œ’†“‡,1264-3,,
19384-0900-15.zip,202202141041,’†‹–€ŒSº˜a’¬‰Í“Œ’†“‡,1264-4,,
19384-0900-15.zip,202202141041,’†‹–€ŒSº˜a’¬‰Í“Œ’†“‡,1264-5,,
19384-0900-15.zip,202202141041,’†‹–€ŒSº˜a’¬‰Í“Œ’†“‡,1264-7,,
19384-0900-15.zip,202202141041,’†‹–€ŒSº˜a’¬‰Í“Œ’†“‡,1264-8,,
19384-0900-15.zip,202202141041,’†‹–€ŒSº˜a’¬‰Í“Œ’†“‡,1265-2,,
19384-0900-15.zip,202202141041,’†‹–€ŒSº˜a’¬‰Í“Œ’†“‡,1266-1,,
19384-0900-15.zip,202202141041,’†‹–€ŒSº˜a’¬‰Í“Œ’†“‡,1266-2,,
19384-0900-15.zip,202202141041,’†‹–€ŒSº˜a’¬‰Í“Œ’†“‡,1266-3,,
19384-0900-15.zip,202202141041,’†‹–€ŒSº˜a’¬‰Í“Œ’†“‡,1270-2,,
19384-0900-15.zip,202202141041,’†‹–€ŒSº˜a’¬‰Í“Œ’†“‡,1273,,
19384-0900-15.zip,202202141041,’†‹–€ŒSº˜a’¬‰Í“Œ’†“‡,1275-1,,
19384-0900-15.zip,202202141041,’†‹–€ŒSº˜a’¬‰Í“Œ’†“‡,1282-1,,
19384-0900-15.zip,202202141041,’†‹–€ŒSº˜a’¬‰Í“Œ’†“‡,1282-2,,
19384-0900-15.zip,202202141041,’†‹–€ŒSº˜a’¬‰Í“Œ’†“‡,1285-2,,
19384-0900-15.zip,202202141041,’†‹–€ŒSº˜a’¬‰Í“Œ’†“‡,1287-2,,
19384-0900-15.zip,202202141041,’†‹–€ŒSº˜a’¬‰Í“Œ’†“‡,1287-3,,
19384-0900-15.zip,202202141041,’†‹–€ŒSº˜a’¬‰Í“Œ’†“‡,1303-1,,
19384-0900-15.zip,202202141041,’†‹–€ŒSº˜a’¬‰Í“Œ’†“‡,1304-1,,
19384-0900-15.zip,202202141041,’†‹–€ŒSº˜a’¬‰Í“Œ’†“‡,1305-3,,
19384-0900-15.zip,202202141041,’†‹–€ŒSº˜a’¬‰Í“Œ’†“‡,1305-4,,
19384-0900-15.zip,202202141041,’†‹–€ŒSº˜a’¬‰Í“Œ’†“‡,1306-1,,
19384-0900-15.zip,202202141041,’†‹–€ŒSº˜a’¬‰Í“Œ’†“‡,1306-2,,
19384-0900-15.zip,202202141041,’†‹–€ŒSº˜a’¬‰Í“Œ’†“‡,1306-3,,
19384-0900-15.zip,202202141041,’†‹–€ŒSº˜a’¬‰Í“Œ’†“‡,1306-5,,
19384-0900-15.zip,202202141041,’†‹–€ŒSº˜a’¬‰Í“Œ’†“‡,1306-6,,
19384-0900-15.zip,202202141041,’†‹–€ŒSº˜a’¬‰Í“Œ’†“‡,1308-1,,
19384-0900-15.zip,202202141041,’†‹–€ŒSº˜a’¬‰Í“Œ’†“‡,1308-2,,
19384-0900-15.zip,202202141041,’†‹–€ŒSº˜a’¬‰Í“Œ’†“‡,1308-6,,
19384-0900-15.zip,202202141041,’†‹–€ŒSº˜a’¬‰Í“Œ’†“‡,1308-7,,
19384-0900-15.zip,202202141041,’†‹–€ŒSº˜a’¬‰Í“Œ’†“‡,1308-8,,
19384-0900-15.zip,202202141041,’†‹–€ŒSº˜a’¬‰Í“Œ’†“‡,1308-9,,
19384-0900-15.zip,202202141041,’†‹–€ŒSº˜a’¬‰Í“Œ’†“‡,1310-1,,
19384-0900-15.zip,202202141041,’†‹–€ŒSº˜a’¬‰Í“Œ’†“‡,1310-3,,
19384-0900-15.zip,202202141041,’†‹–€ŒSº˜a’¬‰Í“Œ’†“‡,1310-4,,
19384-0900-15.zip,202202141041,’†‹–€ŒSº˜a’¬‰Í“Œ’†“‡,1310-5,,
19384-0900-15.zip,202202141041,’†‹–€ŒSº˜a’¬‰Í“Œ’†“‡,1311-1,,
19384-0900-15.zip,202202141041,’†‹–€ŒSº˜a’¬‰Í“Œ’†“‡,1311-2,,
19384-0900-15.zip,202202141041,’†‹–€ŒSº˜a’¬‰Í“Œ’†“‡,1312-3,,
19384-0900-15.zip,202202141041,’†‹–€ŒSº˜a’¬‰Í“Œ’†“‡,1313-1,,
19384-0900-15.zip,202202141041,’†‹–€ŒSº˜a’¬‰Í“Œ’†“‡,1313-2,,
19384-0900-15.zip,202202141041,’†‹–€ŒSº˜a’¬‰Í“Œ’†“‡,1313-3,,
19384-0900-15.zip,202202141041,’†‹–€ŒSº˜a’¬‰Í“Œ’†“‡,1313-5,,
19384-0900-15.zip,202202141041,’†‹–€ŒSº˜a’¬‰Í“Œ’†“‡,1317-3,,
19384-0900-15.zip,202202141041,’†‹–€ŒSº˜a’¬‰Í“Œ’†“‡,1317-10,,
19384-0900-15.zip,202202141041,’†‹–€ŒSº˜a’¬‰Í“Œ’†“‡,1317-11,,
19384-0900-15.zip,202202141041,’†‹–€ŒSº˜a’¬‰Í“Œ’†“‡,1317-12,,
19384-0900-15.zip,202202141041,’†‹–€ŒSº˜a’¬‰Í“Œ’†“‡,1317-13,,
19384-0900-15.zip,202202141041,’†‹–€ŒSº˜a’¬‰Í“Œ’†“‡,1317-14,,
19384-0900-15.zip,202202141041,’†‹–€ŒSº˜a’¬‰Í“Œ’†“‡,1317-15,,
19384-0900-15.zip,202202141041,’†‹–€ŒSº˜a’¬‰Í“Œ’†“‡,1317-17,,
19384-0900-15.zip,202202141041,’†‹–€ŒSº˜a’¬‰Í“Œ’†“‡,1318-1,,
19384-0900-15.zip,202202141041,’†‹–€ŒSº˜a’¬‰Í“Œ’†“‡,1318-3,,
19384-0900-15.zip,202202141041,’†‹–€ŒSº˜a’¬‰Í“Œ’†“‡,1318-5,,
19384-0900-15.zip,202202141041,’†‹–€ŒSº˜a’¬‰Í“Œ’†“‡,1318-6,,
19384-0900-15.zip,202202141041,’†‹–€ŒSº˜a’¬‰Í“Œ’†“‡,1331-3,,
19384-0900-15.zip,202202141041,’†‹–€ŒSº˜a’¬‰Í“Œ’†“‡,1332-1,,
19384-0900-15.zip,202202141041,’†‹–€ŒSº˜a’¬‰Í“Œ’†“‡,1346-3,,
19384-0900-15.zip,202202141041,’†‹–€ŒSº˜a’¬‰Í“Œ’†“‡,“¹-452,,
19384-0900-15.zip,202202141041,’†‹–€ŒSº˜a’¬‰Í“Œ’†“‡,“¹-467,,
19384-0900-15.zip,202202141041,’†‹–€ŒSº˜a’¬‰Í“Œ’†“‡,“¹-483,,
19384-0900-15.zip,202202141041,’†‹–€ŒSº˜a’¬‰Í“Œ’†“‡,…-602,,
19384-0900-15.zip,202202141041,’†‹–€ŒSº˜a’¬‰Í“Œ’†“‡,…-614,,
19384-0900-15.zip,202202141041,’†‹–€ŒSº˜a’¬‰Í“Œ’†“‡,1417-1,,
19384-0900-15.zip,202202141041,’†‹–€ŒSº˜a’¬‰Í“Œ’†“‡,1417-2,,
19384-0900-15.zip,202202141041,’†‹–€ŒSº˜a’¬‰Í“Œ’†“‡,1417-5,,
19384-0900-15.zip,202202141041,’†‹–€ŒSº˜a’¬‰Í“Œ’†“‡,1417-6,,
19384-0900-15.zip,202202141041,’†‹–€ŒSº˜a’¬‰Í“Œ’†“‡,1417-9,,
19384-0900-15.zip,202202141041,’†‹–€ŒSº˜a’¬‰Í“Œ’†“‡,1419-1,,
19384-0900-15.zip,202202141041,’†‹–€ŒSº˜a’¬‰Í“Œ’†“‡,1419-3,,
19384-0900-15.zip,202202141041,’†‹–€ŒSº˜a’¬‰Í“Œ’†“‡,1434,,
19384-0900-15.zip,202202141041,’†‹–€ŒSº˜a’¬‰Í“Œ’†“‡,1435-1,,
19384-0900-15.zip,202202141041,’†‹–€ŒSº˜a’¬‰Í“Œ’†“‡,1435-2,,
19384-0900-15.zip,202202141041,’†‹–€ŒSº˜a’¬‰Í“Œ’†“‡,1437-1,,
19384-0900-15.zip,202202141041,’†‹–€ŒSº˜a’¬‰Í“Œ’†“‡,1437-2,,
19384-0900-15.zip,202202141041,’†‹–€ŒSº˜a’¬‰Í“Œ’†“‡,1439-1,,
19384-0900-15.zip,202202141041,’†‹–€ŒSº˜a’¬‰Í“Œ’†“‡,1439-2,,
19384-0900-15.zip,202202141041,’†‹–€ŒSº˜a’¬‰Í“Œ’†“‡,1440,,
19384-0900-15.zip,202202141041,’†‹–€ŒSº˜a’¬‰Í“Œ’†“‡,1441,,
19384-0900-15.zip,202202141041,’†‹–€ŒSº˜a’¬‰Í“Œ’†“‡,1446-1,,
19384-0900-15.zip,202202141041,’†‹–€ŒSº˜a’¬‰Í“Œ’†“‡,1446-2,,
19384-0900-15.zip,202202141041,’†‹–€ŒSº˜a’¬‰Í“Œ’†“‡,1446-3,,
19384-0900-15.zip,202202141041,’†‹–€ŒSº˜a’¬‰Í“Œ’†“‡,1450,,
19384-0900-15.zip,202202141041,’†‹–€ŒSº˜a’¬‰Í“Œ’†“‡,“¹-3,,
19384-0900-15.zip,202202141041,’†‹–€ŒSº˜a’¬‰Í“Œ’†“‡,“¹-493,,
19384-0900-15.zip,202202141041,’†‹–€ŒSº˜a’¬‰Í“Œ’†“‡,…-618,,
19384-0900-15.zip,202202141041,’†‹–€ŒSº˜a’¬‰Í“Œ’†“‡,…-625,,
19384-0900-15.zip,202202141041,’†‹–€ŒSº˜a’¬‰Í“Œ’†“‡,…-669,,
19384-0900-15.zip,202202141041,’†‹–€ŒSº˜a’¬‰Í“Œ’†“‡,…-676,,
19384-0900-15.zip,202202141041,’†‹–€ŒSº˜a’¬‰Í“Œ’†“‡,1451,,
19384-0900-15.zip,202202141041,’†‹–€ŒSº˜a’¬‰Í“Œ’†“‡,1452-2,,
19384-0900-15.zip,202202141041,’†‹–€ŒSº˜a’¬‰Í“Œ’†“‡,1452-4,,
19384-0900-15.zip,202202141041,’†‹–€ŒSº˜a’¬‰Í“Œ’†“‡,1452-5,,
19384-0900-15.zip,202202141041,’†‹–€ŒSº˜a’¬‰Í“Œ’†“‡,1453-2,,
19384-0900-15.zip,202202141041,’†‹–€ŒSº˜a’¬‰Í“Œ’†“‡,1456-1,,
19384-0900-15.zip,202202141041,’†‹–€ŒSº˜a’¬‰Í“Œ’†“‡,1456-2,,
19384-0900-15.zip,202202141041,’†‹–€ŒSº˜a’¬‰Í“Œ’†“‡,1460,,
19384-0900-15.zip,202202141041,’†‹–€ŒSº˜a’¬‰Í“Œ’†“‡,1461,,
19384-0900-15.zip,202202141041,’†‹–€ŒSº˜a’¬‰Í“Œ’†“‡,1463-1,,
19384-0900-15.zip,202202141041,’†‹–€ŒSº˜a’¬‰Í“Œ’†“‡,1463-2,,
19384-0900-15.zip,202202141041,’†‹–€ŒSº˜a’¬‰Í“Œ’†“‡,1464-1,,
19384-0900-15.zip,202202141041,’†‹–€ŒSº˜a’¬‰Í“Œ’†“‡,1464-2,,
19384-0900-15.zip,202202141041,’†‹–€ŒSº˜a’¬‰Í“Œ’†“‡,1466-1,,
19384-0900-15.zip,202202141041,’†‹–€ŒSº˜a’¬‰Í“Œ’†“‡,1466-2,,
19384-0900-15.zip,202202141041,’†‹–€ŒSº˜a’¬‰Í“Œ’†“‡,1468-1,,
19384-0900-15.zip,202202141041,’†‹–€ŒSº˜a’¬‰Í“Œ’†“‡,1468-2,,
19384-0900-15.zip,202202141041,’†‹–€ŒSº˜a’¬‰Í“Œ’†“‡,1473-2,,
19384-0900-15.zip,202202141041,’†‹–€ŒSº˜a’¬‰Í“Œ’†“‡,1473-3,,
19384-0900-15.zip,202202141041,’†‹–€ŒSº˜a’¬‰Í“Œ’†“‡,1476-1,,
19384-0900-15.zip,202202141041,’†‹–€ŒSº˜a’¬‰Í“Œ’†“‡,1476-2,,
19384-0900-15.zip,202202141041,’†‹–€ŒSº˜a’¬‰Í“Œ’†“‡,1477-1,,
19384-0900-15.zip,202202141041,’†‹–€ŒSº˜a’¬‰Í“Œ’†“‡,1477-2,,
19384-0900-15.zip,202202141041,’†‹–€ŒSº˜a’¬‰Í“Œ’†“‡,1477-3,,
19384-0900-15.zip,202202141041,’†‹–€ŒSº˜a’¬‰Í“Œ’†“‡,1478-1,,
19384-0900-15.zip,202202141041,’†‹–€ŒSº˜a’¬‰Í“Œ’†“‡,1478-2,,
19384-0900-15.zip,202202141041,’†‹–€ŒSº˜a’¬‰Í“Œ’†“‡,1478-3,,
19384-0900-15.zip,202202141041,’†‹–€ŒSº˜a’¬‰Í“Œ’†“‡,1479,,
19384-0900-15.zip,202202141041,’†‹–€ŒSº˜a’¬‰Í“Œ’†“‡,1481,,
19384-0900-15.zip,202202141041,’†‹–€ŒSº˜a’¬‰Í“Œ’†“‡,1482,,
19384-0900-15.zip,202202141041,’†‹–€ŒSº˜a’¬‰Í“Œ’†“‡,1483,,
19384-0900-15.zip,202202141041,’†‹–€ŒSº˜a’¬‰Í“Œ’†“‡,1483-2,,
19384-0900-15.zip,202202141041,’†‹–€ŒSº˜a’¬‰Í“Œ’†“‡,1485,,
19384-0900-15.zip,202202141041,’†‹–€ŒSº˜a’¬‰Í“Œ’†“‡,1486-1,,
19384-0900-15.zip,202202141041,’†‹–€ŒSº˜a’¬‰Í“Œ’†“‡,1486-3,,
19384-0900-15.zip,202202141041,’†‹–€ŒSº˜a’¬‰Í“Œ’†“‡,1487,,
19384-0900-15.zip,202202141041,’†‹–€ŒSº˜a’¬‰Í“Œ’†“‡,1488-1,,
19384-0900-15.zip,202202141041,’†‹–€ŒSº˜a’¬‰Í“Œ’†“‡,1488-2,,
19384-0900-15.zip,202202141041,’†‹–€ŒSº˜a’¬‰Í“Œ’†“‡,1489-1,,
19384-0900-15.zip,202202141041,’†‹–€ŒSº˜a’¬‰Í“Œ’†“‡,1489-3,,
19384-0900-15.zip,202202141041,’†‹–€ŒSº˜a’¬‰Í“Œ’†“‡,1490-1,,
19384-0900-15.zip,202202141041,’†‹–€ŒSº˜a’¬‰Í“Œ’†“‡,1490-2,,
19384-0900-15.zip,202202141041,’†‹–€ŒSº˜a’¬‰Í“Œ’†“‡,1490-3,,
19384-0900-15.zip,202202141041,’†‹–€ŒSº˜a’¬‰Í“Œ’†“‡,1491-1,,
19384-0900-15.zip,202202141041,’†‹–€ŒSº˜a’¬‰Í“Œ’†“‡,1491-3,,
19384-0900-15.zip,202202141041,’†‹–€ŒSº˜a’¬‰Í“Œ’†“‡,1494-1,,
19384-0900-15.zip,202202141041,’†‹–€ŒSº˜a’¬‰Í“Œ’†“‡,1495-1,,
19384-0900-15.zip,202202141041,’†‹–€ŒSº˜a’¬‰Í“Œ’†“‡,1495-3,,
19384-0900-15.zip,202202141041,’†‹–€ŒSº˜a’¬‰Í“Œ’†“‡,1496-1,,
19384-0900-15.zip,202202141041,’†‹–€ŒSº˜a’¬‰Í“Œ’†“‡,1496-3,,
19384-0900-15.zip,202202141041,’†‹–€ŒSº˜a’¬‰Í“Œ’†“‡,1496-4,,
19384-0900-15.zip,202202141041,’†‹–€ŒSº˜a’¬‰Í“Œ’†“‡,1497-1,,
19384-0900-15.zip,202202141041,’†‹–€ŒSº˜a’¬‰Í“Œ’†“‡,1499-1,,
19384-0900-15.zip,202202141041,’†‹–€ŒSº˜a’¬‰Í“Œ’†“‡,1500-1,,
19384-0900-15.zip,202202141041,’†‹–€ŒSº˜a’¬‰Í“Œ’†“‡,1500-2,,
19384-0900-15.zip,202202141041,’†‹–€ŒSº˜a’¬‰Í“Œ’†“‡,1500-3,,
19384-0900-15.zip,202202141041,’†‹–€ŒSº˜a’¬‰Í“Œ’†“‡,1502,,
19384-0900-15.zip,202202141041,’†‹–€ŒSº˜a’¬‰Í“Œ’†“‡,1503-1,,
19384-0900-15.zip,202202141041,’†‹–€ŒSº˜a’¬‰Í“Œ’†“‡,1503-2,,
19384-0900-15.zip,202202141041,’†‹–€ŒSº˜a’¬‰Í“Œ’†“‡,1504-1,,
19384-0900-15.zip,202202141041,’†‹–€ŒSº˜a’¬‰Í“Œ’†“‡,1504-3,,
19384-0900-15.zip,202202141041,’†‹–€ŒSº˜a’¬‰Í“Œ’†“‡,1504-4,,
19384-0900-15.zip,202202141041,’†‹–€ŒSº˜a’¬‰Í“Œ’†“‡,1504-5,,
19384-0900-15.zip,202202141041,’†‹–€ŒSº˜a’¬‰Í“Œ’†“‡,1504-6,,
19384-0900-15.zip,202202141041,’†‹–€ŒSº˜a’¬‰Í“Œ’†“‡,1504-7,,
19384-0900-15.zip,202202141041,’†‹–€ŒSº˜a’¬‰Í“Œ’†“‡,1504-8,,
19384-0900-15.zip,202202141041,’†‹–€ŒSº˜a’¬‰Í“Œ’†“‡,1504-9,,
19384-0900-15.zip,202202141041,’†‹–€ŒSº˜a’¬‰Í“Œ’†“‡,1504-10,,
19384-0900-15.zip,202202141041,’†‹–€ŒSº˜a’¬‰Í“Œ’†“‡,1504-11,,
19384-0900-15.zip,202202141041,’†‹–€ŒSº˜a’¬‰Í“Œ’†“‡,1504-12,,
19384-0900-15.zip,202202141041,’†‹–€ŒSº˜a’¬‰Í“Œ’†“‡,1504-13,,
19384-0900-15.zip,202202141041,’†‹–€ŒSº˜a’¬‰Í“Œ’†“‡,1505-1,,
19384-0900-15.zip,202202141041,’†‹–€ŒSº˜a’¬‰Í“Œ’†“‡,1505-4,,
19384-0900-15.zip,202202141041,’†‹–€ŒSº˜a’¬‰Í“Œ’†“‡,1505-5,,
19384-0900-15.zip,202202141041,’†‹–€ŒSº˜a’¬‰Í“Œ’†“‡,1506-1,,
19384-0900-15.zip,202202141041,’†‹–€ŒSº˜a’¬‰Í“Œ’†“‡,1506-2,,
19384-0900-15.zip,202202141041,’†‹–€ŒSº˜a’¬‰Í“Œ’†“‡,1506-3,,
19384-0900-15.zip,202202141041,’†‹–€ŒSº˜a’¬‰Í“Œ’†“‡,1507,,
19384-0900-15.zip,202202141041,’†‹–€ŒSº˜a’¬‰Í“Œ’†“‡,1508,,
19384-0900-15.zip,202202141041,’†‹–€ŒSº˜a’¬‰Í“Œ’†“‡,1509-1,,
19384-0900-15.zip,202202141041,’†‹–€ŒSº˜a’¬‰Í“Œ’†“‡,1509-2,,
19384-0900-15.zip,202202141041,’†‹–€ŒSº˜a’¬‰Í“Œ’†“‡,“¹-461,,
19384-0900-15.zip,202202141041,’†‹–€ŒSº˜a’¬‰Í“Œ’†“‡,“¹-487,,
19384-0900-15.zip,202202141041,’†‹–€ŒSº˜a’¬‰Í“Œ’†“‡,“¹-496,,
19384-0900-15.zip,202202141041,’†‹–€ŒSº˜a’¬‰Í“Œ’†“‡,…-631,,
19384-0900-15.zip,202202141041,’†‹–€ŒSº˜a’¬‰Í“Œ’†“‡,…-639,,
19384-0900-15.zip,202202141041,’†‹–€ŒSº˜a’¬‰Í“Œ’†“‡,…-653,,
19384-0900-15.zip,202202141041,’†‹–€ŒSº˜a’¬‰Í“Œ’†“‡,1646-2,,
19384-0900-15.zip,202202141041,’†‹–€ŒSº˜a’¬‰Í“Œ’†“‡,1670-1,,
19384-0900-15.zip,202202141041,’†‹–€ŒSº˜a’¬‰Í“Œ’†“‡,1670-2,,
19384-0900-15.zip,202202141041,’†‹–€ŒSº˜a’¬‰Í“Œ’†“‡,1671,,
19384-0900-15.zip,202202141041,’†‹–€ŒSº˜a’¬‰Í“Œ’†“‡,“¹-23,,
19384-0900-15.zip,202202141041,’†‹–€ŒSº˜a’¬‰Í“Œ’†“‡,“¹-485,,
19384-0900-15.zip,202202141041,’†‹–€ŒSº˜a’¬‰Í“Œ’†“‡,…-687,,
19384-0900-15.zip,202202141041,’†‹–€ŒSº˜a’¬‰Í“Œ’†“‡,’·‹·•¨•s–¾-208,,
19384-0900-15.zip,202202141041,’†‹–€ŒSº˜a’¬‰Í“Œ’†“‡,1675,,
19384-0900-15.zip,202202141041,’†‹–€ŒSº˜a’¬‰Í“Œ’†“‡,1682-1,,
19384-0900-15.zip,202202141041,’†‹–€ŒSº˜a’¬‰Í“Œ’†“‡,1682-2,,
19384-0900-15.zip,202202141041,’†‹–€ŒSº˜a’¬‰Í“Œ’†“‡,1733,,
19384-0900-15.zip,202202141041,’†‹–€ŒSº˜a’¬‰Í“Œ’†“‡,1734,,
19384-0900-15.zip,202202141041,’†‹–€ŒSº˜a’¬‰Í“Œ’†“‡,1737,,
19384-0900-15.zip,202202141041,’†‹–€ŒSº˜a’¬‰Í“Œ’†“‡,1740,,
19384-0900-15.zip,202202141041,’†‹–€ŒSº˜a’¬‰Í“Œ’†“‡,1741-1,,
19384-0900-15.zip,202202141041,’†‹–€ŒSº˜a’¬‰Í“Œ’†“‡,1741-2,,
19384-0900-15.zip,202202141041,’†‹–€ŒSº˜a’¬‰Í“Œ’†“‡,1741-3,,
19384-0900-15.zip,202202141041,’†‹–€ŒSº˜a’¬‰Í“Œ’†“‡,1741-4,,
19384-0900-15.zip,202202141041,’†‹–€ŒSº˜a’¬‰Í“Œ’†“‡,1742-3,,
19384-0900-15.zip,202202141041,’†‹–€ŒSº˜a’¬‰Í“Œ’†“‡,1742-4,,
19384-0900-15.zip,202202141041,’†‹–€ŒSº˜a’¬‰Í“Œ’†“‡,1742-5,,
19384-0900-15.zip,202202141041,’†‹–€ŒSº˜a’¬‰Í“Œ’†“‡,1742-6,,
19384-0900-15.zip,202202141041,’†‹–€ŒSº˜a’¬‰Í“Œ’†“‡,1742-8,,
19384-0900-15.zip,202202141041,’†‹–€ŒSº˜a’¬‰Í“Œ’†“‡,1742-9,,
19384-0900-15.zip,202202141041,’†‹–€ŒSº˜a’¬‰Í“Œ’†“‡,1742-10,,
19384-0900-15.zip,202202141041,’†‹–€ŒSº˜a’¬‰Í“Œ’†“‡,1742-11,,
19384-0900-15.zip,202202141041,’†‹–€ŒSº˜a’¬‰Í“Œ’†“‡,1742-12,,
19384-0900-15.zip,202202141041,’†‹–€ŒSº˜a’¬‰Í“Œ’†“‡,1742-13,,
19384-0900-15.zip,202202141041,’†‹–€ŒSº˜a’¬‰Í“Œ’†“‡,1742-14,,
19384-0900-15.zip,202202141041,’†‹–€ŒSº˜a’¬‰Í“Œ’†“‡,1742-15,,
19384-0900-15.zip,202202141041,’†‹–€ŒSº˜a’¬‰Í“Œ’†“‡,1742-16,,
19384-0900-15.zip,202202141041,’†‹–€ŒSº˜a’¬‰Í“Œ’†“‡,1742-17,,
19384-0900-15.zip,202202141041,’†‹–€ŒSº˜a’¬‰Í“Œ’†“‡,1742-18,,
19384-0900-15.zip,202202141041,’†‹–€ŒSº˜a’¬‰Í“Œ’†“‡,1742-19,,
19384-0900-15.zip,202202141041,’†‹–€ŒSº˜a’¬‰Í“Œ’†“‡,1750-1,,
19384-0900-15.zip,202202141041,’†‹–€ŒSº˜a’¬‰Í“Œ’†“‡,1750-3,,
19384-0900-15.zip,202202141041,’†‹–€ŒSº˜a’¬‰Í“Œ’†“‡,1751-1,,
19384-0900-15.zip,202202141041,’†‹–€ŒSº˜a’¬‰Í“Œ’†“‡,1751-3,,
19384-0900-15.zip,202202141041,’†‹–€ŒSº˜a’¬‰Í“Œ’†“‡,1752,,
19384-0900-15.zip,202202141041,’†‹–€ŒSº˜a’¬‰Í“Œ’†“‡,1754,,
19384-0900-15.zip,202202141041,’†‹–€ŒSº˜a’¬‰Í“Œ’†“‡,1765-1,,
19384-0900-15.zip,202202141041,’†‹–€ŒSº˜a’¬‰Í“Œ’†“‡,1765-2,,
19384-0900-15.zip,202202141041,’†‹–€ŒSº˜a’¬‰Í“Œ’†“‡,1776-2,,
19384-0900-15.zip,202202141041,’†‹–€ŒSº˜a’¬‰Í“Œ’†“‡,1778,,
19384-0900-15.zip,202202141041,’†‹–€ŒSº˜a’¬‰Í“Œ’†“‡,1778-2,,
19384-0900-15.zip,202202141041,’†‹–€ŒSº˜a’¬‰Í“Œ’†“‡,1781-1,,
19384-0900-15.zip,202202141041,’†‹–€ŒSº˜a’¬‰Í“Œ’†“‡,1781-2,,
19384-0900-15.zip,202202141041,’†‹–€ŒSº˜a’¬‰Í“Œ’†“‡,1781-3,,
19384-0900-15.zip,202202141041,’†‹–€ŒSº˜a’¬‰Í“Œ’†“‡,1781-4,,
19384-0900-15.zip,202202141041,’†‹–€ŒSº˜a’¬‰Í“Œ’†“‡,1781-5,,
19384-0900-15.zip,202202141041,’†‹–€ŒSº˜a’¬‰Í“Œ’†“‡,1781-6,,
19384-0900-15.zip,202202141041,’†‹–€ŒSº˜a’¬‰Í“Œ’†“‡,1781-7,,
19384-0900-15.zip,202202141041,’†‹–€ŒSº˜a’¬‰Í“Œ’†“‡,1781-8,,
19384-0900-15.zip,202202141041,’†‹–€ŒSº˜a’¬‰Í“Œ’†“‡,1781-9,,
19384-0900-15.zip,202202141041,’†‹–€ŒSº˜a’¬‰Í“Œ’†“‡,1781-10,,
19384-0900-15.zip,202202141041,’†‹–€ŒSº˜a’¬‰Í“Œ’†“‡,1781-11,,
19384-0900-15.zip,202202141041,’†‹–€ŒSº˜a’¬‰Í“Œ’†“‡,1781-12,,
19384-0900-15.zip,202202141041,’†‹–€ŒSº˜a’¬‰Í“Œ’†“‡,1781-13,,
19384-0900-15.zip,202202141041,’†‹–€ŒSº˜a’¬‰Í“Œ’†“‡,1785-1,,
19384-0900-15.zip,202202141041,’†‹–€ŒSº˜a’¬‰Í“Œ’†“‡,1785-2,,
19384-0900-15.zip,202202141041,’†‹–€ŒSº˜a’¬‰Í“Œ’†“‡,1785-3,,
19384-0900-15.zip,202202141041,’†‹–€ŒSº˜a’¬‰Í“Œ’†“‡,1786-1,,
19384-0900-15.zip,202202141041,’†‹–€ŒSº˜a’¬‰Í“Œ’†“‡,1786-2,,
19384-0900-15.zip,202202141041,’†‹–€ŒSº˜a’¬‰Í“Œ’†“‡,1786-3,,
19384-0900-15.zip,202202141041,’†‹–€ŒSº˜a’¬‰Í“Œ’†“‡,1786-4,,
19384-0900-15.zip,202202141041,’†‹–€ŒSº˜a’¬‰Í“Œ’†“‡,1786-5,,
19384-0900-15.zip,202202141041,’†‹–€ŒSº˜a’¬‰Í“Œ’†“‡,1791,,
19384-0900-15.zip,202202141041,’†‹–€ŒSº˜a’¬‰Í“Œ’†“‡,1792-1,,
19384-0900-15.zip,202202141041,’†‹–€ŒSº˜a’¬‰Í“Œ’†“‡,1793-3,,
19384-0900-15.zip,202202141041,’†‹–€ŒSº˜a’¬‰Í“Œ’†“‡,1799-1,,
19384-0900-15.zip,202202141041,’†‹–€ŒSº˜a’¬‰Í“Œ’†“‡,“¹-4-1,,
19384-0900-15.zip,202202141041,’†‹–€ŒSº˜a’¬‰Í“Œ’†“‡,“¹-21,,
19384-0900-15.zip,202202141041,’†‹–€ŒSº˜a’¬‰Í“Œ’†“‡,“¹-460,,
19384-0900-15.zip,202202141041,’†‹–€ŒSº˜a’¬‰Í“Œ’†“‡,…-5-2,,
19384-0900-15.zip,202202141041,’†‹–€ŒSº˜a’¬‰Í“Œ’†“‡,…-633,,
19384-0900-15.zip,202202141041,’†‹–€ŒSº˜a’¬‰Í“Œ’†“‡,…-648,,
19384-0900-15.zip,202202141041,’†‹–€ŒSº˜a’¬‰Í“Œ’†“‡,…-658,,
19384-0900-15.zip,202202141041,’†‹–€ŒSº˜a’¬‰Í“Œ’†“‡,…-671,,
19384-0900-15.zip,202202141041,’†‹–€ŒSº˜a’¬‰Í“Œ’†“‡,1801,,
19384-0900-15.zip,202202141041,’†‹–€ŒSº˜a’¬‰Í“Œ’†“‡,1802-1,,
19384-0900-15.zip,202202141041,’†‹–€ŒSº˜a’¬‰Í“Œ’†“‡,1802-2,,
19384-0900-15.zip,202202141041,’†‹–€ŒSº˜a’¬‰Í“Œ’†“‡,1803-1,,
19384-0900-15.zip,202202141041,’†‹–€ŒSº˜a’¬‰Í“Œ’†“‡,1803-2,,
19384-0900-15.zip,202202141041,’†‹–€ŒSº˜a’¬‰Í“Œ’†“‡,1804,,
19384-0900-15.zip,202202141041,’†‹–€ŒSº˜a’¬‰Í“Œ’†“‡,1807-2,,
19384-0900-15.zip,202202141041,’†‹–€ŒSº˜a’¬‰Í“Œ’†“‡,1807-3,,
19384-0900-15.zip,202202141041,’†‹–€ŒSº˜a’¬‰Í“Œ’†“‡,1815-2,,
19384-0900-15.zip,202202141041,’†‹–€ŒSº˜a’¬‰Í“Œ’†“‡,1815-4,,
19384-0900-15.zip,202202141041,’†‹–€ŒSº˜a’¬‰Í“Œ’†“‡,1815-6,,
19384-0900-15.zip,202202141041,’†‹–€ŒSº˜a’¬‰Í“Œ’†“‡,1818-7,,
19384-0900-15.zip,202202141041,’†‹–€ŒSº˜a’¬‰Í“Œ’†“‡,1824-1,,
19384-0900-15.zip,202202141041,’†‹–€ŒSº˜a’¬‰Í“Œ’†“‡,1824-3,,
19384-0900-15.zip,202202141041,’†‹–€ŒSº˜a’¬‰Í“Œ’†“‡,1825-4,,
19384-0900-15.zip,202202141041,’†‹–€ŒSº˜a’¬‰Í“Œ’†“‡,1826-4,,
19384-0900-15.zip,202202141041,’†‹–€ŒSº˜a’¬‰Í“Œ’†“‡,1828-1,,
19384-0900-15.zip,202202141041,’†‹–€ŒSº˜a’¬‰Í“Œ’†“‡,1828-2,,
19384-0900-15.zip,202202141041,’†‹–€ŒSº˜a’¬‰Í“Œ’†“‡,1830-1,,
19384-0900-15.zip,202202141041,’†‹–€ŒSº˜a’¬‰Í“Œ’†“‡,1830-4,,
19384-0900-15.zip,202202141041,’†‹–€ŒSº˜a’¬‰Í“Œ’†“‡,1830-5,,
19384-0900-15.zip,202202141041,’†‹–€ŒSº˜a’¬‰Í“Œ’†“‡,1830-6,,
19384-0900-15.zip,202202141041,’†‹–€ŒSº˜a’¬‰Í“Œ’†“‡,1833,,
19384-0900-15.zip,202202141041,’†‹–€ŒSº˜a’¬‰Í“Œ’†“‡,1835-1,,
19384-0900-15.zip,202202141041,’†‹–€ŒSº˜a’¬‰Í“Œ’†“‡,1835-3,,
19384-0900-15.zip,202202141041,’†‹–€ŒSº˜a’¬‰Í“Œ’†“‡,1837-1,,
19384-0900-15.zip,202202141041,’†‹–€ŒSº˜a’¬‰Í“Œ’†“‡,1837-2,,
19384-0900-15.zip,202202141041,’†‹–€ŒSº˜a’¬‰Í“Œ’†“‡,1838-1,,
19384-0900-15.zip,202202141041,’†‹–€ŒSº˜a’¬‰Í“Œ’†“‡,1839,,
19384-0900-15.zip,202202141041,’†‹–€ŒSº˜a’¬‰Í“Œ’†“‡,1840-3,,
19384-0900-15.zip,202202141041,’†‹–€ŒSº˜a’¬‰Í“Œ’†“‡,1840-4,,
19384-0900-15.zip,202202141041,’†‹–€ŒSº˜a’¬‰Í“Œ’†“‡,1840-6,,
19384-0900-15.zip,202202141041,’†‹–€ŒSº˜a’¬‰Í“Œ’†“‡,1841-1,,
19384-0900-15.zip,202202141041,’†‹–€ŒSº˜a’¬‰Í“Œ’†“‡,1841-2,,
19384-0900-15.zip,202202141041,’†‹–€ŒSº˜a’¬‰Í“Œ’†“‡,1841-3,,
19384-0900-15.zip,202202141041,’†‹–€ŒSº˜a’¬‰Í“Œ’†“‡,1842,,
19384-0900-15.zip,202202141041,’†‹–€ŒSº˜a’¬‰Í“Œ’†“‡,1843-1,,
19384-0900-15.zip,202202141041,’†‹–€ŒSº˜a’¬‰Í“Œ’†“‡,1843-2,,
19384-0900-15.zip,202202141041,’†‹–€ŒSº˜a’¬‰Í“Œ’†“‡,1843-3,,
19384-0900-15.zip,202202141041,’†‹–€ŒSº˜a’¬‰Í“Œ’†“‡,1844-1,,
19384-0900-15.zip,202202141041,’†‹–€ŒSº˜a’¬‰Í“Œ’†“‡,1844-3,,
19384-0900-15.zip,202202141041,’†‹–€ŒSº˜a’¬‰Í“Œ’†“‡,1864-2,,
19384-0900-15.zip,202202141041,’†‹–€ŒSº˜a’¬‰Í“Œ’†“‡,1867-3,,
19384-0900-15.zip,202202141041,’†‹–€ŒSº˜a’¬‰Í“Œ’†“‡,1868-1,,
19384-0900-15.zip,202202141041,’†‹–€ŒSº˜a’¬‰Í“Œ’†“‡,1868-3,,
19384-0900-15.zip,202202141041,’†‹–€ŒSº˜a’¬‰Í“Œ’†“‡,1869,,
19384-0900-15.zip,202202141041,’†‹–€ŒSº˜a’¬‰Í“Œ’†“‡,1876-1,,
19384-0900-15.zip,202202141041,’†‹–€ŒSº˜a’¬‰Í“Œ’†“‡,1877-1,,
19384-0900-15.zip,202202141041,’†‹–€ŒSº˜a’¬‰Í“Œ’†“‡,–³’n”Ô-65,,
19384-0900-15.zip,202202141041,’†‹–€ŒSº˜a’¬‰Í“Œ’†“‡,“¹-25,,
19384-0900-15.zip,202202141041,’†‹–€ŒSº˜a’¬‰Í“Œ’†“‡,“¹-450,,
19384-0900-15.zip,202202141041,’†‹–€ŒSº˜a’¬‰Í“Œ’†“‡,“¹-497,,
19384-0900-15.zip,202202141041,’†‹–€ŒSº˜a’¬‰Í“Œ’†“‡,…-612,,
19384-0900-15.zip,202202141041,’†‹–€ŒSº˜a’¬‰Í“Œ’†“‡,…-654,,
19384-0900-15.zip,202202141041,’†‹–€ŒSº˜a’¬‰Í“Œ’†“‡,’·‹·•¨•s–¾-207,,
19384-0900-15.zip,202202141041,’†‹–€ŒSº˜a’¬‰Í“Œ’†“‡,1881-1,,
19384-0900-15.zip,202202141041,’†‹–€ŒSº˜a’¬‰Í“Œ’†“‡,1881-3,,
19384-0900-15.zip,202202141041,’†‹–€ŒSº˜a’¬‰Í“Œ’†“‡,1882-1,,
19384-0900-15.zip,202202141041,’†‹–€ŒSº˜a’¬‰Í“Œ’†“‡,1884,,
19384-0900-15.zip,202202141041,’†‹–€ŒSº˜a’¬‰Í“Œ’†“‡,1885,,
19384-0900-15.zip,202202141041,’†‹–€ŒSº˜a’¬‰Í“Œ’†“‡,1886-1,,
19384-0900-15.zip,202202141041,’†‹–€ŒSº˜a’¬‰Í“Œ’†“‡,1887-2,,
19384-0900-15.zip,202202141041,’†‹–€ŒSº˜a’¬‰Í“Œ’†“‡,1888-2,,
19384-0900-15.zip,202202141041,’†‹–€ŒSº˜a’¬‰Í“Œ’†“‡,1889,,
19384-0900-15.zip,202202141041,’†‹–€ŒSº˜a’¬‰Í“Œ’†“‡,1890-1,,
19384-0900-15.zip,202202141041,’†‹–€ŒSº˜a’¬‰Í“Œ’†“‡,1890-2,,
19384-0900-15.zip,202202141041,’†‹–€ŒSº˜a’¬‰Í“Œ’†“‡,1891,,
19384-0900-15.zip,202202141041,’†‹–€ŒSº˜a’¬‰Í“Œ’†“‡,1892-1,,
19384-0900-15.zip,202202141041,’†‹–€ŒSº˜a’¬‰Í“Œ’†“‡,1892-2,,
19384-0900-15.zip,202202141041,’†‹–€ŒSº˜a’¬‰Í“Œ’†“‡,1894,,
19384-0900-15.zip,202202141041,’†‹–€ŒSº˜a’¬‰Í“Œ’†“‡,1896-2,,
19384-0900-15.zip,202202141041,’†‹–€ŒSº˜a’¬‰Í“Œ’†“‡,1896-3,,
19384-0900-15.zip,202202141041,’†‹–€ŒSº˜a’¬‰Í“Œ’†“‡,1899-1,,
19384-0900-15.zip,202202141041,’†‹–€ŒSº˜a’¬‰Í“Œ’†“‡,1899-3,,
19384-0900-15.zip,202202141041,’†‹–€ŒSº˜a’¬‰Í“Œ’†“‡,1900,,
19384-0900-15.zip,202202141041,’†‹–€ŒSº˜a’¬‰Í“Œ’†“‡,1901,,
19384-0900-15.zip,202202141041,’†‹–€ŒSº˜a’¬‰Í“Œ’†“‡,1902,,
19384-0900-15.zip,202202141041,’†‹–€ŒSº˜a’¬‰Í“Œ’†“‡,1903-1,,
19384-0900-15.zip,202202141041,’†‹–€ŒSº˜a’¬‰Í“Œ’†“‡,1903-2,,
19384-0900-15.zip,202202141041,’†‹–€ŒSº˜a’¬‰Í“Œ’†“‡,1905-1,,
19384-0900-15.zip,202202141041,’†‹–€ŒSº˜a’¬‰Í“Œ’†“‡,1905-5,,
19384-0900-15.zip,202202141041,’†‹–€ŒSº˜a’¬‰Í“Œ’†“‡,1906-2,,
19384-0900-15.zip,202202141041,’†‹–€ŒSº˜a’¬‰Í“Œ’†“‡,1908,,
19384-0900-15.zip,202202141041,’†‹–€ŒSº˜a’¬‰Í“Œ’†“‡,1909-1,,
19384-0900-15.zip,202202141041,’†‹–€ŒSº˜a’¬‰Í“Œ’†“‡,1909-2,,
19384-0900-15.zip,202202141041,’†‹–€ŒSº˜a’¬‰Í“Œ’†“‡,1914-1,,
19384-0900-15.zip,202202141041,’†‹–€ŒSº˜a’¬‰Í“Œ’†“‡,1915,,
19384-0900-15.zip,202202141041,’†‹–€ŒSº˜a’¬‰Í“Œ’†“‡,1917-1,,
19384-0900-15.zip,202202141041,’†‹–€ŒSº˜a’¬‰Í“Œ’†“‡,1917-2,,
19384-0900-15.zip,202202141041,’†‹–€ŒSº˜a’¬‰Í“Œ’†“‡,1918,,
19384-0900-15.zip,202202141041,’†‹–€ŒSº˜a’¬‰Í“Œ’†“‡,1919,,
19384-0900-15.zip,202202141041,’†‹–€ŒSº˜a’¬‰Í“Œ’†“‡,1920-1,,
19384-0900-15.zip,202202141041,’†‹–€ŒSº˜a’¬‰Í“Œ’†“‡,1920-2,,
19384-0900-15.zip,202202141041,’†‹–€ŒSº˜a’¬‰Í“Œ’†“‡,1920-3,,
19384-0900-15.zip,202202141041,’†‹–€ŒSº˜a’¬‰Í“Œ’†“‡,1920-4,,
19384-0900-15.zip,202202141041,’†‹–€ŒSº˜a’¬‰Í“Œ’†“‡,1920-5,,
19384-0900-15.zip,202202141041,’†‹–€ŒSº˜a’¬‰Í“Œ’†“‡,1920-6,,
19384-0900-15.zip,202202141041,’†‹–€ŒSº˜a’¬‰Í“Œ’†“‡,1920-7,,
19384-0900-15.zip,202202141041,’†‹–€ŒSº˜a’¬‰Í“Œ’†“‡,1920-8,,
19384-0900-15.zip,202202141041,’†‹–€ŒSº˜a’¬‰Í“Œ’†“‡,1922-1,,
19384-0900-15.zip,202202141041,’†‹–€ŒSº˜a’¬‰Í“Œ’†“‡,1922-6,,
19384-0900-15.zip,202202141041,’†‹–€ŒSº˜a’¬‰Í“Œ’†“‡,1922-7,,
19384-0900-15.zip,202202141041,’†‹–€ŒSº˜a’¬‰Í“Œ’†“‡,1922-8,,
19384-0900-15.zip,202202141041,’†‹–€ŒSº˜a’¬‰Í“Œ’†“‡,1922-9,,
19384-0900-15.zip,202202141041,’†‹–€ŒSº˜a’¬‰Í“Œ’†“‡,1922-10,,
19384-0900-15.zip,202202141041,’†‹–€ŒSº˜a’¬‰Í“Œ’†“‡,1922-11,,
19384-0900-15.zip,202202141041,’†‹–€ŒSº˜a’¬‰Í“Œ’†“‡,1922-12,,
19384-0900-15.zip,202202141041,’†‹–€ŒSº˜a’¬‰Í“Œ’†“‡,1922-13,,
19384-0900-15.zip,202202141041,’†‹–€ŒSº˜a’¬‰Í“Œ’†“‡,1922-14,,
19384-0900-15.zip,202202141041,’†‹–€ŒSº˜a’¬‰Í“Œ’†“‡,1922-15,,
19384-0900-15.zip,202202141041,’†‹–€ŒSº˜a’¬‰Í“Œ’†“‡,1922-16,,
19384-0900-15.zip,202202141041,’†‹–€ŒSº˜a’¬‰Í“Œ’†“‡,1922-18,,
19384-0900-15.zip,202202141041,’†‹–€ŒSº˜a’¬‰Í“Œ’†“‡,1922-21,,
19384-0900-15.zip,202202141041,’†‹–€ŒSº˜a’¬‰Í“Œ’†“‡,1927-4,,
19384-0900-15.zip,202202141041,’†‹–€ŒSº˜a’¬‰Í“Œ’†“‡,1928,,
19384-0900-15.zip,202202141041,’†‹–€ŒSº˜a’¬‰Í“Œ’†“‡,1929-1,,
19384-0900-15.zip,202202141041,’†‹–€ŒSº˜a’¬‰Í“Œ’†“‡,1929-2,,
19384-0900-15.zip,202202141041,’†‹–€ŒSº˜a’¬‰Í“Œ’†“‡,1933-1,,
19384-0900-15.zip,202202141041,’†‹–€ŒSº˜a’¬‰Í“Œ’†“‡,1933-3,,
19384-0900-15.zip,202202141041,’†‹–€ŒSº˜a’¬‰Í“Œ’†“‡,1934,,
19384-0900-15.zip,202202141041,’†‹–€ŒSº˜a’¬‰Í“Œ’†“‡,1935,,
19384-0900-15.zip,202202141041,’†‹–€ŒSº˜a’¬‰Í“Œ’†“‡,1937-1,,
19384-0900-15.zip,202202141041,’†‹–€ŒSº˜a’¬‰Í“Œ’†“‡,1937-2,,
19384-0900-15.zip,202202141041,’†‹–€ŒSº˜a’¬‰Í“Œ’†“‡,1938-1,,
19384-0900-15.zip,202202141041,’†‹–€ŒSº˜a’¬‰Í“Œ’†“‡,1938-3,,
19384-0900-15.zip,202202141041,’†‹–€ŒSº˜a’¬‰Í“Œ’†“‡,1938-7,,
19384-0900-15.zip,202202141041,’†‹–€ŒSº˜a’¬‰Í“Œ’†“‡,1938-8,,
19384-0900-15.zip,202202141041,’†‹–€ŒSº˜a’¬‰Í“Œ’†“‡,1939,,
19384-0900-15.zip,202202141041,’†‹–€ŒSº˜a’¬‰Í“Œ’†“‡,1940-2,,
19384-0900-15.zip,202202141041,’†‹–€ŒSº˜a’¬‰Í“Œ’†“‡,1941,,
19384-0900-15.zip,202202141041,’†‹–€ŒSº˜a’¬‰Í“Œ’†“‡,1942,,
19384-0900-15.zip,202202141041,’†‹–€ŒSº˜a’¬‰Í“Œ’†“‡,“¹-451,,
19384-0900-15.zip,202202141041,’†‹–€ŒSº˜a’¬‰Í“Œ’†“‡,“¹-471,,
19384-0900-15.zip,202202141041,’†‹–€ŒSº˜a’¬‰Í“Œ’†“‡,“¹-481,,
19384-0900-15.zip,202202141041,’†‹–€ŒSº˜a’¬‰Í“Œ’†“‡,“¹-489,,
19384-0900-15.zip,202202141041,’†‹–€ŒSº˜a’¬‰Í“Œ’†“‡,“¹-505,,
19384-0900-15.zip,202202141041,’†‹–€ŒSº˜a’¬‰Í“Œ’†“‡,“¹-519,,
19384-0900-15.zip,202202141041,’†‹–€ŒSº˜a’¬‰Í“Œ’†“‡,“¹-528,,
19384-0900-15.zip,202202141041,’†‹–€ŒSº˜a’¬‰Í“Œ’†“‡,…-604,,
19384-0900-15.zip,202202141041,’†‹–€ŒSº˜a’¬‰Í“Œ’†“‡,…-652,,
19384-0900-15.zip,202202141041,’†‹–€ŒSº˜a’¬‰Í“Œ’†“‡,…-666,,
19384-0900-15.zip,202202141041,’†‹–€ŒSº˜a’¬‰Í“Œ’†“‡,1943-1,,
19384-0900-15.zip,202202141041,’†‹–€ŒSº˜a’¬‰Í“Œ’†“‡,1943-4,,
19384-0900-15.zip,202202141041,’†‹–€ŒSº˜a’¬‰Í“Œ’†“‡,1943-5,,
19384-0900-15.zip,202202141041,’†‹–€ŒSº˜a’¬‰Í“Œ’†“‡,1943-6,,
19384-0900-15.zip,202202141041,’†‹–€ŒSº˜a’¬‰Í“Œ’†“‡,1944-1,,
19384-0900-15.zip,202202141041,’†‹–€ŒSº˜a’¬‰Í“Œ’†“‡,1944-2,,
19384-0900-15.zip,202202141041,’†‹–€ŒSº˜a’¬‰Í“Œ’†“‡,1944-3,,
19384-0900-15.zip,202202141041,’†‹–€ŒSº˜a’¬‰Í“Œ’†“‡,1944-4,,
19384-0900-15.zip,202202141041,’†‹–€ŒSº˜a’¬‰Í“Œ’†“‡,1944-6,,
19384-0900-15.zip,202202141041,’†‹–€ŒSº˜a’¬‰Í“Œ’†“‡,1945-1,,
19384-0900-15.zip,202202141041,’†‹–€ŒSº˜a’¬‰Í“Œ’†“‡,1945-2,,
19384-0900-15.zip,202202141041,’†‹–€ŒSº˜a’¬‰Í“Œ’†“‡,1946-1,,
19384-0900-15.zip,202202141041,’†‹–€ŒSº˜a’¬‰Í“Œ’†“‡,1946-2,,
19384-0900-15.zip,202202141041,’†‹–€ŒSº˜a’¬‰Í“Œ’†“‡,1946-3,,
19384-0900-15.zip,202202141041,’†‹–€ŒSº˜a’¬‰Í“Œ’†“‡,1947-2,,
19384-0900-15.zip,202202141041,’†‹–€ŒSº˜a’¬‰Í“Œ’†“‡,1947-3,,
19384-0900-15.zip,202202141041,’†‹–€ŒSº˜a’¬‰Í“Œ’†“‡,1953-1,,
19384-0900-15.zip,202202141041,’†‹–€ŒSº˜a’¬‰Í“Œ’†“‡,1955-1,,
19384-0900-15.zip,202202141041,’†‹–€ŒSº˜a’¬‰Í“Œ’†“‡,1955-2,,
19384-0900-15.zip,202202141041,’†‹–€ŒSº˜a’¬‰Í“Œ’†“‡,1955-3,,
19384-0900-15.zip,202202141041,’†‹–€ŒSº˜a’¬‰Í“Œ’†“‡,1955-4,,
19384-0900-15.zip,202202141041,’†‹–€ŒSº˜a’¬‰Í“Œ’†“‡,1956-1,,
19384-0900-15.zip,202202141041,’†‹–€ŒSº˜a’¬‰Í“Œ’†“‡,1956-2,,
19384-0900-15.zip,202202141041,’†‹–€ŒSº˜a’¬‰Í“Œ’†“‡,1956-3,,
19384-0900-15.zip,202202141041,’†‹–€ŒSº˜a’¬‰Í“Œ’†“‡,1956-4,,
19384-0900-15.zip,202202141041,’†‹–€ŒSº˜a’¬‰Í“Œ’†“‡,1957-1,,
19384-0900-15.zip,202202141041,’†‹–€ŒSº˜a’¬‰Í“Œ’†“‡,1957-2,,
19384-0900-15.zip,202202141041,’†‹–€ŒSº˜a’¬‰Í“Œ’†“‡,1969-1,,
19384-0900-15.zip,202202141041,’†‹–€ŒSº˜a’¬‰Í“Œ’†“‡,1969-2,,
19384-0900-15.zip,202202141041,’†‹–€ŒSº˜a’¬‰Í“Œ’†“‡,1969-3,,
19384-0900-15.zip,202202141041,’†‹–€ŒSº˜a’¬‰Í“Œ’†“‡,1969-4,,
19384-0900-15.zip,202202141041,’†‹–€ŒSº˜a’¬‰Í“Œ’†“‡,1971-1,,
19384-0900-15.zip,202202141041,’†‹–€ŒSº˜a’¬‰Í“Œ’†“‡,1971-2,,
19384-0900-15.zip,202202141041,’†‹–€ŒSº˜a’¬‰Í“Œ’†“‡,1979-2,,
19384-0900-15.zip,202202141041,’†‹–€ŒSº˜a’¬‰Í“Œ’†“‡,1979-3,,
19384-0900-15.zip,202202141041,’†‹–€ŒSº˜a’¬‰Í“Œ’†“‡,1979-4,,
19384-0900-15.zip,202202141041,’†‹–€ŒSº˜a’¬‰Í“Œ’†“‡,1979-5,,
19384-0900-15.zip,202202141041,’†‹–€ŒSº˜a’¬‰Í“Œ’†“‡,1979-6,,
19384-0900-15.zip,202202141041,’†‹–€ŒSº˜a’¬‰Í“Œ’†“‡,1979-7,,
19384-0900-15.zip,202202141041,’†‹–€ŒSº˜a’¬‰Í“Œ’†“‡,1998-2,,
19384-0900-15.zip,202202141041,’†‹–€ŒSº˜a’¬‰Í“Œ’†“‡,1998-3,,
19384-0900-15.zip,202202141041,’†‹–€ŒSº˜a’¬‰Í“Œ’†“‡,1998-4,,
19384-0900-15.zip,202202141041,’†‹–€ŒSº˜a’¬‰Í“Œ’†“‡,2004-2,,
19384-0900-15.zip,202202141041,’†‹–€ŒSº˜a’¬‰Í“Œ’†“‡,2009,,
19384-0900-15.zip,202202141041,’†‹–€ŒSº˜a’¬‰Í“Œ’†“‡,“¹-8,,
19384-0900-15.zip,202202141041,’†‹–€ŒSº˜a’¬‰Í“Œ’†“‡,“¹-516,,
19384-0900-15.zip,202202141041,’†‹–€ŒSº˜a’¬‰Í“Œ’†“‡,…-657,,
19384-0900-15.zip,202202141041,’†‹–€ŒSº˜a’¬‰Í“Œ’†“‡,2025,,
19384-0900-15.zip,202202141041,’†‹–€ŒSº˜a’¬‰Í“Œ’†“‡,2026-1,,
19384-0900-15.zip,202202141041,’†‹–€ŒSº˜a’¬‰Í“Œ’†“‡,2027,,
19384-0900-15.zip,202202141041,’†‹–€ŒSº˜a’¬‰Í“Œ’†“‡,2028,,
19384-0900-15.zip,202202141041,’†‹–€ŒSº˜a’¬‰Í“Œ’†“‡,2029-1,,
19384-0900-15.zip,202202141041,’†‹–€ŒSº˜a’¬‰Í“Œ’†“‡,2029-2,,
19384-0900-15.zip,202202141041,’†‹–€ŒSº˜a’¬‰Í“Œ’†“‡,2032,,
19384-0900-15.zip,202202141041,’†‹–€ŒSº˜a’¬‰Í“Œ’†“‡,2033,,
19384-0900-15.zip,202202141041,’†‹–€ŒSº˜a’¬‰Í“Œ’†“‡,2034,,
19384-0900-15.zip,202202141041,’†‹–€ŒSº˜a’¬‰Í“Œ’†“‡,2035-1,,
19384-0900-15.zip,202202141041,’†‹–€ŒSº˜a’¬‰Í“Œ’†“‡,2035-2,,
19384-0900-15.zip,202202141041,’†‹–€ŒSº˜a’¬‰Í“Œ’†“‡,2036-2,,
19384-0900-15.zip,202202141041,’†‹–€ŒSº˜a’¬‰Í“Œ’†“‡,2037-1,,
19384-0900-15.zip,202202141041,’†‹–€ŒSº˜a’¬‰Í“Œ’†“‡,2037-2,,
19384-0900-15.zip,202202141041,’†‹–€ŒSº˜a’¬‰Í“Œ’†“‡,2038-3,,
19384-0900-15.zip,202202141041,’†‹–€ŒSº˜a’¬‰Í“Œ’†“‡,2039,,
19384-0900-15.zip,202202141041,’†‹–€ŒSº˜a’¬‰Í“Œ’†“‡,2040,,
19384-0900-15.zip,202202141041,’†‹–€ŒSº˜a’¬‰Í“Œ’†“‡,2040-2,,
19384-0900-15.zip,202202141041,’†‹–€ŒSº˜a’¬‰Í“Œ’†“‡,2041,,
19384-0900-15.zip,202202141041,’†‹–€ŒSº˜a’¬‰Í“Œ’†“‡,2043,,
19384-0900-15.zip,202202141041,’†‹–€ŒSº˜a’¬‰Í“Œ’†“‡,2043-2,,
19384-0900-15.zip,202202141041,’†‹–€ŒSº˜a’¬‰Í“Œ’†“‡,2045,,
19384-0900-15.zip,202202141041,’†‹–€ŒSº˜a’¬‰Í“Œ’†“‡,2046-2,,
19384-0900-15.zip,202202141041,’†‹–€ŒSº˜a’¬‰Í“Œ’†“‡,2046-3,,
19384-0900-15.zip,202202141041,’†‹–€ŒSº˜a’¬‰Í“Œ’†“‡,2047,,
19384-0900-15.zip,202202141041,’†‹–€ŒSº˜a’¬‰Í“Œ’†“‡,2048,,
19384-0900-15.zip,202202141041,’†‹–€ŒSº˜a’¬‰Í“Œ’†“‡,2049-1,,
19384-0900-15.zip,202202141041,’†‹–€ŒSº˜a’¬‰Í“Œ’†“‡,2049-2,,
19384-0900-15.zip,202202141041,’†‹–€ŒSº˜a’¬‰Í“Œ’†“‡,2049-3,,
19384-0900-15.zip,202202141041,’†‹–€ŒSº˜a’¬‰Í“Œ’†“‡,2050-1,,
19384-0900-15.zip,202202141041,’†‹–€ŒSº˜a’¬‰Í“Œ’†“‡,2050-2,,
19384-0900-15.zip,202202141041,’†‹–€ŒSº˜a’¬‰Í“Œ’†“‡,2050-3,,
19384-0900-15.zip,202202141041,’†‹–€ŒSº˜a’¬‰Í“Œ’†“‡,2051-1,,
19384-0900-15.zip,202202141041,’†‹–€ŒSº˜a’¬‰Í“Œ’†“‡,2051-2,,
19384-0900-15.zip,202202141041,’†‹–€ŒSº˜a’¬‰Í“Œ’†“‡,2052-1,,
19384-0900-15.zip,202202141041,’†‹–€ŒSº˜a’¬‰Í“Œ’†“‡,2052-2,,
19384-0900-15.zip,202202141041,’†‹–€ŒSº˜a’¬‰Í“Œ’†“‡,2053,,
19384-0900-15.zip,202202141041,’†‹–€ŒSº˜a’¬‰Í“Œ’†“‡,2054-2,,
19384-0900-15.zip,202202141041,’†‹–€ŒSº˜a’¬‰Í“Œ’†“‡,2056,,
19384-0900-15.zip,202202141041,’†‹–€ŒSº˜a’¬‰Í“Œ’†“‡,2057,,
19384-0900-15.zip,202202141041,’†‹–€ŒSº˜a’¬‰Í“Œ’†“‡,2059,,
19384-0900-15.zip,202202141041,’†‹–€ŒSº˜a’¬‰Í“Œ’†“‡,2060,,
19384-0900-15.zip,202202141041,’†‹–€ŒSº˜a’¬‰Í“Œ’†“‡,2063,,
19384-0900-15.zip,202202141041,’†‹–€ŒSº˜a’¬‰Í“Œ’†“‡,2064,,
19384-0900-15.zip,202202141041,’†‹–€ŒSº˜a’¬‰Í“Œ’†“‡,2064-2,,
19384-0900-15.zip,202202141041,’†‹–€ŒSº˜a’¬‰Í“Œ’†“‡,2064-3,,
19384-0900-15.zip,202202141041,’†‹–€ŒSº˜a’¬‰Í“Œ’†“‡,2066,,
19384-0900-15.zip,202202141041,’†‹–€ŒSº˜a’¬‰Í“Œ’†“‡,2067,,
19384-0900-15.zip,202202141041,’†‹–€ŒSº˜a’¬‰Í“Œ’†“‡,2068,,
19384-0900-15.zip,202202141041,’†‹–€ŒSº˜a’¬‰Í“Œ’†“‡,2069-1,,
19384-0900-15.zip,202202141041,’†‹–€ŒSº˜a’¬‰Í“Œ’†“‡,2069-2,,
19384-0900-15.zip,202202141041,’†‹–€ŒSº˜a’¬‰Í“Œ’†“‡,2070,,
19384-0900-15.zip,202202141041,’†‹–€ŒSº˜a’¬‰Í“Œ’†“‡,2071-1,,
19384-0900-15.zip,202202141041,’†‹–€ŒSº˜a’¬‰Í“Œ’†“‡,2071-2,,
19384-0900-15.zip,202202141041,’†‹–€ŒSº˜a’¬‰Í“Œ’†“‡,2071-3,,
19384-0900-15.zip,202202141041,’†‹–€ŒSº˜a’¬‰Í“Œ’†“‡,2071-4,,
19384-0900-15.zip,202202141041,’†‹–€ŒSº˜a’¬‰Í“Œ’†“‡,2071-5,,
19384-0900-15.zip,202202141041,’†‹–€ŒSº˜a’¬‰Í“Œ’†“‡,2072-2,,
19384-0900-15.zip,202202141041,’†‹–€ŒSº˜a’¬‰Í“Œ’†“‡,2073-1,,
19384-0900-15.zip,202202141041,’†‹–€ŒSº˜a’¬‰Í“Œ’†“‡,2074,,
19384-0900-15.zip,202202141041,’†‹–€ŒSº˜a’¬‰Í“Œ’†“‡,2075,,
19384-0900-15.zip,202202141041,’†‹–€ŒSº˜a’¬‰Í“Œ’†“‡,2076,,
19384-0900-15.zip,202202141041,’†‹–€ŒSº˜a’¬‰Í“Œ’†“‡,2077,,
19384-0900-15.zip,202202141041,’†‹–€ŒSº˜a’¬‰Í“Œ’†“‡,2078,,
19384-0900-15.zip,202202141041,’†‹–€ŒSº˜a’¬‰Í“Œ’†“‡,2079,,
19384-0900-15.zip,202202141041,’†‹–€ŒSº˜a’¬‰Í“Œ’†“‡,2080,,
19384-0900-15.zip,202202141041,’†‹–€ŒSº˜a’¬‰Í“Œ’†“‡,2081-1,,
19384-0900-15.zip,202202141041,’†‹–€ŒSº˜a’¬‰Í“Œ’†“‡,2081-2,,
19384-0900-15.zip,202202141041,’†‹–€ŒSº˜a’¬‰Í“Œ’†“‡,2082-3,,
19384-0900-15.zip,202202141041,’†‹–€ŒSº˜a’¬‰Í“Œ’†“‡,2082-4,,
19384-0900-15.zip,202202141041,’†‹–€ŒSº˜a’¬‰Í“Œ’†“‡,2082-5,,
19384-0900-15.zip,202202141041,’†‹–€ŒSº˜a’¬‰Í“Œ’†“‡,2083,,
19384-0900-15.zip,202202141041,’†‹–€ŒSº˜a’¬‰Í“Œ’†“‡,2084-2,,
19384-0900-15.zip,202202141041,’†‹–€ŒSº˜a’¬‰Í“Œ’†“‡,2085,,
19384-0900-15.zip,202202141041,’†‹–€ŒSº˜a’¬‰Í“Œ’†“‡,2086-1,,
19384-0900-15.zip,202202141041,’†‹–€ŒSº˜a’¬‰Í“Œ’†“‡,2086-2,,
19384-0900-15.zip,202202141041,’†‹–€ŒSº˜a’¬‰Í“Œ’†“‡,2086-5,,
19384-0900-15.zip,202202141041,’†‹–€ŒSº˜a’¬‰Í“Œ’†“‡,2087-1,,
19384-0900-15.zip,202202141041,’†‹–€ŒSº˜a’¬‰Í“Œ’†“‡,2087-2,,
19384-0900-15.zip,202202141041,’†‹–€ŒSº˜a’¬‰Í“Œ’†“‡,2088,,
19384-0900-15.zip,202202141041,’†‹–€ŒSº˜a’¬‰Í“Œ’†“‡,2089,,
19384-0900-15.zip,202202141041,’†‹–€ŒSº˜a’¬‰Í“Œ’†“‡,2090-1,,
19384-0900-15.zip,202202141041,’†‹–€ŒSº˜a’¬‰Í“Œ’†“‡,2090-2,,
19384-0900-15.zip,202202141041,’†‹–€ŒSº˜a’¬‰Í“Œ’†“‡,2091-1,,
19384-0900-15.zip,202202141041,’†‹–€ŒSº˜a’¬‰Í“Œ’†“‡,2091-2,,
19384-0900-15.zip,202202141041,’†‹–€ŒSº˜a’¬‰Í“Œ’†“‡,2093-1,,
19384-0900-15.zip,202202141041,’†‹–€ŒSº˜a’¬‰Í“Œ’†“‡,2093-2,,
19384-0900-15.zip,202202141041,’†‹–€ŒSº˜a’¬‰Í“Œ’†“‡,2094,,
19384-0900-15.zip,202202141041,’†‹–€ŒSº˜a’¬‰Í“Œ’†“‡,2095,,
19384-0900-15.zip,202202141041,’†‹–€ŒSº˜a’¬‰Í“Œ’†“‡,2097-1,,
19384-0900-15.zip,202202141041,’†‹–€ŒSº˜a’¬‰Í“Œ’†“‡,2097-2,,
19384-0900-15.zip,202202141041,’†‹–€ŒSº˜a’¬‰Í“Œ’†“‡,“¹-455,,
19384-0900-15.zip,202202141041,’†‹–€ŒSº˜a’¬‰Í“Œ’†“‡,“¹-482,,
19384-0900-15.zip,202202141041,’†‹–€ŒSº˜a’¬‰Í“Œ’†“‡,“¹-486,,
19384-0900-15.zip,202202141041,’†‹–€ŒSº˜a’¬‰Í“Œ’†“‡,“¹-501,,
19384-0900-15.zip,202202141041,’†‹–€ŒSº˜a’¬‰Í“Œ’†“‡,“¹-515,,
19384-0900-15.zip,202202141041,’†‹–€ŒSº˜a’¬‰Í“Œ’†“‡,…-10,,
19384-0900-15.zip,202202141041,’†‹–€ŒSº˜a’¬‰Í“Œ’†“‡,…-11,,
19384-0900-15.zip,202202141041,’†‹–€ŒSº˜a’¬‰Í“Œ’†“‡,…-620,,
19384-0900-15.zip,202202141041,’†‹–€ŒSº˜a’¬‰Í“Œ’†“‡,…-659,,
19384-0900-15.zip,202202141041,’†‹–€ŒSº˜a’¬‰Í“Œ’†“‡,…-670,,
19384-0900-15.zip,202202141041,’†‹–€ŒSº˜a’¬‰Í“Œ’†“‡,…-674,,
19384-0900-15.zip,202202141041,’†‹–€ŒSº˜a’¬‰Í“Œ’†“‡,2030-1,,
19384-0900-15.zip,202202141041,’†‹–€ŒSº˜a’¬‰Í“Œ’†“‡,2030-2,,
19384-0900-15.zip,202202141041,’†‹–€ŒSº˜a’¬‰Í“Œ’†“‡,2031,,
19384-0900-15.zip,202202141041,’†‹–€ŒSº˜a’¬‰Í“Œ’†“‡,…-637,,
19384-0900-15.zip,202202141041,’†‹–€ŒSº˜a’¬‰Í“Œ’†“‡,1685-2,,
19384-0900-15.zip,202202141041,’†‹–€ŒSº˜a’¬‰Í“Œ’†“‡,1896-1,,
19384-0900-15.zip,202202141041,’†‹–€ŒSº˜a’¬‰Í“Œ’†“‡,1896-4,,
19384-0900-15.zip,202202141041,’†‹–€ŒSº˜a’¬‰Í“Œ’†“‡,1880-3,,
19384-0900-15.zip,202202141041,’†‹–€ŒSº˜a’¬‰Í“Œ’†“‡,1687-2,,
19384-0900-15.zip,202202141041,’†‹–€ŒSº˜a’¬‰Í“Œ’†“‡,1687-1,,
19384-0900-15.zip,202202141041,’†‹–€ŒSº˜a’¬‰Í“Œ’†“‡,1689-1,,
19384-0900-15.zip,202202141041,’†‹–€ŒSº˜a’¬‰Í“Œ’†“‡,1699-4,,
19384-0900-15.zip,202202141041,’†‹–€ŒSº˜a’¬‰Í“Œ’†“‡,1699-2,,
19384-0900-15.zip,202202141041,’†‹–€ŒSº˜a’¬‰Í“Œ’†“‡,1682-3,,
19384-0900-15.zip,202202141041,’†‹–€ŒSº˜a’¬‰Í“Œ’†“‡,1682-4,,
19384-0900-15.zip,202202141041,’†‹–€ŒSº˜a’¬‰Í“Œ’†“‡,1898-1,,
19384-0900-15.zip,202202141041,’†‹–€ŒSº˜a’¬‰Í“Œ’†“‡,1898-2,,
19384-0900-15.zip,202202141041,’†‹–€ŒSº˜a’¬‰Í“Œ’†“‡,1699-6,,
19384-0900-15.zip,202202141041,’†‹–€ŒSº˜a’¬‰Í“Œ’†“‡,1699-5,,
19384-0900-15.zip,202202141041,’†‹–€ŒSº˜a’¬‰Í“Œ’†“‡,1699-3,,
19384-0900-15.zip,202202141041,’†‹–€ŒSº˜a’¬‰Í“Œ’†“‡,1881-2,,
19384-0900-15.zip,202202141041,’†‹–€ŒSº˜a’¬‰Í“Œ’†“‡,1881-5,,
19384-0900-15.zip,202202141041,’†‹–€ŒSº˜a’¬‰Í“Œ’†“‡,1881-4,,
19384-0900-15.zip,202202141041,’†‹–€ŒSº˜a’¬‰Í“Œ’†“‡,1880-2,,
19384-0900-15.zip,202202141041,’†‹–€ŒSº˜a’¬‰Í“Œ’†“‡,…-664,,
19384-0900-15.zip,202202141041,’†‹–€ŒSº˜a’¬‰Í“Œ’†“‡,1899-4,,
19384-0900-15.zip,202202141041,’†‹–€ŒSº˜a’¬‰Í“Œ’†“‡,1899-5,,
19384-0900-15.zip,202202141041,’†‹–€ŒSº˜a’¬‰Í“Œ’†“‡,“¹-522,,
19384-0900-15.zip,202202141041,’†‹–€ŒSº˜a’¬‰Í“Œ’†“‡,1899-2,,
19384-0900-15.zip,202202141041,’†‹–€ŒSº˜a’¬‰Í“Œ’†“‡,1492-1,,
19384-0900-15.zip,202202141041,’†‹–€ŒSº˜a’¬‰Í“Œ’†“‡,1492-3,,
19384-0900-15.zip,202202141041,’†‹–€ŒSº˜a’¬‰Í“Œ’†“‡,1492-2,,
19384-0900-15.zip,202202141041,’†‹–€ŒSº˜a’¬‰Í“Œ’†“‡,1494-2,,
19384-0900-15.zip,202202141041,’†‹–€ŒSº˜a’¬‰Í“Œ’†“‡,…-635-1,,
19384-0900-15.zip,202202141041,’†‹–€ŒSº˜a’¬‰Í“Œ’†“‡,1689-5,,
19384-0900-15.zip,202202141041,’†‹–€ŒSº˜a’¬‰Í“Œ’†“‡,1799-2,,
19384-0900-15.zip,202202141041,’†‹–€ŒSº˜a’¬‰Í“Œ’†“‡,1793-1,,
19384-0900-15.zip,202202141041,’†‹–€ŒSº˜a’¬‰Í“Œ’†“‡,1793-4,,
19384-0900-15.zip,202202141041,’†‹–€ŒSº˜a’¬‰Í“Œ’†“‡,1792-2,,
19384-0900-15.zip,202202141041,’†‹–€ŒSº˜a’¬‰Í“Œ’†“‡,1793-5,,
19384-0900-15.zip,202202141041,’†‹–€ŒSº˜a’¬‰Í“Œ’†“‡,1793-2,,
19384-0900-15.zip,202202141041,’†‹–€ŒSº˜a’¬‰Í“Œ’†“‡,1699-7,,
19384-0900-15.zip,202202141041,’†‹–€ŒSº˜a’¬‰Í“Œ’†“‡,1699-1,,
19384-0900-15.zip,202202141041,’†‹–€ŒSº˜a’¬‰Í“Œ’†“‡,1739-3,,
19384-0900-15.zip,202202141041,’†‹–€ŒSº˜a’¬‰Í“Œ’†“‡,1739-2,,
19384-0900-15.zip,202202141041,’†‹–€ŒSº˜a’¬‰Í“Œ’†“‡,1467-1,,
19384-0900-15.zip,202202141041,’†‹–€ŒSº˜a’¬‰Í“Œ’†“‡,1467-5,,
19384-0900-15.zip,202202141041,’†‹–€ŒSº˜a’¬‰Í“Œ’†“‡,1467-4,,
19384-0900-15.zip,202202141041,’†‹–€ŒSº˜a’¬‰Í“Œ’†“‡,1467-3,,
19384-0900-15.zip,202202141041,’†‹–€ŒSº˜a’¬‰Í“Œ’†“‡,1467-2,,
19384-0900-15.zip,202202141041,’†‹–€ŒSº˜a’¬‰Í“Œ’†“‡,1470-1,,
19384-0900-15.zip,202202141041,’†‹–€ŒSº˜a’¬‰Í“Œ’†“‡,1470-2,,
19384-0900-15.zip,202202141041,’†‹–€ŒSº˜a’¬‰Í“Œ’†“‡,1471-2,,
19384-0900-15.zip,202202141041,’†‹–€ŒSº˜a’¬‰Í“Œ’†“‡,1471-3,,
19384-0900-15.zip,202202141041,’†‹–€ŒSº˜a’¬‰Í“Œ’†“‡,“¹-474,,
19384-0900-15.zip,202202141041,’†‹–€ŒSº˜a’¬‰Í“Œ’†“‡,309-1,,
19384-0900-15.zip,202202141041,’†‹–€ŒSº˜a’¬‰Í“Œ’†“‡,309-2,,
19384-0900-15.zip,202202141041,’†‹–€ŒSº˜a’¬‰Í“Œ’†“‡,310-2,,
19384-0900-15.zip,202202141041,’†‹–€ŒSº˜a’¬‰Í“Œ’†“‡,310-1,,
19384-0900-15.zip,202202141041,’†‹–€ŒSº˜a’¬‰Í“Œ’†“‡,382-2,,
19384-0900-15.zip,202202141041,’†‹–€ŒSº˜a’¬‰Í“Œ’†“‡,382-1,,
19384-0900-15.zip,202202141041,’†‹–€ŒSº˜a’¬‰Í“Œ’†“‡,384-2,,
19384-0900-15.zip,202202141041,’†‹–€ŒSº˜a’¬‰Í“Œ’†“‡,384-1,,
19384-0900-15.zip,202202141041,’†‹–€ŒSº˜a’¬‰Í“Œ’†“‡,386-3,,
19384-0900-15.zip,202202141041,’†‹–€ŒSº˜a’¬‰Í“Œ’†“‡,386-1,,
19384-0900-15.zip,202202141041,’†‹–€ŒSº˜a’¬‰Í“Œ’†“‡,386-2,,
19384-0900-15.zip,202202141041,’†‹–€ŒSº˜a’¬‰Í“Œ’†“‡,359-1,,
19384-0900-15.zip,202202141041,’†‹–€ŒSº˜a’¬‰Í“Œ’†“‡,359-2,,
19384-0900-15.zip,202202141041,’†‹–€ŒSº˜a’¬‰Í“Œ’†“‡,380-2,,
19384-0900-15.zip,202202141041,’†‹–€ŒSº˜a’¬‰Í“Œ’†“‡,380-1,,
19384-0900-15.zip,202202141041,’†‹–€ŒSº˜a’¬‰Í“Œ’†“‡,…-608,,
19384-0900-15.zip,202202141041,’†‹–€ŒSº˜a’¬‰Í“Œ’†“‡,379-1,,
19384-0900-15.zip,202202141041,’†‹–€ŒSº˜a’¬‰Í“Œ’†“‡,379-2,,
19384-0900-15.zip,202202141041,’†‹–€ŒSº˜a’¬‰Í“Œ’†“‡,357-1,,
19384-0900-15.zip,202202141041,’†‹–€ŒSº˜a’¬‰Í“Œ’†“‡,357-2,,
19384-0900-15.zip,202202141041,’†‹–€ŒSº˜a’¬‰Í“Œ’†“‡,“¹-507,,
19384-0900-15.zip,202202141041,’†‹–€ŒSº˜a’¬‰Í“Œ’†“‡,…-619,,
19384-0900-15.zip,202202141041,’†‹–€ŒSº˜a’¬‰Í“Œ’†“‡,1911-4,,
19384-0900-15.zip,202202141041,’†‹–€ŒSº˜a’¬‰Í“Œ’†“‡,1911-2,,
19384-0900-15.zip,202202141041,’†‹–€ŒSº˜a’¬‰Í“Œ’†“‡,1911-3,,
19384-0900-15.zip,202202141041,’†‹–€ŒSº˜a’¬‰Í“Œ’†“‡,1911-1,,
19384-0900-15.zip,202202141041,’†‹–€ŒSº˜a’¬‰Í“Œ’†“‡,…-6,,
19384-0900-15.zip,202202141041,’†‹–€ŒSº˜a’¬‰Í“Œ’†“‡,1462-3,,
19384-0900-15.zip,202202141041,’†‹–€ŒSº˜a’¬‰Í“Œ’†“‡,1462-1,,
19384-0900-15.zip,202202141041,’†‹–€ŒSº˜a’¬‰Í“Œ’†“‡,1462-2,,
19384-0900-15.zip,202202141041,’†‹–€ŒSº˜a’¬‰Í“Œ’†“‡,1417-8,,
19384-0900-15.zip,202202141041,’†‹–€ŒSº˜a’¬‰Í“Œ’†“‡,“¹-472,,
19384-0900-15.zip,202202141041,’†‹–€ŒSº˜a’¬‰Í“Œ’†“‡,1419-6,,
19384-0900-15.zip,202202141041,’†‹–€ŒSº˜a’¬‰Í“Œ’†“‡,2089-2,,
19384-0900-15.zip,202202141041,’†‹–€ŒSº˜a’¬‰Í“Œ’†“‡,464-1,,
19384-0900-15.zip,202202141041,’†‹–€ŒSº˜a’¬‰Í“Œ’†“‡,464-5,,
19384-0900-15.zip,202202141041,’†‹–€ŒSº˜a’¬‰Í“Œ’†“‡,37-1,,
19384-0900-15.zip,202202141041,’†‹–€ŒSº˜a’¬‰Í“Œ’†“‡,37-4,,
19384-0900-15.zip,202202141041,’†‹–€ŒSº˜a’¬‰Í“Œ’†“‡,37-2,,
19384-0900-15.zip,202202141041,’†‹–€ŒSº˜a’¬‰Í“Œ’†“‡,…-647,,
19384-0900-15.zip,202202141041,’†‹–€ŒSº˜a’¬‰Í“Œ’†“‡,…-643,,
19384-0900-15.zip,202202141041,’†‹–€ŒSº˜a’¬‰Í“Œ’†“‡,1887-5,,
19384-0900-15.zip,202202141041,’†‹–€ŒSº˜a’¬‰Í“Œ’†“‡,1887-4,,
19384-0900-15.zip,202202141041,’†‹–€ŒSº˜a’¬‰Í“Œ’†“‡,1887-1,,
19384-0900-15.zip,202202141041,’†‹–€ŒSº˜a’¬‰Í“Œ’†“‡,“¹-524,,
19384-0900-15.zip,202202141041,’†‹–€ŒSº˜a’¬‰Í“Œ’†“‡,1419-5,,
19384-0900-15.zip,202202141041,’†‹–€ŒSº˜a’¬‰Í“Œ’†“‡,1417-11,,
19384-0900-15.zip,202202141041,’†‹–€ŒSº˜a’¬‰Í“Œ’†“‡,103-1,,
19384-0900-15.zip,202202141041,’†‹–€ŒSº˜a’¬‰Í“Œ’†“‡,103-3,,
19384-0900-15.zip,202202141041,’†‹–€ŒSº˜a’¬‰Í“Œ’†“‡,104-2,,
19384-0900-15.zip,202202141041,’†‹–€ŒSº˜a’¬‰Í“Œ’†“‡,103-2,,
19384-0900-15.zip,202202141041,’†‹–€ŒSº˜a’¬‰Í“Œ’†“‡,1815-9,,
19384-0900-15.zip,202202141041,’†‹–€ŒSº˜a’¬‰Í“Œ’†“‡,1815-11,,
19384-0900-15.zip,202202141041,’†‹–€ŒSº˜a’¬‰Í“Œ’†“‡,1815-7,,
19384-0900-15.zip,202202141041,’†‹–€ŒSº˜a’¬‰Í“Œ’†“‡,1815-5,,
19384-0900-15.zip,202202141041,’†‹–€ŒSº˜a’¬‰Í“Œ’†“‡,1815-12,,
19384-0900-15.zip,202202141041,’†‹–€ŒSº˜a’¬‰Í“Œ’†“‡,1815-10,,
19384-0900-15.zip,202202141041,’†‹–€ŒSº˜a’¬‰Í“Œ’†“‡,1815-1,,
19384-0900-15.zip,202202141041,’†‹–€ŒSº˜a’¬‰Í“Œ’†“‡,“¹-464,,
19384-0900-15.zip,202202141041,’†‹–€ŒSº˜a’¬‰Í“Œ’†“‡,1820-7,,
19384-0900-15.zip,202202141041,’†‹–€ŒSº˜a’¬‰Í“Œ’†“‡,1820-6,,
19384-0900-15.zip,202202141041,’†‹–€ŒSº˜a’¬‰Í“Œ’†“‡,1820-1,,
19384-0900-15.zip,202202141041,’†‹–€ŒSº˜a’¬‰Í“Œ’†“‡,1820-5,,
19384-0900-15.zip,202202141041,’†‹–€ŒSº˜a’¬‰Í“Œ’†“‡,1818-5,,
19384-0900-15.zip,202202141041,’†‹–€ŒSº˜a’¬‰Í“Œ’†“‡,1820-2,,
19384-0900-15.zip,202202141041,’†‹–€ŒSº˜a’¬‰Í“Œ’†“‡,…-696,,
19384-0900-15.zip,202202141041,’†‹–€ŒSº˜a’¬‰Í“Œ’†“‡,464-6,,
19384-0900-15.zip,202202141041,’†‹–€ŒSº˜a’¬‰Í“Œ’†“‡,1807-6,,
19384-0900-15.zip,202202141041,’†‹–€ŒSº˜a’¬‰Í“Œ’†“‡,1807-1,,
19384-0900-15.zip,202202141041,’†‹–€ŒSº˜a’¬‰Í“Œ’†“‡,1807-5,,
19384-0900-15.zip,202202141041,’†‹–€ŒSº˜a’¬‰Í“Œ’†“‡,…-672,,
19384-0900-15.zip,202202141041,’†‹–€ŒSº˜a’¬‰Í“Œ’†“‡,1807-4,,
19384-0900-15.zip,202202141041,’†‹–€ŒSº˜a’¬‰Í“Œ’†“‡,1807-7,,
19384-0900-15.zip,202202141041,’†‹–€ŒSº˜a’¬‰Í“Œ’†“‡,1676-3,,
19384-0900-15.zip,202202141041,’†‹–€ŒSº˜a’¬‰Í“Œ’†“‡,1678-2,,
19384-0900-15.zip,202202141041,’†‹–€ŒSº˜a’¬‰Í“Œ’†“‡,1678-1,,
19384-0900-15.zip,202202141041,’†‹–€ŒSº˜a’¬‰Í“Œ’†“‡,…-698,,
19384-0900-15.zip,202202141041,’†‹–€ŒSº˜a’¬‰Í“Œ’†“‡,1676-5,,
19384-0900-15.zip,202202141041,’†‹–€ŒSº˜a’¬‰Í“Œ’†“‡,1676-4,,
19384-0900-15.zip,202202141041,’†‹–€ŒSº˜a’¬‰Í“Œ’†“‡,…-6-1,,
19384-0900-15.zip,202202141041,’†‹–€ŒSº˜a’¬‰Í“Œ’†“‡,1313-4,,
19384-0900-15.zip,202202141041,’†‹–€ŒSº˜a’¬‰Í“Œ’†“‡,1317-18,,
19384-0900-15.zip,202202141041,’†‹–€ŒSº˜a’¬‰Í“Œ’†“‡,1317-2,,
19384-0900-15.zip,202202141041,’†‹–€ŒSº˜a’¬‰Í“Œ’†“‡,…-5,,
19384-0900-15.zip,202202141041,’†‹–€ŒSº˜a’¬‰Í“Œ’†“‡,1321-2,,
19384-0900-15.zip,202202141041,’†‹–€ŒSº˜a’¬‰Í“Œ’†“‡,1735-2,,
19384-0900-15.zip,202202141041,’†‹–€ŒSº˜a’¬‰Í“Œ’†“‡,1735-1,,
19384-0900-15.zip,202202141041,’†‹–€ŒSº˜a’¬‰Í“Œ’†“‡,1700-1,,
19384-0900-15.zip,202202141041,’†‹–€ŒSº˜a’¬‰Í“Œ’†“‡,1700-3,,
19384-0900-15.zip,202202141041,’†‹–€ŒSº˜a’¬‰Í“Œ’†“‡,1700-2,,
19384-0900-15.zip,202202141041,’†‹–€ŒSº˜a’¬‰Í“Œ’†“‡,1730-2,,
19384-0900-15.zip,202202141041,’†‹–€ŒSº˜a’¬‰Í“Œ’†“‡,1730-1,,
19384-0900-15.zip,202202141041,’†‹–€ŒSº˜a’¬‰Í“Œ’†“‡,1732-2,,
19384-0900-15.zip,202202141041,’†‹–€ŒSº˜a’¬‰Í“Œ’†“‡,1732-1,,
19384-0900-15.zip,202202141041,’†‹–€ŒSº˜a’¬‰Í“Œ’†“‡,1701-1,,
19384-0900-15.zip,202202141041,’†‹–€ŒSº˜a’¬‰Í“Œ’†“‡,1701-2,,
19384-0900-15.zip,202202141041,’†‹–€ŒSº˜a’¬‰Í“Œ’†“‡,…-635,,
19384-0900-15.zip,202202141041,’†‹–€ŒSº˜a’¬‰Í“Œ’†“‡,2055-3,,
19384-0900-15.zip,202202141041,’†‹–€ŒSº˜a’¬‰Í“Œ’†“‡,1697-2,,
19384-0900-15.zip,202202141041,’†‹–€ŒSº˜a’¬‰Í“Œ’†“‡,1697-3,,
19384-0900-15.zip,202202141041,’†‹–€ŒSº˜a’¬‰Í“Œ’†“‡,1738-3,,
19384-0900-15.zip,202202141041,’†‹–€ŒSº˜a’¬‰Í“Œ’†“‡,1738-1,,
19384-0900-15.zip,202202141041,’†‹–€ŒSº˜a’¬‰Í“Œ’†“‡,“¹-510,,
19384-0900-15.zip,202202141041,’†‹–€ŒSº˜a’¬‰Í“Œ’†“‡,1738-2,,
19384-0900-15.zip,202202141041,’†‹–€ŒSº˜a’¬‰Í“Œ’†“‡,1676-1,,
19384-0900-15.zip,202202141041,’†‹–€ŒSº˜a’¬‰Í“Œ’†“‡,1676-6,,
19384-0900-15.zip,202202141041,’†‹–€ŒSº˜a’¬‰Í“Œ’†“‡,“¹-457,,
19384-0900-15.zip,202202141041,’†‹–€ŒSº˜a’¬‰Í“Œ’†“‡,2055-1,,
19384-0900-15.zip,202202141041,’†‹–€ŒSº˜a’¬‰Í“Œ’†“‡,2055-4,,
19384-0900-15.zip,202202141041,’†‹–€ŒSº˜a’¬‰Í“Œ’†“‡,2054-1,,
19384-0900-15.zip,202202141041,’†‹–€ŒSº˜a’¬‰Í“Œ’†“‡,2055-2,,
19384-0900-15.zip,202202141041,’†‹–€ŒSº˜a’¬‰Í“Œ’†“‡,…-679,,
19384-0900-15.zip,202202141041,’†‹–€ŒSº˜a’¬‰Í“Œ’†“‡,560-3,,
19384-0900-15.zip,202202141041,’†‹–€ŒSº˜a’¬‰Í“Œ’†“‡,560-2,,
19384-0900-15.zip,202202141041,’†‹–€ŒSº˜a’¬‰Í“Œ’†“‡,559-2,,
19384-0900-15.zip,202202141041,’†‹–€ŒSº˜a’¬‰Í“Œ’†“‡,316,,
19384-0900-15.zip,202202141041,’†‹–€ŒSº˜a’¬‰Í“Œ’†“‡,…-685,,
19384-0900-15.zip,202202141041,’†‹–€ŒSº˜a’¬‰Í“Œ’†“‡,…-660,,
19384-0900-15.zip,202202141041,’†‹–€ŒSº˜a’¬‰Í“Œ’†“‡,1346-4,,
19384-0900-15.zip,202202141041,’†‹–€ŒSº˜a’¬‰Í“Œ’†“‡,1346-5,,
19384-0900-15.zip,202202141041,’†‹–€ŒSº˜a’¬‰Í“Œ’†“‡,1417-7,,
19384-0900-15.zip,202202141041,’†‹–€ŒSº˜a’¬‰Í“Œ’†“‡,1346-1,,
19384-0900-15.zip,202202141041,’†‹–€ŒSº˜a’¬‰Í“Œ’†“‡,…-638,,
19384-0900-15.zip,202202141041,’†‹–€ŒSº˜a’¬‰Í“Œ’†“‡,1452-7,,
19384-0900-15.zip,202202141041,’†‹–€ŒSº˜a’¬‰Í“Œ’†“‡,1452-3,,
19384-0900-15.zip,202202141041,’†‹–€ŒSº˜a’¬‰Í“Œ’†“‡,1452-1,,
19384-0900-15.zip,202202141041,’†‹–€ŒSº˜a’¬‰Í“Œ’†“‡,1452-6,,
19384-0900-15.zip,202202141041,’†‹–€ŒSº˜a’¬‰Í“Œ’†“‡,1458-1,,
19384-0900-15.zip,202202141041,’†‹–€ŒSº˜a’¬‰Í“Œ’†“‡,1458-2,,
19384-0900-15.zip,202202141041,’†‹–€ŒSº˜a’¬‰Í“Œ’†“‡,2062-3,,
19384-0900-15.zip,202202141041,’†‹–€ŒSº˜a’¬‰Í“Œ’†“‡,2086-6,,
19384-0900-15.zip,202202141041,’†‹–€ŒSº˜a’¬‰Í“Œ’†“‡,2086-3,,
19384-0900-15.zip,202202141041,’†‹–€ŒSº˜a’¬‰Í“Œ’†“‡,1930-3,,
19384-0900-15.zip,202202141041,’†‹–€ŒSº˜a’¬‰Í“Œ’†“‡,1930-1,,
19384-0900-15.zip,202202141041,’†‹–€ŒSº˜a’¬‰Í“Œ’†“‡,…-609,,
19384-0900-15.zip,202202141041,’†‹–€ŒSº˜a’¬‰Í“Œ’†“‡,1932,,
19384-0900-15.zip,202202141041,’†‹–€ŒSº˜a’¬‰Í“Œ’†“‡,1493-1,,
19384-0900-15.zip,202202141041,’†‹–€ŒSº˜a’¬‰Í“Œ’†“‡,1493-3,,
19384-0900-15.zip,202202141041,’†‹–€ŒSº˜a’¬‰Í“Œ’†“‡,1493-2,,
19384-0900-15.zip,202202141041,’†‹–€ŒSº˜a’¬‰Í“Œ’†“‡,7-2,,
19384-0900-15.zip,202202141041,’†‹–€ŒSº˜a’¬‰Í“Œ’†“‡,7-1,,
19384-0900-15.zip,202202141041,’†‹–€ŒSº˜a’¬‰Í“Œ’†“‡,4-1,,
19384-0900-15.zip,202202141041,’†‹–€ŒSº˜a’¬‰Í“Œ’†“‡,4-2,,
19384-0900-15.zip,202202141041,’†‹–€ŒSº˜a’¬‰Í“Œ’†“‡,3-2,,
19384-0900-15.zip,202202141041,’†‹–€ŒSº˜a’¬‰Í“Œ’†“‡,3-1,,
19384-0900-15.zip,202202141041,’†‹–€ŒSº˜a’¬‰Í“Œ’†“‡,1-2,,
19384-0900-15.zip,202202141041,’†‹–€ŒSº˜a’¬‰Í“Œ’†“‡,1-1,,
19384-0900-15.zip,202202141041,’†‹–€ŒSº˜a’¬‰Í“Œ’†“‡,1114-1,,
19384-0900-15.zip,202202141041,’†‹–€ŒSº˜a’¬‰Í“Œ’†“‡,1114-3,,
19384-0900-15.zip,202202141041,’†‹–€ŒSº˜a’¬‰Í“Œ’†“‡,“¹-462,,
19384-0900-15.zip,202202141041,’†‹–€ŒSº˜a’¬‰Í“Œ’†“‡,…-655,,
19384-0900-15.zip,202202141041,’†‹–€ŒSº˜a’¬‰Í“Œ’†“‡,1114-2,,
19384-0900-15.zip,202202141041,’†‹–€ŒSº˜a’¬‰Í“Œ’†“‡,…-24,,
19384-0900-15.zip,202202141041,’†‹–€ŒSº˜a’¬‰Í“Œ’†“‡,2084-1,,
19384-0900-15.zip,202202141041,’†‹–€ŒSº˜a’¬‰Í“Œ’†“‡,2061-3,,
19384-0900-15.zip,202202141041,’†‹–€ŒSº˜a’¬‰Í“Œ’†“‡,2061-1,,
19384-0900-15.zip,202202141041,’†‹–€ŒSº˜a’¬‰Í“Œ’†“‡,…-12,,
19384-0900-15.zip,202202141041,’†‹–€ŒSº˜a’¬‰Í“Œ’†“‡,2062-1,,
19384-0900-15.zip,202202141041,’†‹–€ŒSº˜a’¬‰Í“Œ’†“‡,1927-6,,
19384-0900-15.zip,202202141041,’†‹–€ŒSº˜a’¬‰Í“Œ’†“‡,1927-2,,
19384-0900-15.zip,202202141041,’†‹–€ŒSº˜a’¬‰Í“Œ’†“‡,1927-1,,
19384-0900-15.zip,202202141041,’†‹–€ŒSº˜a’¬‰Í“Œ’†“‡,1927-7,,
19384-0900-15.zip,202202141041,’†‹–€ŒSº˜a’¬‰Í“Œ’†“‡,…-634,,
19384-0900-15.zip,202202141041,’†‹–€ŒSº˜a’¬‰Í“Œ’†“‡,“¹-19,,
19384-0900-15.zip,202202141041,’†‹–€ŒSº˜a’¬‰Í“Œ’†“‡,507-1,,
19384-0900-15.zip,202202141041,’†‹–€ŒSº˜a’¬‰Í“Œ’†“‡,507-5,,
19384-0900-15.zip,202202141041,’†‹–€ŒSº˜a’¬‰Í“Œ’†“‡,“¹-494,,
19384-0900-15.zip,202202141041,’†‹–€ŒSº˜a’¬‰Í“Œ’†“‡,507-4,,
19384-0900-15.zip,202202141041,’†‹–€ŒSº˜a’¬‰Í“Œ’†“‡,2082-6,,
19384-0900-15.zip,202202141041,’†‹–€ŒSº˜a’¬‰Í“Œ’†“‡,2082-1,,
19384-0900-15.zip,202202141041,’†‹–€ŒSº˜a’¬‰Í“Œ’†“‡,…-649,,
19384-0900-15.zip,202202141041,’†‹–€ŒSº˜a’¬‰Í“Œ’†“‡,1287-4,,
19384-0900-15.zip,202202141041,’†‹–€ŒSº˜a’¬‰Í“Œ’†“‡,1287-1,,
19384-0900-15.zip,202202141041,’†‹–€ŒSº˜a’¬‰Í“Œ’†“‡,…-3-1,,
19384-0900-15.zip,202202141041,’†‹–€ŒSº˜a’¬‰Í“Œ’†“‡,1286,,
19384-0900-15.zip,202202141041,’†‹–€ŒSº˜a’¬‰Í“Œ’†“‡,260-4,,
19384-0900-15.zip,202202141041,’†‹–€ŒSº˜a’¬‰Í“Œ’†“‡,260-3,,
19384-0900-15.zip,202202141041,’†‹–€ŒSº˜a’¬‰Í“Œ’†“‡,254-2,,
19384-0900-15.zip,202202141041,’†‹–€ŒSº˜a’¬‰Í“Œ’†“‡,“¹-527,,
19384-0900-15.zip,202202141041,’†‹–€ŒSº˜a’¬‰Í“Œ’†“‡,…-681,,
19384-0900-15.zip,202202141041,’†‹–€ŒSº˜a’¬‰Í“Œ’†“‡,256-9,,
19384-0900-15.zip,202202141041,’†‹–€ŒSº˜a’¬‰Í“Œ’†“‡,256-2,,
19384-0900-15.zip,202202141041,’†‹–€ŒSº˜a’¬‰Í“Œ’†“‡,256-8,,
19384-0900-15.zip,202202141041,’†‹–€ŒSº˜a’¬‰Í“Œ’†“‡,256-6,,
19384-0900-15.zip,202202141041,’†‹–€ŒSº˜a’¬‰Í“Œ’†“‡,256-7,,
19384-0900-15.zip,202202141041,’†‹–€ŒSº˜a’¬‰Í“Œ’†“‡,447-1,,
19384-0900-15.zip,202202141041,’†‹–€ŒSº˜a’¬‰Í“Œ’†“‡,447-5,,
19384-0900-15.zip,202202141041,’†‹–€ŒSº˜a’¬‰Í“Œ’†“‡,447-4,,
19384-0900-15.zip,202202141041,’†‹–€ŒSº˜a’¬‰Í“Œ’†“‡,248-2,,
19384-0900-15.zip,202202141041,’†‹–€ŒSº˜a’¬‰Í“Œ’†“‡,248-1,,
19384-0900-15.zip,202202141041,’†‹–€ŒSº˜a’¬‰Í“Œ’†“‡,1679-3,,
19384-0900-15.zip,202202141041,’†‹–€ŒSº˜a’¬‰Í“Œ’†“‡,1677-2,,
19384-0900-15.zip,202202141041,’†‹–€ŒSº˜a’¬‰Í“Œ’†“‡,1679-4,,
19384-0900-15.zip,202202141041,’†‹–€ŒSº˜a’¬‰Í“Œ’†“‡,1680,,
19384-0900-15.zip,202202141041,’†‹–€ŒSº˜a’¬‰Í“Œ’†“‡,1685-1,,
19384-0900-15.zip,202202141041,’†‹–€ŒSº˜a’¬‰Í“Œ’†“‡,“¹-453,,
19384-0900-15.zip,202202141041,’†‹–€ŒSº˜a’¬‰Í“Œ’†“‡,1682-5,,
19384-0900-15.zip,202202141041,’†‹–€ŒSº˜a’¬‰Í“Œ’†“‡,1679-1,,
19384-0900-15.zip,202202141041,’†‹–€ŒSº˜a’¬‰Í“Œ’†“‡,1679-5,,
19384-0900-15.zip,202202141041,’†‹–€ŒSº˜a’¬‰Í“Œ’†“‡,1680-2,,
19384-0900-15.zip,202202141041,’†‹–€ŒSº˜a’¬‰Í“Œ’†“‡,1689-4,,
19384-0900-15.zip,202202141041,’†‹–€ŒSº˜a’¬‰Í“Œ’†“‡,1679-2,,
19384-0900-15.zip,202202141041,’†‹–€ŒSº˜a’¬‰Í“Œ’†“‡,1677,,
19384-0900-15.zip,202202141041,’†‹–€ŒSº˜a’¬‰Í“Œ’†“‡,256-12,,
19384-0900-15.zip,202202141041,’†‹–€ŒSº˜a’¬‰Í“Œ’†“‡,256-11,,
19384-0900-15.zip,202202141041,’†‹–€ŒSº˜a’¬‰Í“Œ’†“‡,256-13,,
19384-0900-15.zip,202202141041,’†‹–€ŒSº˜a’¬‰Í“Œ’†“‡,256-10,,
19384-0900-15.zip,202202141041,’†‹–€ŒSº˜a’¬‰Í“Œ’†“‡,256-1,,
19384-0900-15.zip,202202141041,’†‹–€ŒSº˜a’¬‰Í“Œ’†“‡,256-5,,
19384-0900-15.zip,202202141041,’†‹–€ŒSº˜a’¬‰Í“Œ’†“‡,1943-7,,
19384-0900-15.zip,202202141041,’†‹–€ŒSº˜a’¬‰Í“Œ’†“‡,1943-2,,
19384-0900-15.zip,202202141041,’†‹–€ŒSº˜a’¬‰Í“Œ’†“‡,…-677,,
19384-0900-15.zip,202202141041,’†‹–€ŒSº˜a’¬‰Í“Œ’†“‡,1943-3,,
19384-0900-15.zip,202202141041,’†‹–€ŒSº˜a’¬‰Í“Œ’†“‡,505-3,,
19384-0900-15.zip,202202141041,’†‹–€ŒSº˜a’¬‰Í“Œ’†“‡,505-1,,
19384-0900-15.zip,202202141041,’†‹–€ŒSº˜a’¬‰Í“Œ’†“‡,“¹-500,,
19384-0900-15.zip,202202141041,’†‹–€ŒSº˜a’¬‰Í“Œ’†“‡,504-2,,
19384-0900-15.zip,202202141041,’†‹–€ŒSº˜a’¬‰Í“Œ’†“‡,504-3,,
19384-0900-15.zip,202202141041,’†‹–€ŒSº˜a’¬‰Í“Œ’†“‡,…-645,,
19384-0900-15.zip,202202141041,’†‹–€ŒSº˜a’¬‰Í“Œ’†“‡,502,,
19384-0900-15.zip,202202141041,’†‹–€ŒSº˜a’¬‰Í“Œ’†“‡,2092-1,,
19384-0900-15.zip,202202141041,’†‹–€ŒSº˜a’¬‰Í“Œ’†“‡,2092-3,,
19384-0900-15.zip,202202141041,’†‹–€ŒSº˜a’¬‰Í“Œ’†“‡,“¹-466,,
19384-0900-15.zip,202202141041,’†‹–€ŒSº˜a’¬‰Í“Œ’†“‡,2092-2,,
19384-0900-15.zip,202202141041,’†‹–€ŒSº˜a’¬‰Í“Œ’†“‡,1420-1,,
19384-0900-15.zip,202202141041,’†‹–€ŒSº˜a’¬‰Í“Œ’†“‡,1422-5,,
19384-0900-15.zip,202202141041,’†‹–€ŒSº˜a’¬‰Í“Œ’†“‡,1420-2,,
19384-0900-15.zip,202202141041,’†‹–€ŒSº˜a’¬‰Í“Œ’†“‡,…-689,,
19384-0900-15.zip,202202141041,’†‹–€ŒSº˜a’¬‰Í“Œ’†“‡,328-1,,
19384-0900-15.zip,202202141041,’†‹–€ŒSº˜a’¬‰Í“Œ’†“‡,328-6,,
19384-0900-15.zip,202202141041,’†‹–€ŒSº˜a’¬‰Í“Œ’†“‡,328-4,,
19384-0900-15.zip,202202141041,’†‹–€ŒSº˜a’¬‰Í“Œ’†“‡,328-5,,
19384-0900-15.zip,202202141041,’†‹–€ŒSº˜a’¬‰Í“Œ’†“‡,193,,
19384-0900-15.zip,202202141041,’†‹–€ŒSº˜a’¬‰Í“Œ’†“‡,168-2,,
19384-0900-15.zip,202202141041,’†‹–€ŒSº˜a’¬‰Í“Œ’†“‡,169-1,,
19384-0900-15.zip,202202141041,’†‹–€ŒSº˜a’¬‰Í“Œ’†“‡,169-3,,
19384-0900-15.zip,202202141041,’†‹–€ŒSº˜a’¬‰Í“Œ’†“‡,169-2,,
19384-0900-15.zip,202202141041,’†‹–€ŒSº˜a’¬‰Í“Œ’†“‡,171-1,,
19384-0900-15.zip,202202141041,’†‹–€ŒSº˜a’¬‰Í“Œ’†“‡,171-3,,
19384-0900-15.zip,202202141041,’†‹–€ŒSº˜a’¬‰Í“Œ’†“‡,171-2,,
19384-0900-15.zip,202202141041,’†‹–€ŒSº˜a’¬‰Í“Œ’†“‡,1491-5,,
19384-0900-15.zip,202202141041,’†‹–€ŒSº˜a’¬‰Í“Œ’†“‡,1491-2,,
19384-0900-15.zip,202202141041,’†‹–€ŒSº˜a’¬‰Í“Œ’†“‡,…-616,,
19384-0900-15.zip,202202141041,’†‹–€ŒSº˜a’¬‰Í“Œ’†“‡,1491-4,,
19384-0900-15.zip,202202141041,’†‹–€ŒSº˜a’¬‰Í“Œ’†“‡,1419-4,,
19384-0900-15.zip,202202141041,’†‹–€ŒSº˜a’¬‰Í“Œ’†“‡,2042-2,,
19384-0900-15.zip,202202141041,’†‹–€ŒSº˜a’¬‰Í“Œ’†“‡,2042,,
19384-0900-15.zip,202202141041,’†‹–€ŒSº˜a’¬‰Í“Œ’†“‡,2042-3,,
19384-0900-15.zip,202202141041,’†‹–€ŒSº˜a’¬‰Í“Œ’†“‡,…-626,,
19384-0900-15.zip,202202141041,’†‹–€ŒSº˜a’¬‰Í“Œ’†“‡,2046-1,,
19384-0900-15.zip,202202141041,’†‹–€ŒSº˜a’¬‰Í“Œ’†“‡,2038-1,,
19384-0900-15.zip,202202141041,’†‹–€ŒSº˜a’¬‰Í“Œ’†“‡,1797-4,,
19384-0900-15.zip,202202141041,’†‹–€ŒSº˜a’¬‰Í“Œ’†“‡,1798-2,,
19384-0900-15.zip,202202141041,’†‹–€ŒSº˜a’¬‰Í“Œ’†“‡,1798-1,,
19384-0900-15.zip,202202141041,’†‹–€ŒSº˜a’¬‰Í“Œ’†“‡,1797-1,,
19384-0900-15.zip,202202141041,’†‹–€ŒSº˜a’¬‰Í“Œ’†“‡,1797-3,,
19384-0900-15.zip,202202141041,’†‹–€ŒSº˜a’¬‰Í“Œ’†“‡,1797-2,,
19384-0900-15.zip,202202141041,’†‹–€ŒSº˜a’¬‰Í“Œ’†“‡,1794,,
19384-0900-15.zip,202202141041,’†‹–€ŒSº˜a’¬‰Í“Œ’†“‡,1940-1,,
19384-0900-15.zip,202202141041,’†‹–€ŒSº˜a’¬‰Í“Œ’†“‡,1940-3,,
19384-0900-15.zip,202202141041,’†‹–€ŒSº˜a’¬‰Í“Œ’†“‡,“¹-512,,
19384-0900-15.zip,202202141041,’†‹–€ŒSº˜a’¬‰Í“Œ’†“‡,…-623,,
19384-0900-15.zip,202202141041,’†‹–€ŒSº˜a’¬‰Í“Œ’†“‡,1948-1,,
19384-0900-15.zip,202202141041,’†‹–€ŒSº˜a’¬‰Í“Œ’†“‡,1948-2,,
19384-0900-15.zip,202202141041,’†‹–€ŒSº˜a’¬‰Í“Œ’†“‡,1947-1,,
19384-0900-15.zip,202202141041,’†‹–€ŒSº˜a’¬‰Í“Œ’†“‡,“¹-456,,
19384-0900-15.zip,202202141041,’†‹–€ŒSº˜a’¬‰Í“Œ’†“‡,…-617,,
19384-0900-15.zip,202202141041,’†‹–€ŒSº˜a’¬‰Í“Œ’†“‡,…-603,,
19384-0900-15.zip,202202141041,’†‹–€ŒSº˜a’¬‰Í“Œ’†“‡,1952-1,,
19384-0900-15.zip,202202141041,’†‹–€ŒSº˜a’¬‰Í“Œ’†“‡,1952-3,,
19384-0900-15.zip,202202141041,’†‹–€ŒSº˜a’¬‰Í“Œ’†“‡,1952-2,,
19384-0900-15.zip,202202141041,’†‹–€ŒSº˜a’¬‰Í“Œ’†“‡,1800-1,,
19384-0900-15.zip,202202141041,’†‹–€ŒSº˜a’¬‰Í“Œ’†“‡,1800-2,,
19384-0900-15.zip,202202141041,’†‹–€ŒSº˜a’¬‰Í“Œ’†“‡,“¹-479,,
19384-0900-15.zip,202202141041,’†‹–€ŒSº˜a’¬‰Í“Œ’†“‡,1422-2,,
19384-0900-15.zip,202202141041,’†‹–€ŒSº˜a’¬‰Í“Œ’†“‡,1422-7,,
19384-0900-15.zip,202202141041,’†‹–€ŒSº˜a’¬‰Í“Œ’†“‡,1422-4,,
19384-0900-15.zip,202202141041,’†‹–€ŒSº˜a’¬‰Í“Œ’†“‡,1422-6,,
19384-0900-15.zip,202202141041,’†‹–€ŒSº˜a’¬‰Í“Œ’†“‡,337-2,,
19384-0900-15.zip,202202141041,’†‹–€ŒSº˜a’¬‰Í“Œ’†“‡,337-4,,
19384-0900-15.zip,202202141041,’†‹–€ŒSº˜a’¬‰Í“Œ’†“‡,“¹-543,,
19384-0900-15.zip,202202141041,’†‹–€ŒSº˜a’¬‰Í“Œ’†“‡,339-1,,
19384-0900-15.zip,202202141041,’†‹–€ŒSº˜a’¬‰Í“Œ’†“‡,1421-2,,
19384-0900-15.zip,202202141041,’†‹–€ŒSº˜a’¬‰Í“Œ’†“‡,1421-4,,
19384-0900-15.zip,202202141041,’†‹–€ŒSº˜a’¬‰Í“Œ’†“‡,1421-3,,
19384-0900-15.zip,202202141041,’†‹–€ŒSº˜a’¬‰Í“Œ’†“‡,1421-1,,
19384-0900-15.zip,202202141041,’†‹–€ŒSº˜a’¬‰Í“Œ’†“‡,1317-23,,
19384-0900-15.zip,202202141041,’†‹–€ŒSº˜a’¬‰Í“Œ’†“‡,1317-6,,
19384-0900-15.zip,202202141041,’†‹–€ŒSº˜a’¬‰Í“Œ’†“‡,1317-20,,
19384-0900-15.zip,202202141041,’†‹–€ŒSº˜a’¬‰Í“Œ’†“‡,1317-4,,
19384-0900-15.zip,202202141041,’†‹–€ŒSº˜a’¬‰Í“Œ’†“‡,1317-21,,
19384-0900-15.zip,202202141041,’†‹–€ŒSº˜a’¬‰Í“Œ’†“‡,1317-24,,
19384-0900-15.zip,202202141041,’†‹–€ŒSº˜a’¬‰Í“Œ’†“‡,1317-16,,
19384-0900-15.zip,202202141041,’†‹–€ŒSº˜a’¬‰Í“Œ’†“‡,1805-2,,
19384-0900-15.zip,202202141041,’†‹–€ŒSº˜a’¬‰Í“Œ’†“‡,1805-1,,
19384-0900-15.zip,202202141041,’†‹–€ŒSº˜a’¬‰Í“Œ’†“‡,“¹-541,,
19384-0900-15.zip,202202141041,’†‹–€ŒSº˜a’¬‰Í“Œ’†“‡,…-641,,
19384-0900-15.zip,202202141041,’†‹–€ŒSº˜a’¬‰Í“Œ’†“‡,1840-1,,
19384-0900-15.zip,202202141041,’†‹–€ŒSº˜a’¬‰Í“Œ’†“‡,1840-7,,
19384-0900-15.zip,202202141041,’†‹–€ŒSº˜a’¬‰Í“Œ’†“‡,1840-5,,
19384-0900-15.zip,202202141041,’†‹–€ŒSº˜a’¬‰Í“Œ’†“‡,1840-2,,
19384-0900-15.zip,202202141041,’†‹–€ŒSº˜a’¬‰Í“Œ’†“‡,1272-2,,
19384-0900-15.zip,202202141041,’†‹–€ŒSº˜a’¬‰Í“Œ’†“‡,1274-4,,
19384-0900-15.zip,202202141041,’†‹–€ŒSº˜a’¬‰Í“Œ’†“‡,1274-5,,
19384-0900-15.zip,202202141041,’†‹–€ŒSº˜a’¬‰Í“Œ’†“‡,1274-1,,
19384-0900-15.zip,202202141041,’†‹–€ŒSº˜a’¬‰Í“Œ’†“‡,1274-2,,
19384-0900-15.zip,202202141041,’†‹–€ŒSº˜a’¬‰Í“Œ’†“‡,1274-3,,
19384-0900-15.zip,202202141041,’†‹–€ŒSº˜a’¬‰Í“Œ’†“‡,1280-7,,
19384-0900-15.zip,202202141041,’†‹–€ŒSº˜a’¬‰Í“Œ’†“‡,1280-6,,
19384-0900-15.zip,202202141041,’†‹–€ŒSº˜a’¬‰Í“Œ’†“‡,1280-2,,
19384-0900-15.zip,202202141041,’†‹–€ŒSº˜a’¬‰Í“Œ’†“‡,1280-1,,
19384-0900-15.zip,202202141041,’†‹–€ŒSº˜a’¬‰Í“Œ’†“‡,1280-4,,
19384-0900-15.zip,202202141041,’†‹–€ŒSº˜a’¬‰Í“Œ’†“‡,1280-3,,
19384-0900-15.zip,202202141041,’†‹–€ŒSº˜a’¬‰Í“Œ’†“‡,1280-5,,
19384-0900-15.zip,202202141041,’†‹–€ŒSº˜a’¬‰Í“Œ’†“‡,1312-2,,
19384-0900-15.zip,202202141041,’†‹–€ŒSº˜a’¬‰Í“Œ’†“‡,1317-22,,
19384-0900-15.zip,202202141041,’†‹–€ŒSº˜a’¬‰Í“Œ’†“‡,1318-2,,
19384-0900-15.zip,202202141041,’†‹–€ŒSº˜a’¬‰Í“Œ’†“‡,1314,,
19384-0900-15.zip,202202141041,’†‹–€ŒSº˜a’¬‰Í“Œ’†“‡,1312-1,,
19384-0900-15.zip,202202141041,’†‹–€ŒSº˜a’¬‰Í“Œ’†“‡,146-3,,
19384-0900-15.zip,202202141041,’†‹–€ŒSº˜a’¬‰Í“Œ’†“‡,146-4,,
19384-0900-15.zip,202202141041,’†‹–€ŒSº˜a’¬‰Í“Œ’†“‡,“¹-454,,
19384-0900-15.zip,202202141041,’†‹–€ŒSº˜a’¬‰Í“Œ’†“‡,135,,
19384-0900-15.zip,202202141041,’†‹–€ŒSº˜a’¬‰Í“Œ’†“‡,5-4,,
19384-0900-15.zip,202202141041,’†‹–€ŒSº˜a’¬‰Í“Œ’†“‡,5-1,,
19384-0900-15.zip,202202141041,’†‹–€ŒSº˜a’¬‰Í“Œ’†“‡,…-621,,
19384-0900-15.zip,202202141041,’†‹–€ŒSº˜a’¬‰Í“Œ’†“‡,8-3,,
19384-0900-15.zip,202202141041,’†‹–€ŒSº˜a’¬‰Í“Œ’†“‡,8-1,,
19384-0900-15.zip,202202141041,’†‹–€ŒSº˜a’¬‰Í“Œ’†“‡,5-5,,
19384-0900-15.zip,202202141041,’†‹–€ŒSº˜a’¬‰Í“Œ’†“‡,155-2,,
19384-0900-15.zip,202202141041,’†‹–€ŒSº˜a’¬‰Í“Œ’†“‡,155-1,,
19384-0900-15.zip,202202141041,’†‹–€ŒSº˜a’¬‰Í“Œ’†“‡,…-632,,
19384-0900-15.zip,202202141041,’†‹–€ŒSº˜a’¬‰Í“Œ’†“‡,154,,
19384-0900-16.zip,202202141041,’†‹–€ŒSº˜a’¬†—ˆ¢Œ´,2-2,,
19384-0900-16.zip,202202141041,’†‹–€ŒSº˜a’¬†—ˆ¢Œ´,5-1,,
19384-0900-16.zip,202202141041,’†‹–€ŒSº˜a’¬†—ˆ¢Œ´,5-2,,
19384-0900-16.zip,202202141041,’†‹–€ŒSº˜a’¬†—ˆ¢Œ´,5-3,,
19384-0900-16.zip,202202141041,’†‹–€ŒSº˜a’¬†—ˆ¢Œ´,5-4,,
19384-0900-16.zip,202202141041,’†‹–€ŒSº˜a’¬†—ˆ¢Œ´,6-1,,
19384-0900-16.zip,202202141041,’†‹–€ŒSº˜a’¬†—ˆ¢Œ´,6-2,,
19384-0900-16.zip,202202141041,’†‹–€ŒSº˜a’¬†—ˆ¢Œ´,6-3,,
19384-0900-16.zip,202202141041,’†‹–€ŒSº˜a’¬†—ˆ¢Œ´,7-1,,
19384-0900-16.zip,202202141041,’†‹–€ŒSº˜a’¬†—ˆ¢Œ´,7-2,,
19384-0900-16.zip,202202141041,’†‹–€ŒSº˜a’¬†—ˆ¢Œ´,8,,
19384-0900-16.zip,202202141041,’†‹–€ŒSº˜a’¬†—ˆ¢Œ´,13-1,,
19384-0900-16.zip,202202141041,’†‹–€ŒSº˜a’¬†—ˆ¢Œ´,13-5,,
19384-0900-16.zip,202202141041,’†‹–€ŒSº˜a’¬†—ˆ¢Œ´,13-6,,
19384-0900-16.zip,202202141041,’†‹–€ŒSº˜a’¬†—ˆ¢Œ´,14-3,,
19384-0900-16.zip,202202141041,’†‹–€ŒSº˜a’¬†—ˆ¢Œ´,14-4,,
19384-0900-16.zip,202202141041,’†‹–€ŒSº˜a’¬†—ˆ¢Œ´,14-5,,
19384-0900-16.zip,202202141041,’†‹–€ŒSº˜a’¬†—ˆ¢Œ´,14-6,,
19384-0900-16.zip,202202141041,’†‹–€ŒSº˜a’¬†—ˆ¢Œ´,14-7,,
19384-0900-16.zip,202202141041,’†‹–€ŒSº˜a’¬†—ˆ¢Œ´,14-8,,
19384-0900-16.zip,202202141041,’†‹–€ŒSº˜a’¬†—ˆ¢Œ´,17,,
19384-0900-16.zip,202202141041,’†‹–€ŒSº˜a’¬†—ˆ¢Œ´,20,,
19384-0900-16.zip,202202141041,’†‹–€ŒSº˜a’¬†—ˆ¢Œ´,23,,
19384-0900-16.zip,202202141041,’†‹–€ŒSº˜a’¬†—ˆ¢Œ´,27-1,,
19384-0900-16.zip,202202141041,’†‹–€ŒSº˜a’¬†—ˆ¢Œ´,27-3,,
19384-0900-16.zip,202202141041,’†‹–€ŒSº˜a’¬†—ˆ¢Œ´,27-4,,
19384-0900-16.zip,202202141041,’†‹–€ŒSº˜a’¬†—ˆ¢Œ´,30,,
19384-0900-16.zip,202202141041,’†‹–€ŒSº˜a’¬†—ˆ¢Œ´,33,,
19384-0900-16.zip,202202141041,’†‹–€ŒSº˜a’¬†—ˆ¢Œ´,34,,
19384-0900-16.zip,202202141041,’†‹–€ŒSº˜a’¬†—ˆ¢Œ´,35,,
19384-0900-16.zip,202202141041,’†‹–€ŒSº˜a’¬†—ˆ¢Œ´,36,,
19384-0900-16.zip,202202141041,’†‹–€ŒSº˜a’¬†—ˆ¢Œ´,37-1,,
19384-0900-16.zip,202202141041,’†‹–€ŒSº˜a’¬†—ˆ¢Œ´,37-2,,
19384-0900-16.zip,202202141041,’†‹–€ŒSº˜a’¬†—ˆ¢Œ´,37-3,,
19384-0900-16.zip,202202141041,’†‹–€ŒSº˜a’¬†—ˆ¢Œ´,37-4,,
19384-0900-16.zip,202202141041,’†‹–€ŒSº˜a’¬†—ˆ¢Œ´,37-5,,
19384-0900-16.zip,202202141041,’†‹–€ŒSº˜a’¬†—ˆ¢Œ´,38-4,,
19384-0900-16.zip,202202141041,’†‹–€ŒSº˜a’¬†—ˆ¢Œ´,40-2,,
19384-0900-16.zip,202202141041,’†‹–€ŒSº˜a’¬†—ˆ¢Œ´,41-1,,
19384-0900-16.zip,202202141041,’†‹–€ŒSº˜a’¬†—ˆ¢Œ´,41-2,,
19384-0900-16.zip,202202141041,’†‹–€ŒSº˜a’¬†—ˆ¢Œ´,41-3,,
19384-0900-16.zip,202202141041,’†‹–€ŒSº˜a’¬†—ˆ¢Œ´,42-1,,
19384-0900-16.zip,202202141041,’†‹–€ŒSº˜a’¬†—ˆ¢Œ´,43,,
19384-0900-16.zip,202202141041,’†‹–€ŒSº˜a’¬†—ˆ¢Œ´,46,,
19384-0900-16.zip,202202141041,’†‹–€ŒSº˜a’¬†—ˆ¢Œ´,47,,
19384-0900-16.zip,202202141041,’†‹–€ŒSº˜a’¬†—ˆ¢Œ´,–³’n”Ô-512,,
19384-0900-16.zip,202202141041,’†‹–€ŒSº˜a’¬†—ˆ¢Œ´,…-3,,
19384-0900-16.zip,202202141041,’†‹–€ŒSº˜a’¬†—ˆ¢Œ´,…-776,,
19384-0900-16.zip,202202141041,’†‹–€ŒSº˜a’¬†—ˆ¢Œ´,…-810,,
19384-0900-16.zip,202202141041,’†‹–€ŒSº˜a’¬†—ˆ¢Œ´,48-2,,
19384-0900-16.zip,202202141041,’†‹–€ŒSº˜a’¬†—ˆ¢Œ´,48-3,,
19384-0900-16.zip,202202141041,’†‹–€ŒSº˜a’¬†—ˆ¢Œ´,52-2,,
19384-0900-16.zip,202202141041,’†‹–€ŒSº˜a’¬†—ˆ¢Œ´,52-3,,
19384-0900-16.zip,202202141041,’†‹–€ŒSº˜a’¬†—ˆ¢Œ´,52-4,,
19384-0900-16.zip,202202141041,’†‹–€ŒSº˜a’¬†—ˆ¢Œ´,54,,
19384-0900-16.zip,202202141041,’†‹–€ŒSº˜a’¬†—ˆ¢Œ´,57,,
19384-0900-16.zip,202202141041,’†‹–€ŒSº˜a’¬†—ˆ¢Œ´,58,,
19384-0900-16.zip,202202141041,’†‹–€ŒSº˜a’¬†—ˆ¢Œ´,60,,
19384-0900-16.zip,202202141041,’†‹–€ŒSº˜a’¬†—ˆ¢Œ´,60-2,,
19384-0900-16.zip,202202141041,’†‹–€ŒSº˜a’¬†—ˆ¢Œ´,61-1,,
19384-0900-16.zip,202202141041,’†‹–€ŒSº˜a’¬†—ˆ¢Œ´,61-2,,
19384-0900-16.zip,202202141041,’†‹–€ŒSº˜a’¬†—ˆ¢Œ´,61-3,,
19384-0900-16.zip,202202141041,’†‹–€ŒSº˜a’¬†—ˆ¢Œ´,61-4,,
19384-0900-16.zip,202202141041,’†‹–€ŒSº˜a’¬†—ˆ¢Œ´,62,,
19384-0900-16.zip,202202141041,’†‹–€ŒSº˜a’¬†—ˆ¢Œ´,63,,
19384-0900-16.zip,202202141041,’†‹–€ŒSº˜a’¬†—ˆ¢Œ´,65,,
19384-0900-16.zip,202202141041,’†‹–€ŒSº˜a’¬†—ˆ¢Œ´,66,,
19384-0900-16.zip,202202141041,’†‹–€ŒSº˜a’¬†—ˆ¢Œ´,67-1,,
19384-0900-16.zip,202202141041,’†‹–€ŒSº˜a’¬†—ˆ¢Œ´,67-2,,
19384-0900-16.zip,202202141041,’†‹–€ŒSº˜a’¬†—ˆ¢Œ´,67-3,,
19384-0900-16.zip,202202141041,’†‹–€ŒSº˜a’¬†—ˆ¢Œ´,71,,
19384-0900-16.zip,202202141041,’†‹–€ŒSº˜a’¬†—ˆ¢Œ´,73,,
19384-0900-16.zip,202202141041,’†‹–€ŒSº˜a’¬†—ˆ¢Œ´,74,,
19384-0900-16.zip,202202141041,’†‹–€ŒSº˜a’¬†—ˆ¢Œ´,78-2,,
19384-0900-16.zip,202202141041,’†‹–€ŒSº˜a’¬†—ˆ¢Œ´,80,,
19384-0900-16.zip,202202141041,’†‹–€ŒSº˜a’¬†—ˆ¢Œ´,81-2,,
19384-0900-16.zip,202202141041,’†‹–€ŒSº˜a’¬†—ˆ¢Œ´,83-1,,
19384-0900-16.zip,202202141041,’†‹–€ŒSº˜a’¬†—ˆ¢Œ´,83-2,,
19384-0900-16.zip,202202141041,’†‹–€ŒSº˜a’¬†—ˆ¢Œ´,84-1,,
19384-0900-16.zip,202202141041,’†‹–€ŒSº˜a’¬†—ˆ¢Œ´,84-2,,
19384-0900-16.zip,202202141041,’†‹–€ŒSº˜a’¬†—ˆ¢Œ´,84-3,,
19384-0900-16.zip,202202141041,’†‹–€ŒSº˜a’¬†—ˆ¢Œ´,85,,
19384-0900-16.zip,202202141041,’†‹–€ŒSº˜a’¬†—ˆ¢Œ´,86-1,,
19384-0900-16.zip,202202141041,’†‹–€ŒSº˜a’¬†—ˆ¢Œ´,86-2,,
19384-0900-16.zip,202202141041,’†‹–€ŒSº˜a’¬†—ˆ¢Œ´,87,,
19384-0900-16.zip,202202141041,’†‹–€ŒSº˜a’¬†—ˆ¢Œ´,88-1,,
19384-0900-16.zip,202202141041,’†‹–€ŒSº˜a’¬†—ˆ¢Œ´,88-2,,
19384-0900-16.zip,202202141041,’†‹–€ŒSº˜a’¬†—ˆ¢Œ´,88-4,,
19384-0900-16.zip,202202141041,’†‹–€ŒSº˜a’¬†—ˆ¢Œ´,88-5,,
19384-0900-16.zip,202202141041,’†‹–€ŒSº˜a’¬†—ˆ¢Œ´,89-3,,
19384-0900-16.zip,202202141041,’†‹–€ŒSº˜a’¬†—ˆ¢Œ´,89-4,,
19384-0900-16.zip,202202141041,’†‹–€ŒSº˜a’¬†—ˆ¢Œ´,89-5,,
19384-0900-16.zip,202202141041,’†‹–€ŒSº˜a’¬†—ˆ¢Œ´,89-6,,
19384-0900-16.zip,202202141041,’†‹–€ŒSº˜a’¬†—ˆ¢Œ´,89-7,,
19384-0900-16.zip,202202141041,’†‹–€ŒSº˜a’¬†—ˆ¢Œ´,89-8,,
19384-0900-16.zip,202202141041,’†‹–€ŒSº˜a’¬†—ˆ¢Œ´,89-9,,
19384-0900-16.zip,202202141041,’†‹–€ŒSº˜a’¬†—ˆ¢Œ´,89-10,,
19384-0900-16.zip,202202141041,’†‹–€ŒSº˜a’¬†—ˆ¢Œ´,89-12,,
19384-0900-16.zip,202202141041,’†‹–€ŒSº˜a’¬†—ˆ¢Œ´,89-16,,
19384-0900-16.zip,202202141041,’†‹–€ŒSº˜a’¬†—ˆ¢Œ´,89-19,,
19384-0900-16.zip,202202141041,’†‹–€ŒSº˜a’¬†—ˆ¢Œ´,91-2,,
19384-0900-16.zip,202202141041,’†‹–€ŒSº˜a’¬†—ˆ¢Œ´,91-4,,
19384-0900-16.zip,202202141041,’†‹–€ŒSº˜a’¬†—ˆ¢Œ´,91-6,,
19384-0900-16.zip,202202141041,’†‹–€ŒSº˜a’¬†—ˆ¢Œ´,91-7,,
19384-0900-16.zip,202202141041,’†‹–€ŒSº˜a’¬†—ˆ¢Œ´,91-8,,
19384-0900-16.zip,202202141041,’†‹–€ŒSº˜a’¬†—ˆ¢Œ´,92-1,,
19384-0900-16.zip,202202141041,’†‹–€ŒSº˜a’¬†—ˆ¢Œ´,92-2,,
19384-0900-16.zip,202202141041,’†‹–€ŒSº˜a’¬†—ˆ¢Œ´,92-3,,
19384-0900-16.zip,202202141041,’†‹–€ŒSº˜a’¬†—ˆ¢Œ´,92-4,,
19384-0900-16.zip,202202141041,’†‹–€ŒSº˜a’¬†—ˆ¢Œ´,92-5,,
19384-0900-16.zip,202202141041,’†‹–€ŒSº˜a’¬†—ˆ¢Œ´,92-6,,
19384-0900-16.zip,202202141041,’†‹–€ŒSº˜a’¬†—ˆ¢Œ´,92-7,,
19384-0900-16.zip,202202141041,’†‹–€ŒSº˜a’¬†—ˆ¢Œ´,92-8,,
19384-0900-16.zip,202202141041,’†‹–€ŒSº˜a’¬†—ˆ¢Œ´,94,,
19384-0900-16.zip,202202141041,’†‹–€ŒSº˜a’¬†—ˆ¢Œ´,95,,
19384-0900-16.zip,202202141041,’†‹–€ŒSº˜a’¬†—ˆ¢Œ´,97-1,,
19384-0900-16.zip,202202141041,’†‹–€ŒSº˜a’¬†—ˆ¢Œ´,97-2,,
19384-0900-16.zip,202202141041,’†‹–€ŒSº˜a’¬†—ˆ¢Œ´,97-3,,
19384-0900-16.zip,202202141041,’†‹–€ŒSº˜a’¬†—ˆ¢Œ´,98,,
19384-0900-16.zip,202202141041,’†‹–€ŒSº˜a’¬†—ˆ¢Œ´,100-1,,
19384-0900-16.zip,202202141041,’†‹–€ŒSº˜a’¬†—ˆ¢Œ´,100-2,,
19384-0900-16.zip,202202141041,’†‹–€ŒSº˜a’¬†—ˆ¢Œ´,101-1,,
19384-0900-16.zip,202202141041,’†‹–€ŒSº˜a’¬†—ˆ¢Œ´,101-2,,
19384-0900-16.zip,202202141041,’†‹–€ŒSº˜a’¬†—ˆ¢Œ´,102-2,,
19384-0900-16.zip,202202141041,’†‹–€ŒSº˜a’¬†—ˆ¢Œ´,103,,
19384-0900-16.zip,202202141041,’†‹–€ŒSº˜a’¬†—ˆ¢Œ´,104-2,,
19384-0900-16.zip,202202141041,’†‹–€ŒSº˜a’¬†—ˆ¢Œ´,105,,
19384-0900-16.zip,202202141041,’†‹–€ŒSº˜a’¬†—ˆ¢Œ´,106-2,,
19384-0900-16.zip,202202141041,’†‹–€ŒSº˜a’¬†—ˆ¢Œ´,106-3,,
19384-0900-16.zip,202202141041,’†‹–€ŒSº˜a’¬†—ˆ¢Œ´,106-4,,
19384-0900-16.zip,202202141041,’†‹–€ŒSº˜a’¬†—ˆ¢Œ´,106-5,,
19384-0900-16.zip,202202141041,’†‹–€ŒSº˜a’¬†—ˆ¢Œ´,106-6,,
19384-0900-16.zip,202202141041,’†‹–€ŒSº˜a’¬†—ˆ¢Œ´,106-8,,
19384-0900-16.zip,202202141041,’†‹–€ŒSº˜a’¬†—ˆ¢Œ´,106-9,,
19384-0900-16.zip,202202141041,’†‹–€ŒSº˜a’¬†—ˆ¢Œ´,107-1,,
19384-0900-16.zip,202202141041,’†‹–€ŒSº˜a’¬†—ˆ¢Œ´,107-2,,
19384-0900-16.zip,202202141041,’†‹–€ŒSº˜a’¬†—ˆ¢Œ´,107-4,,
19384-0900-16.zip,202202141041,’†‹–€ŒSº˜a’¬†—ˆ¢Œ´,109-2,,
19384-0900-16.zip,202202141041,’†‹–€ŒSº˜a’¬†—ˆ¢Œ´,110-1,,
19384-0900-16.zip,202202141041,’†‹–€ŒSº˜a’¬†—ˆ¢Œ´,110-2,,
19384-0900-16.zip,202202141041,’†‹–€ŒSº˜a’¬†—ˆ¢Œ´,111-2,,
19384-0900-16.zip,202202141041,’†‹–€ŒSº˜a’¬†—ˆ¢Œ´,112-2,,
19384-0900-16.zip,202202141041,’†‹–€ŒSº˜a’¬†—ˆ¢Œ´,112-6,,
19384-0900-16.zip,202202141041,’†‹–€ŒSº˜a’¬†—ˆ¢Œ´,115,,
19384-0900-16.zip,202202141041,’†‹–€ŒSº˜a’¬†—ˆ¢Œ´,118,,
19384-0900-16.zip,202202141041,’†‹–€ŒSº˜a’¬†—ˆ¢Œ´,119-1,,
19384-0900-16.zip,202202141041,’†‹–€ŒSº˜a’¬†—ˆ¢Œ´,119-2,,
19384-0900-16.zip,202202141041,’†‹–€ŒSº˜a’¬†—ˆ¢Œ´,120-1,,
19384-0900-16.zip,202202141041,’†‹–€ŒSº˜a’¬†—ˆ¢Œ´,120-2,,
19384-0900-16.zip,202202141041,’†‹–€ŒSº˜a’¬†—ˆ¢Œ´,121,,
19384-0900-16.zip,202202141041,’†‹–€ŒSº˜a’¬†—ˆ¢Œ´,122,,
19384-0900-16.zip,202202141041,’†‹–€ŒSº˜a’¬†—ˆ¢Œ´,123-1,,
19384-0900-16.zip,202202141041,’†‹–€ŒSº˜a’¬†—ˆ¢Œ´,124-1,,
19384-0900-16.zip,202202141041,’†‹–€ŒSº˜a’¬†—ˆ¢Œ´,127-1,,
19384-0900-16.zip,202202141041,’†‹–€ŒSº˜a’¬†—ˆ¢Œ´,130-2,,
19384-0900-16.zip,202202141041,’†‹–€ŒSº˜a’¬†—ˆ¢Œ´,132,,
19384-0900-16.zip,202202141041,’†‹–€ŒSº˜a’¬†—ˆ¢Œ´,133,,
19384-0900-16.zip,202202141041,’†‹–€ŒSº˜a’¬†—ˆ¢Œ´,134,,
19384-0900-16.zip,202202141041,’†‹–€ŒSº˜a’¬†—ˆ¢Œ´,138-1,,
19384-0900-16.zip,202202141041,’†‹–€ŒSº˜a’¬†—ˆ¢Œ´,138-2,,
19384-0900-16.zip,202202141041,’†‹–€ŒSº˜a’¬†—ˆ¢Œ´,138-3,,
19384-0900-16.zip,202202141041,’†‹–€ŒSº˜a’¬†—ˆ¢Œ´,138-4,,
19384-0900-16.zip,202202141041,’†‹–€ŒSº˜a’¬†—ˆ¢Œ´,141-3,,
19384-0900-16.zip,202202141041,’†‹–€ŒSº˜a’¬†—ˆ¢Œ´,141-7,,
19384-0900-16.zip,202202141041,’†‹–€ŒSº˜a’¬†—ˆ¢Œ´,142,,
19384-0900-16.zip,202202141041,’†‹–€ŒSº˜a’¬†—ˆ¢Œ´,143-1,,
19384-0900-16.zip,202202141041,’†‹–€ŒSº˜a’¬†—ˆ¢Œ´,143-3,,
19384-0900-16.zip,202202141041,’†‹–€ŒSº˜a’¬†—ˆ¢Œ´,145,,
19384-0900-16.zip,202202141041,’†‹–€ŒSº˜a’¬†—ˆ¢Œ´,“¹-3,,
19384-0900-16.zip,202202141041,’†‹–€ŒSº˜a’¬†—ˆ¢Œ´,“¹-4,,
19384-0900-16.zip,202202141041,’†‹–€ŒSº˜a’¬†—ˆ¢Œ´,“¹-9,,
19384-0900-16.zip,202202141041,’†‹–€ŒSº˜a’¬†—ˆ¢Œ´,“¹-598,,
19384-0900-16.zip,202202141041,’†‹–€ŒSº˜a’¬†—ˆ¢Œ´,“¹-638,,
19384-0900-16.zip,202202141041,’†‹–€ŒSº˜a’¬†—ˆ¢Œ´,“¹-639,,
19384-0900-16.zip,202202141041,’†‹–€ŒSº˜a’¬†—ˆ¢Œ´,“¹-640,,
19384-0900-16.zip,202202141041,’†‹–€ŒSº˜a’¬†—ˆ¢Œ´,“¹-644,,
19384-0900-16.zip,202202141041,’†‹–€ŒSº˜a’¬†—ˆ¢Œ´,…-6,,
19384-0900-16.zip,202202141041,’†‹–€ŒSº˜a’¬†—ˆ¢Œ´,…-765,,
19384-0900-16.zip,202202141041,’†‹–€ŒSº˜a’¬†—ˆ¢Œ´,…-811,,
19384-0900-16.zip,202202141041,’†‹–€ŒSº˜a’¬†—ˆ¢Œ´,…-836,,
19384-0900-16.zip,202202141041,’†‹–€ŒSº˜a’¬†—ˆ¢Œ´,…-839,,
19384-0900-16.zip,202202141041,’†‹–€ŒSº˜a’¬†—ˆ¢Œ´,…-841,,
19384-0900-16.zip,202202141041,’†‹–€ŒSº˜a’¬†—ˆ¢Œ´,…-844,,
19384-0900-16.zip,202202141041,’†‹–€ŒSº˜a’¬†—ˆ¢Œ´,…-848,,
19384-0900-16.zip,202202141041,’†‹–€ŒSº˜a’¬†—ˆ¢Œ´,…-849,,
19384-0900-16.zip,202202141041,’†‹–€ŒSº˜a’¬†—ˆ¢Œ´,’·‹·•¨•s–¾-8,,
19384-0900-16.zip,202202141041,’†‹–€ŒSº˜a’¬†—ˆ¢Œ´,153-3,,
19384-0900-16.zip,202202141041,’†‹–€ŒSº˜a’¬†—ˆ¢Œ´,155-1,,
19384-0900-16.zip,202202141041,’†‹–€ŒSº˜a’¬†—ˆ¢Œ´,155-2,,
19384-0900-16.zip,202202141041,’†‹–€ŒSº˜a’¬†—ˆ¢Œ´,156-1,,
19384-0900-16.zip,202202141041,’†‹–€ŒSº˜a’¬†—ˆ¢Œ´,157,,
19384-0900-16.zip,202202141041,’†‹–€ŒSº˜a’¬†—ˆ¢Œ´,158,,
19384-0900-16.zip,202202141041,’†‹–€ŒSº˜a’¬†—ˆ¢Œ´,159-1,,
19384-0900-16.zip,202202141041,’†‹–€ŒSº˜a’¬†—ˆ¢Œ´,159-2,,
19384-0900-16.zip,202202141041,’†‹–€ŒSº˜a’¬†—ˆ¢Œ´,159-3,,
19384-0900-16.zip,202202141041,’†‹–€ŒSº˜a’¬†—ˆ¢Œ´,159-4,,
19384-0900-16.zip,202202141041,’†‹–€ŒSº˜a’¬†—ˆ¢Œ´,160-3,,
19384-0900-16.zip,202202141041,’†‹–€ŒSº˜a’¬†—ˆ¢Œ´,161,,
19384-0900-16.zip,202202141041,’†‹–€ŒSº˜a’¬†—ˆ¢Œ´,162-1,,
19384-0900-16.zip,202202141041,’†‹–€ŒSº˜a’¬†—ˆ¢Œ´,162-3,,
19384-0900-16.zip,202202141041,’†‹–€ŒSº˜a’¬†—ˆ¢Œ´,163-1,,
19384-0900-16.zip,202202141041,’†‹–€ŒSº˜a’¬†—ˆ¢Œ´,165,,
19384-0900-16.zip,202202141041,’†‹–€ŒSº˜a’¬†—ˆ¢Œ´,166-1,,
19384-0900-16.zip,202202141041,’†‹–€ŒSº˜a’¬†—ˆ¢Œ´,166-2,,
19384-0900-16.zip,202202141041,’†‹–€ŒSº˜a’¬†—ˆ¢Œ´,168-2,,
19384-0900-16.zip,202202141041,’†‹–€ŒSº˜a’¬†—ˆ¢Œ´,168-3,,
19384-0900-16.zip,202202141041,’†‹–€ŒSº˜a’¬†—ˆ¢Œ´,168-6,,
19384-0900-16.zip,202202141041,’†‹–€ŒSº˜a’¬†—ˆ¢Œ´,168-7,,
19384-0900-16.zip,202202141041,’†‹–€ŒSº˜a’¬†—ˆ¢Œ´,168-8,,
19384-0900-16.zip,202202141041,’†‹–€ŒSº˜a’¬†—ˆ¢Œ´,168-9,,
19384-0900-16.zip,202202141041,’†‹–€ŒSº˜a’¬†—ˆ¢Œ´,170-1,,
19384-0900-16.zip,202202141041,’†‹–€ŒSº˜a’¬†—ˆ¢Œ´,170-3,,
19384-0900-16.zip,202202141041,’†‹–€ŒSº˜a’¬†—ˆ¢Œ´,170-4,,
19384-0900-16.zip,202202141041,’†‹–€ŒSº˜a’¬†—ˆ¢Œ´,173-1,,
19384-0900-16.zip,202202141041,’†‹–€ŒSº˜a’¬†—ˆ¢Œ´,173-2,,
19384-0900-16.zip,202202141041,’†‹–€ŒSº˜a’¬†—ˆ¢Œ´,174-2,,
19384-0900-16.zip,202202141041,’†‹–€ŒSº˜a’¬†—ˆ¢Œ´,175,,
19384-0900-16.zip,202202141041,’†‹–€ŒSº˜a’¬†—ˆ¢Œ´,176-1,,
19384-0900-16.zip,202202141041,’†‹–€ŒSº˜a’¬†—ˆ¢Œ´,176-2,,
19384-0900-16.zip,202202141041,’†‹–€ŒSº˜a’¬†—ˆ¢Œ´,176-3,,
19384-0900-16.zip,202202141041,’†‹–€ŒSº˜a’¬†—ˆ¢Œ´,176-4,,
19384-0900-16.zip,202202141041,’†‹–€ŒSº˜a’¬†—ˆ¢Œ´,177,,
19384-0900-16.zip,202202141041,’†‹–€ŒSº˜a’¬†—ˆ¢Œ´,178,,
19384-0900-16.zip,202202141041,’†‹–€ŒSº˜a’¬†—ˆ¢Œ´,178-2,,
19384-0900-16.zip,202202141041,’†‹–€ŒSº˜a’¬†—ˆ¢Œ´,179,,
19384-0900-16.zip,202202141041,’†‹–€ŒSº˜a’¬†—ˆ¢Œ´,180,,
19384-0900-16.zip,202202141041,’†‹–€ŒSº˜a’¬†—ˆ¢Œ´,181,,
19384-0900-16.zip,202202141041,’†‹–€ŒSº˜a’¬†—ˆ¢Œ´,182,,
19384-0900-16.zip,202202141041,’†‹–€ŒSº˜a’¬†—ˆ¢Œ´,183,,
19384-0900-16.zip,202202141041,’†‹–€ŒSº˜a’¬†—ˆ¢Œ´,183-2,,
19384-0900-16.zip,202202141041,’†‹–€ŒSº˜a’¬†—ˆ¢Œ´,184-1,,
19384-0900-16.zip,202202141041,’†‹–€ŒSº˜a’¬†—ˆ¢Œ´,184-2,,
19384-0900-16.zip,202202141041,’†‹–€ŒSº˜a’¬†—ˆ¢Œ´,185,,
19384-0900-16.zip,202202141041,’†‹–€ŒSº˜a’¬†—ˆ¢Œ´,187-1,,
19384-0900-16.zip,202202141041,’†‹–€ŒSº˜a’¬†—ˆ¢Œ´,187-5,,
19384-0900-16.zip,202202141041,’†‹–€ŒSº˜a’¬†—ˆ¢Œ´,187-6,,
19384-0900-16.zip,202202141041,’†‹–€ŒSº˜a’¬†—ˆ¢Œ´,187-7,,
19384-0900-16.zip,202202141041,’†‹–€ŒSº˜a’¬†—ˆ¢Œ´,187-8,,
19384-0900-16.zip,202202141041,’†‹–€ŒSº˜a’¬†—ˆ¢Œ´,188-1,,
19384-0900-16.zip,202202141041,’†‹–€ŒSº˜a’¬†—ˆ¢Œ´,188-3,,
19384-0900-16.zip,202202141041,’†‹–€ŒSº˜a’¬†—ˆ¢Œ´,188-4,,
19384-0900-16.zip,202202141041,’†‹–€ŒSº˜a’¬†—ˆ¢Œ´,192-3,,
19384-0900-16.zip,202202141041,’†‹–€ŒSº˜a’¬†—ˆ¢Œ´,–³’n”Ô-565,,
19384-0900-16.zip,202202141041,’†‹–€ŒSº˜a’¬†—ˆ¢Œ´,“¹-7,,
19384-0900-16.zip,202202141041,’†‹–€ŒSº˜a’¬†—ˆ¢Œ´,“¹-590,,
19384-0900-16.zip,202202141041,’†‹–€ŒSº˜a’¬†—ˆ¢Œ´,“¹-626,,
19384-0900-16.zip,202202141041,’†‹–€ŒSº˜a’¬†—ˆ¢Œ´,…-11,,
19384-0900-16.zip,202202141041,’†‹–€ŒSº˜a’¬†—ˆ¢Œ´,…-12,,
19384-0900-16.zip,202202141041,’†‹–€ŒSº˜a’¬†—ˆ¢Œ´,…-769,,
19384-0900-16.zip,202202141041,’†‹–€ŒSº˜a’¬†—ˆ¢Œ´,…-806,,
19384-0900-16.zip,202202141041,’†‹–€ŒSº˜a’¬†—ˆ¢Œ´,…-817,,
19384-0900-16.zip,202202141041,’†‹–€ŒSº˜a’¬†—ˆ¢Œ´,…-825,,
19384-0900-16.zip,202202141041,’†‹–€ŒSº˜a’¬†—ˆ¢Œ´,…-828,,
19384-0900-16.zip,202202141041,’†‹–€ŒSº˜a’¬†—ˆ¢Œ´,…-834,,
19384-0900-16.zip,202202141041,’†‹–€ŒSº˜a’¬†—ˆ¢Œ´,…-838,,
19384-0900-16.zip,202202141041,’†‹–€ŒSº˜a’¬†—ˆ¢Œ´,…-843,,
19384-0900-16.zip,202202141041,’†‹–€ŒSº˜a’¬†—ˆ¢Œ´,…-850,,
19384-0900-16.zip,202202141041,’†‹–€ŒSº˜a’¬†—ˆ¢Œ´,’·‹·•¨•s–¾-4,,
19384-0900-16.zip,202202141041,’†‹–€ŒSº˜a’¬†—ˆ¢Œ´,’·‹·•¨•s–¾-7,,
19384-0900-16.zip,202202141041,’†‹–€ŒSº˜a’¬†—ˆ¢Œ´,’·‹·•¨•s–¾-273,,
19384-0900-16.zip,202202141041,’†‹–€ŒSº˜a’¬†—ˆ¢Œ´,209-1,,
19384-0900-16.zip,202202141041,’†‹–€ŒSº˜a’¬†—ˆ¢Œ´,209-2,,
19384-0900-16.zip,202202141041,’†‹–€ŒSº˜a’¬†—ˆ¢Œ´,209-3,,
19384-0900-16.zip,202202141041,’†‹–€ŒSº˜a’¬†—ˆ¢Œ´,210-1,,
19384-0900-16.zip,202202141041,’†‹–€ŒSº˜a’¬†—ˆ¢Œ´,210-2,,
19384-0900-16.zip,202202141041,’†‹–€ŒSº˜a’¬†—ˆ¢Œ´,210-3,,
19384-0900-16.zip,202202141041,’†‹–€ŒSº˜a’¬†—ˆ¢Œ´,210-4,,
19384-0900-16.zip,202202141041,’†‹–€ŒSº˜a’¬†—ˆ¢Œ´,211,,
19384-0900-16.zip,202202141041,’†‹–€ŒSº˜a’¬†—ˆ¢Œ´,212-1,,
19384-0900-16.zip,202202141041,’†‹–€ŒSº˜a’¬†—ˆ¢Œ´,212-3,,
19384-0900-16.zip,202202141041,’†‹–€ŒSº˜a’¬†—ˆ¢Œ´,213-1,,
19384-0900-16.zip,202202141041,’†‹–€ŒSº˜a’¬†—ˆ¢Œ´,214-1,,
19384-0900-16.zip,202202141041,’†‹–€ŒSº˜a’¬†—ˆ¢Œ´,215-1,,
19384-0900-16.zip,202202141041,’†‹–€ŒSº˜a’¬†—ˆ¢Œ´,216-1,,
19384-0900-16.zip,202202141041,’†‹–€ŒSº˜a’¬†—ˆ¢Œ´,216-3,,
19384-0900-16.zip,202202141041,’†‹–€ŒSº˜a’¬†—ˆ¢Œ´,216-4,,
19384-0900-16.zip,202202141041,’†‹–€ŒSº˜a’¬†—ˆ¢Œ´,216-5,,
19384-0900-16.zip,202202141041,’†‹–€ŒSº˜a’¬†—ˆ¢Œ´,217-1,,
19384-0900-16.zip,202202141041,’†‹–€ŒSº˜a’¬†—ˆ¢Œ´,217-2,,
19384-0900-16.zip,202202141041,’†‹–€ŒSº˜a’¬†—ˆ¢Œ´,220-1,,
19384-0900-16.zip,202202141041,’†‹–€ŒSº˜a’¬†—ˆ¢Œ´,220-3,,
19384-0900-16.zip,202202141041,’†‹–€ŒSº˜a’¬†—ˆ¢Œ´,220-4,,
19384-0900-16.zip,202202141041,’†‹–€ŒSº˜a’¬†—ˆ¢Œ´,221-1,,
19384-0900-16.zip,202202141041,’†‹–€ŒSº˜a’¬†—ˆ¢Œ´,221-3,,
19384-0900-16.zip,202202141041,’†‹–€ŒSº˜a’¬†—ˆ¢Œ´,222-1,,
19384-0900-16.zip,202202141041,’†‹–€ŒSº˜a’¬†—ˆ¢Œ´,223-1,,
19384-0900-16.zip,202202141041,’†‹–€ŒSº˜a’¬†—ˆ¢Œ´,224,,
19384-0900-16.zip,202202141041,’†‹–€ŒSº˜a’¬†—ˆ¢Œ´,225-1,,
19384-0900-16.zip,202202141041,’†‹–€ŒSº˜a’¬†—ˆ¢Œ´,226-1,,
19384-0900-16.zip,202202141041,’†‹–€ŒSº˜a’¬†—ˆ¢Œ´,227-1,,
19384-0900-16.zip,202202141041,’†‹–€ŒSº˜a’¬†—ˆ¢Œ´,227-3,,
19384-0900-16.zip,202202141041,’†‹–€ŒSº˜a’¬†—ˆ¢Œ´,228-1,,
19384-0900-16.zip,202202141041,’†‹–€ŒSº˜a’¬†—ˆ¢Œ´,228-3,,
19384-0900-16.zip,202202141041,’†‹–€ŒSº˜a’¬†—ˆ¢Œ´,230-1,,
19384-0900-16.zip,202202141041,’†‹–€ŒSº˜a’¬†—ˆ¢Œ´,231-1,,
19384-0900-16.zip,202202141041,’†‹–€ŒSº˜a’¬†—ˆ¢Œ´,231-2,,
19384-0900-16.zip,202202141041,’†‹–€ŒSº˜a’¬†—ˆ¢Œ´,231-3,,
19384-0900-16.zip,202202141041,’†‹–€ŒSº˜a’¬†—ˆ¢Œ´,232,,
19384-0900-16.zip,202202141041,’†‹–€ŒSº˜a’¬†—ˆ¢Œ´,233,,
19384-0900-16.zip,202202141041,’†‹–€ŒSº˜a’¬†—ˆ¢Œ´,234,,
19384-0900-16.zip,202202141041,’†‹–€ŒSº˜a’¬†—ˆ¢Œ´,235-1,,
19384-0900-16.zip,202202141041,’†‹–€ŒSº˜a’¬†—ˆ¢Œ´,235-2,,
19384-0900-16.zip,202202141041,’†‹–€ŒSº˜a’¬†—ˆ¢Œ´,236-1,,
19384-0900-16.zip,202202141041,’†‹–€ŒSº˜a’¬†—ˆ¢Œ´,236-2,,
19384-0900-16.zip,202202141041,’†‹–€ŒSº˜a’¬†—ˆ¢Œ´,237,,
19384-0900-16.zip,202202141041,’†‹–€ŒSº˜a’¬†—ˆ¢Œ´,238,,
19384-0900-16.zip,202202141041,’†‹–€ŒSº˜a’¬†—ˆ¢Œ´,239-1,,
19384-0900-16.zip,202202141041,’†‹–€ŒSº˜a’¬†—ˆ¢Œ´,240-1,,
19384-0900-16.zip,202202141041,’†‹–€ŒSº˜a’¬†—ˆ¢Œ´,240-2,,
19384-0900-16.zip,202202141041,’†‹–€ŒSº˜a’¬†—ˆ¢Œ´,“¹-581,,
19384-0900-16.zip,202202141041,’†‹–€ŒSº˜a’¬†—ˆ¢Œ´,“¹-600,,
19384-0900-16.zip,202202141041,’†‹–€ŒSº˜a’¬†—ˆ¢Œ´,…-766,,
19384-0900-16.zip,202202141041,’†‹–€ŒSº˜a’¬†—ˆ¢Œ´,…-796,,
19384-0900-16.zip,202202141041,’†‹–€ŒSº˜a’¬†—ˆ¢Œ´,307-3,,
19384-0900-16.zip,202202141041,’†‹–€ŒSº˜a’¬†—ˆ¢Œ´,307-4,,
19384-0900-16.zip,202202141041,’†‹–€ŒSº˜a’¬†—ˆ¢Œ´,307-7,,
19384-0900-16.zip,202202141041,’†‹–€ŒSº˜a’¬†—ˆ¢Œ´,313-1,,
19384-0900-16.zip,202202141041,’†‹–€ŒSº˜a’¬†—ˆ¢Œ´,314,,
19384-0900-16.zip,202202141041,’†‹–€ŒSº˜a’¬†—ˆ¢Œ´,“¹-580,,
19384-0900-16.zip,202202141041,’†‹–€ŒSº˜a’¬†—ˆ¢Œ´,“¹-601,,
19384-0900-16.zip,202202141041,’†‹–€ŒSº˜a’¬†—ˆ¢Œ´,…-792,,
19384-0900-16.zip,202202141041,’†‹–€ŒSº˜a’¬†—ˆ¢Œ´,…-805,,
19384-0900-16.zip,202202141041,’†‹–€ŒSº˜a’¬†—ˆ¢Œ´,…-813,,
19384-0900-16.zip,202202141041,’†‹–€ŒSº˜a’¬†—ˆ¢Œ´,’·‹·•¨•s–¾-296,,
19384-0900-16.zip,202202141041,’†‹–€ŒSº˜a’¬†—ˆ¢Œ´,315-1,,
19384-0900-16.zip,202202141041,’†‹–€ŒSº˜a’¬†—ˆ¢Œ´,315-2,,
19384-0900-16.zip,202202141041,’†‹–€ŒSº˜a’¬†—ˆ¢Œ´,315-3,,
19384-0900-16.zip,202202141041,’†‹–€ŒSº˜a’¬†—ˆ¢Œ´,316-1,,
19384-0900-16.zip,202202141041,’†‹–€ŒSº˜a’¬†—ˆ¢Œ´,316-3,,
19384-0900-16.zip,202202141041,’†‹–€ŒSº˜a’¬†—ˆ¢Œ´,316-4,,
19384-0900-16.zip,202202141041,’†‹–€ŒSº˜a’¬†—ˆ¢Œ´,316-5,,
19384-0900-16.zip,202202141041,’†‹–€ŒSº˜a’¬†—ˆ¢Œ´,316-6,,
19384-0900-16.zip,202202141041,’†‹–€ŒSº˜a’¬†—ˆ¢Œ´,316-7,,
19384-0900-16.zip,202202141041,’†‹–€ŒSº˜a’¬†—ˆ¢Œ´,316-8,,
19384-0900-16.zip,202202141041,’†‹–€ŒSº˜a’¬†—ˆ¢Œ´,317-2,,
19384-0900-16.zip,202202141041,’†‹–€ŒSº˜a’¬†—ˆ¢Œ´,317-3,,
19384-0900-16.zip,202202141041,’†‹–€ŒSº˜a’¬†—ˆ¢Œ´,317-4,,
19384-0900-16.zip,202202141041,’†‹–€ŒSº˜a’¬†—ˆ¢Œ´,368-2,,
19384-0900-16.zip,202202141041,’†‹–€ŒSº˜a’¬†—ˆ¢Œ´,369-2,,
19384-0900-16.zip,202202141041,’†‹–€ŒSº˜a’¬†—ˆ¢Œ´,370-2,,
19384-0900-16.zip,202202141041,’†‹–€ŒSº˜a’¬†—ˆ¢Œ´,383-1,,
19384-0900-16.zip,202202141041,’†‹–€ŒSº˜a’¬†—ˆ¢Œ´,383-3,,
19384-0900-16.zip,202202141041,’†‹–€ŒSº˜a’¬†—ˆ¢Œ´,383-4,,
19384-0900-16.zip,202202141041,’†‹–€ŒSº˜a’¬†—ˆ¢Œ´,383-5,,
19384-0900-16.zip,202202141041,’†‹–€ŒSº˜a’¬†—ˆ¢Œ´,383-6,,
19384-0900-16.zip,202202141041,’†‹–€ŒSº˜a’¬†—ˆ¢Œ´,383-7,,
19384-0900-16.zip,202202141041,’†‹–€ŒSº˜a’¬†—ˆ¢Œ´,383-8,,
19384-0900-16.zip,202202141041,’†‹–€ŒSº˜a’¬†—ˆ¢Œ´,“¹-592,,
19384-0900-16.zip,202202141041,’†‹–€ŒSº˜a’¬†—ˆ¢Œ´,“¹-604,,
19384-0900-16.zip,202202141041,’†‹–€ŒSº˜a’¬†—ˆ¢Œ´,…-29,,
19384-0900-16.zip,202202141041,’†‹–€ŒSº˜a’¬†—ˆ¢Œ´,…-768,,
19384-0900-16.zip,202202141041,’†‹–€ŒSº˜a’¬†—ˆ¢Œ´,’·‹·•¨•s–¾-12,,
19384-0900-16.zip,202202141041,’†‹–€ŒSº˜a’¬†—ˆ¢Œ´,’·‹·•¨•s–¾-271,,
19384-0900-16.zip,202202141041,’†‹–€ŒSº˜a’¬†—ˆ¢Œ´,419-1,,
19384-0900-16.zip,202202141041,’†‹–€ŒSº˜a’¬†—ˆ¢Œ´,419-3,,
19384-0900-16.zip,202202141041,’†‹–€ŒSº˜a’¬†—ˆ¢Œ´,419-4,,
19384-0900-16.zip,202202141041,’†‹–€ŒSº˜a’¬†—ˆ¢Œ´,419-5,,
19384-0900-16.zip,202202141041,’†‹–€ŒSº˜a’¬†—ˆ¢Œ´,425-2,,
19384-0900-16.zip,202202141041,’†‹–€ŒSº˜a’¬†—ˆ¢Œ´,425-4,,
19384-0900-16.zip,202202141041,’†‹–€ŒSº˜a’¬†—ˆ¢Œ´,425-9,,
19384-0900-16.zip,202202141041,’†‹–€ŒSº˜a’¬†—ˆ¢Œ´,426-1,,
19384-0900-16.zip,202202141041,’†‹–€ŒSº˜a’¬†—ˆ¢Œ´,426-2,,
19384-0900-16.zip,202202141041,’†‹–€ŒSº˜a’¬†—ˆ¢Œ´,426-3,,
19384-0900-16.zip,202202141041,’†‹–€ŒSº˜a’¬†—ˆ¢Œ´,426-4,,
19384-0900-16.zip,202202141041,’†‹–€ŒSº˜a’¬†—ˆ¢Œ´,427-1,,
19384-0900-16.zip,202202141041,’†‹–€ŒSº˜a’¬†—ˆ¢Œ´,427-2,,
19384-0900-16.zip,202202141041,’†‹–€ŒSº˜a’¬†—ˆ¢Œ´,427-3,,
19384-0900-16.zip,202202141041,’†‹–€ŒSº˜a’¬†—ˆ¢Œ´,428-1,,
19384-0900-16.zip,202202141041,’†‹–€ŒSº˜a’¬†—ˆ¢Œ´,428-2,,
19384-0900-16.zip,202202141041,’†‹–€ŒSº˜a’¬†—ˆ¢Œ´,429,,
19384-0900-16.zip,202202141041,’†‹–€ŒSº˜a’¬†—ˆ¢Œ´,430-1,,
19384-0900-16.zip,202202141041,’†‹–€ŒSº˜a’¬†—ˆ¢Œ´,430-2,,
19384-0900-16.zip,202202141041,’†‹–€ŒSº˜a’¬†—ˆ¢Œ´,431-1,,
19384-0900-16.zip,202202141041,’†‹–€ŒSº˜a’¬†—ˆ¢Œ´,431-2,,
19384-0900-16.zip,202202141041,’†‹–€ŒSº˜a’¬†—ˆ¢Œ´,432-1,,
19384-0900-16.zip,202202141041,’†‹–€ŒSº˜a’¬†—ˆ¢Œ´,432-2,,
19384-0900-16.zip,202202141041,’†‹–€ŒSº˜a’¬†—ˆ¢Œ´,432-3,,
19384-0900-16.zip,202202141041,’†‹–€ŒSº˜a’¬†—ˆ¢Œ´,433-1,,
19384-0900-16.zip,202202141041,’†‹–€ŒSº˜a’¬†—ˆ¢Œ´,433-2,,
19384-0900-16.zip,202202141041,’†‹–€ŒSº˜a’¬†—ˆ¢Œ´,433-3,,
19384-0900-16.zip,202202141041,’†‹–€ŒSº˜a’¬†—ˆ¢Œ´,434-7,,
19384-0900-16.zip,202202141041,’†‹–€ŒSº˜a’¬†—ˆ¢Œ´,434-8,,
19384-0900-16.zip,202202141041,’†‹–€ŒSº˜a’¬†—ˆ¢Œ´,435-2,,
19384-0900-16.zip,202202141041,’†‹–€ŒSº˜a’¬†—ˆ¢Œ´,435-3,,
19384-0900-16.zip,202202141041,’†‹–€ŒSº˜a’¬†—ˆ¢Œ´,436-2,,
19384-0900-16.zip,202202141041,’†‹–€ŒSº˜a’¬†—ˆ¢Œ´,436-3,,
19384-0900-16.zip,202202141041,’†‹–€ŒSº˜a’¬†—ˆ¢Œ´,437-1,,
19384-0900-16.zip,202202141041,’†‹–€ŒSº˜a’¬†—ˆ¢Œ´,437-2,,
19384-0900-16.zip,202202141041,’†‹–€ŒSº˜a’¬†—ˆ¢Œ´,437-3,,
19384-0900-16.zip,202202141041,’†‹–€ŒSº˜a’¬†—ˆ¢Œ´,437-4,,
19384-0900-16.zip,202202141041,’†‹–€ŒSº˜a’¬†—ˆ¢Œ´,437-5,,
19384-0900-16.zip,202202141041,’†‹–€ŒSº˜a’¬†—ˆ¢Œ´,438-2,,
19384-0900-16.zip,202202141041,’†‹–€ŒSº˜a’¬†—ˆ¢Œ´,438-3,,
19384-0900-16.zip,202202141041,’†‹–€ŒSº˜a’¬†—ˆ¢Œ´,438-4,,
19384-0900-16.zip,202202141041,’†‹–€ŒSº˜a’¬†—ˆ¢Œ´,438-5,,
19384-0900-16.zip,202202141041,’†‹–€ŒSº˜a’¬†—ˆ¢Œ´,439-1,,
19384-0900-16.zip,202202141041,’†‹–€ŒSº˜a’¬†—ˆ¢Œ´,439-3,,
19384-0900-16.zip,202202141041,’†‹–€ŒSº˜a’¬†—ˆ¢Œ´,439-4,,
19384-0900-16.zip,202202141041,’†‹–€ŒSº˜a’¬†—ˆ¢Œ´,439-5,,
19384-0900-16.zip,202202141041,’†‹–€ŒSº˜a’¬†—ˆ¢Œ´,439-6,,
19384-0900-16.zip,202202141041,’†‹–€ŒSº˜a’¬†—ˆ¢Œ´,440-1,,
19384-0900-16.zip,202202141041,’†‹–€ŒSº˜a’¬†—ˆ¢Œ´,445-1,,
19384-0900-16.zip,202202141041,’†‹–€ŒSº˜a’¬†—ˆ¢Œ´,447-1,,
19384-0900-16.zip,202202141041,’†‹–€ŒSº˜a’¬†—ˆ¢Œ´,447-2,,
19384-0900-16.zip,202202141041,’†‹–€ŒSº˜a’¬†—ˆ¢Œ´,448-1,,
19384-0900-16.zip,202202141041,’†‹–€ŒSº˜a’¬†—ˆ¢Œ´,448-2,,
19384-0900-16.zip,202202141041,’†‹–€ŒSº˜a’¬†—ˆ¢Œ´,448-3,,
19384-0900-16.zip,202202141041,’†‹–€ŒSº˜a’¬†—ˆ¢Œ´,448-4,,
19384-0900-16.zip,202202141041,’†‹–€ŒSº˜a’¬†—ˆ¢Œ´,448-5,,
19384-0900-16.zip,202202141041,’†‹–€ŒSº˜a’¬†—ˆ¢Œ´,448-6,,
19384-0900-16.zip,202202141041,’†‹–€ŒSº˜a’¬†—ˆ¢Œ´,449-1,,
19384-0900-16.zip,202202141041,’†‹–€ŒSº˜a’¬†—ˆ¢Œ´,449-2,,
19384-0900-16.zip,202202141041,’†‹–€ŒSº˜a’¬†—ˆ¢Œ´,449-3,,
19384-0900-16.zip,202202141041,’†‹–€ŒSº˜a’¬†—ˆ¢Œ´,449-4,,
19384-0900-16.zip,202202141041,’†‹–€ŒSº˜a’¬†—ˆ¢Œ´,450-2,,
19384-0900-16.zip,202202141041,’†‹–€ŒSº˜a’¬†—ˆ¢Œ´,450-3,,
19384-0900-16.zip,202202141041,’†‹–€ŒSº˜a’¬†—ˆ¢Œ´,450-4,,
19384-0900-16.zip,202202141041,’†‹–€ŒSº˜a’¬†—ˆ¢Œ´,451-1,,
19384-0900-16.zip,202202141041,’†‹–€ŒSº˜a’¬†—ˆ¢Œ´,451-2,,
19384-0900-16.zip,202202141041,’†‹–€ŒSº˜a’¬†—ˆ¢Œ´,451-3,,
19384-0900-16.zip,202202141041,’†‹–€ŒSº˜a’¬†—ˆ¢Œ´,452-2,,
19384-0900-16.zip,202202141041,’†‹–€ŒSº˜a’¬†—ˆ¢Œ´,452-3,,
19384-0900-16.zip,202202141041,’†‹–€ŒSº˜a’¬†—ˆ¢Œ´,452-4,,
19384-0900-16.zip,202202141041,’†‹–€ŒSº˜a’¬†—ˆ¢Œ´,452-5,,
19384-0900-16.zip,202202141041,’†‹–€ŒSº˜a’¬†—ˆ¢Œ´,452-6,,
19384-0900-16.zip,202202141041,’†‹–€ŒSº˜a’¬†—ˆ¢Œ´,453-1,,
19384-0900-16.zip,202202141041,’†‹–€ŒSº˜a’¬†—ˆ¢Œ´,453-2,,
19384-0900-16.zip,202202141041,’†‹–€ŒSº˜a’¬†—ˆ¢Œ´,454-2,,
19384-0900-16.zip,202202141041,’†‹–€ŒSº˜a’¬†—ˆ¢Œ´,454-3,,
19384-0900-16.zip,202202141041,’†‹–€ŒSº˜a’¬†—ˆ¢Œ´,455-2,,
19384-0900-16.zip,202202141041,’†‹–€ŒSº˜a’¬†—ˆ¢Œ´,455-3,,
19384-0900-16.zip,202202141041,’†‹–€ŒSº˜a’¬†—ˆ¢Œ´,455-4,,
19384-0900-16.zip,202202141041,’†‹–€ŒSº˜a’¬†—ˆ¢Œ´,455-5,,
19384-0900-16.zip,202202141041,’†‹–€ŒSº˜a’¬†—ˆ¢Œ´,455-6,,
19384-0900-16.zip,202202141041,’†‹–€ŒSº˜a’¬†—ˆ¢Œ´,455-7,,
19384-0900-16.zip,202202141041,’†‹–€ŒSº˜a’¬†—ˆ¢Œ´,456-2,,
19384-0900-16.zip,202202141041,’†‹–€ŒSº˜a’¬†—ˆ¢Œ´,456-3,,
19384-0900-16.zip,202202141041,’†‹–€ŒSº˜a’¬†—ˆ¢Œ´,456-4,,
19384-0900-16.zip,202202141041,’†‹–€ŒSº˜a’¬†—ˆ¢Œ´,456-5,,
19384-0900-16.zip,202202141041,’†‹–€ŒSº˜a’¬†—ˆ¢Œ´,456-6,,
19384-0900-16.zip,202202141041,’†‹–€ŒSº˜a’¬†—ˆ¢Œ´,456-7,,
19384-0900-16.zip,202202141041,’†‹–€ŒSº˜a’¬†—ˆ¢Œ´,456-8,,
19384-0900-16.zip,202202141041,’†‹–€ŒSº˜a’¬†—ˆ¢Œ´,456-9,,
19384-0900-16.zip,202202141041,’†‹–€ŒSº˜a’¬†—ˆ¢Œ´,456-10,,
19384-0900-16.zip,202202141041,’†‹–€ŒSº˜a’¬†—ˆ¢Œ´,456-11,,
19384-0900-16.zip,202202141041,’†‹–€ŒSº˜a’¬†—ˆ¢Œ´,457-1,,
19384-0900-16.zip,202202141041,’†‹–€ŒSº˜a’¬†—ˆ¢Œ´,457-2,,
19384-0900-16.zip,202202141041,’†‹–€ŒSº˜a’¬†—ˆ¢Œ´,457-3,,
19384-0900-16.zip,202202141041,’†‹–€ŒSº˜a’¬†—ˆ¢Œ´,457-4,,
19384-0900-16.zip,202202141041,’†‹–€ŒSº˜a’¬†—ˆ¢Œ´,458-1,,
19384-0900-16.zip,202202141041,’†‹–€ŒSº˜a’¬†—ˆ¢Œ´,458-2,,
19384-0900-16.zip,202202141041,’†‹–€ŒSº˜a’¬†—ˆ¢Œ´,458-3,,
19384-0900-16.zip,202202141041,’†‹–€ŒSº˜a’¬†—ˆ¢Œ´,458-4,,
19384-0900-16.zip,202202141041,’†‹–€ŒSº˜a’¬†—ˆ¢Œ´,459-1,,
19384-0900-16.zip,202202141041,’†‹–€ŒSº˜a’¬†—ˆ¢Œ´,459-2,,
19384-0900-16.zip,202202141041,’†‹–€ŒSº˜a’¬†—ˆ¢Œ´,460,,
19384-0900-16.zip,202202141041,’†‹–€ŒSº˜a’¬†—ˆ¢Œ´,461,,
19384-0900-16.zip,202202141041,’†‹–€ŒSº˜a’¬†—ˆ¢Œ´,462-1,,
19384-0900-16.zip,202202141041,’†‹–€ŒSº˜a’¬†—ˆ¢Œ´,462-2,,
19384-0900-16.zip,202202141041,’†‹–€ŒSº˜a’¬†—ˆ¢Œ´,462-3,,
19384-0900-16.zip,202202141041,’†‹–€ŒSº˜a’¬†—ˆ¢Œ´,463-1,,
19384-0900-16.zip,202202141041,’†‹–€ŒSº˜a’¬†—ˆ¢Œ´,463-2,,
19384-0900-16.zip,202202141041,’†‹–€ŒSº˜a’¬†—ˆ¢Œ´,463-3,,
19384-0900-16.zip,202202141041,’†‹–€ŒSº˜a’¬†—ˆ¢Œ´,463-4,,
19384-0900-16.zip,202202141041,’†‹–€ŒSº˜a’¬†—ˆ¢Œ´,463-5,,
19384-0900-16.zip,202202141041,’†‹–€ŒSº˜a’¬†—ˆ¢Œ´,464-1,,
19384-0900-16.zip,202202141041,’†‹–€ŒSº˜a’¬†—ˆ¢Œ´,464-2,,
19384-0900-16.zip,202202141041,’†‹–€ŒSº˜a’¬†—ˆ¢Œ´,464-3,,
19384-0900-16.zip,202202141041,’†‹–€ŒSº˜a’¬†—ˆ¢Œ´,464-4,,
19384-0900-16.zip,202202141041,’†‹–€ŒSº˜a’¬†—ˆ¢Œ´,464-5,,
19384-0900-16.zip,202202141041,’†‹–€ŒSº˜a’¬†—ˆ¢Œ´,464-6,,
19384-0900-16.zip,202202141041,’†‹–€ŒSº˜a’¬†—ˆ¢Œ´,464-7,,
19384-0900-16.zip,202202141041,’†‹–€ŒSº˜a’¬†—ˆ¢Œ´,464-8,,
19384-0900-16.zip,202202141041,’†‹–€ŒSº˜a’¬†—ˆ¢Œ´,465-1,,
19384-0900-16.zip,202202141041,’†‹–€ŒSº˜a’¬†—ˆ¢Œ´,465-2,,
19384-0900-16.zip,202202141041,’†‹–€ŒSº˜a’¬†—ˆ¢Œ´,465-3,,
19384-0900-16.zip,202202141041,’†‹–€ŒSº˜a’¬†—ˆ¢Œ´,465-4,,
19384-0900-16.zip,202202141041,’†‹–€ŒSº˜a’¬†—ˆ¢Œ´,465-5,,
19384-0900-16.zip,202202141041,’†‹–€ŒSº˜a’¬†—ˆ¢Œ´,466-1,,
19384-0900-16.zip,202202141041,’†‹–€ŒSº˜a’¬†—ˆ¢Œ´,466-2,,
19384-0900-16.zip,202202141041,’†‹–€ŒSº˜a’¬†—ˆ¢Œ´,466-3,,
19384-0900-16.zip,202202141041,’†‹–€ŒSº˜a’¬†—ˆ¢Œ´,466-4,,
19384-0900-16.zip,202202141041,’†‹–€ŒSº˜a’¬†—ˆ¢Œ´,466-5,,
19384-0900-16.zip,202202141041,’†‹–€ŒSº˜a’¬†—ˆ¢Œ´,466-6,,
19384-0900-16.zip,202202141041,’†‹–€ŒSº˜a’¬†—ˆ¢Œ´,466-7,,
19384-0900-16.zip,202202141041,’†‹–€ŒSº˜a’¬†—ˆ¢Œ´,466-8,,
19384-0900-16.zip,202202141041,’†‹–€ŒSº˜a’¬†—ˆ¢Œ´,466-9,,
19384-0900-16.zip,202202141041,’†‹–€ŒSº˜a’¬†—ˆ¢Œ´,467-1,,
19384-0900-16.zip,202202141041,’†‹–€ŒSº˜a’¬†—ˆ¢Œ´,467-2,,
19384-0900-16.zip,202202141041,’†‹–€ŒSº˜a’¬†—ˆ¢Œ´,467-3,,
19384-0900-16.zip,202202141041,’†‹–€ŒSº˜a’¬†—ˆ¢Œ´,467-4,,
19384-0900-16.zip,202202141041,’†‹–€ŒSº˜a’¬†—ˆ¢Œ´,467-5,,
19384-0900-16.zip,202202141041,’†‹–€ŒSº˜a’¬†—ˆ¢Œ´,468-1,,
19384-0900-16.zip,202202141041,’†‹–€ŒSº˜a’¬†—ˆ¢Œ´,468-2,,
19384-0900-16.zip,202202141041,’†‹–€ŒSº˜a’¬†—ˆ¢Œ´,468-3,,
19384-0900-16.zip,202202141041,’†‹–€ŒSº˜a’¬†—ˆ¢Œ´,468-4,,
19384-0900-16.zip,202202141041,’†‹–€ŒSº˜a’¬†—ˆ¢Œ´,468-5,,
19384-0900-16.zip,202202141041,’†‹–€ŒSº˜a’¬†—ˆ¢Œ´,468-6,,
19384-0900-16.zip,202202141041,’†‹–€ŒSº˜a’¬†—ˆ¢Œ´,468-7,,
19384-0900-16.zip,202202141041,’†‹–€ŒSº˜a’¬†—ˆ¢Œ´,468-8,,
19384-0900-16.zip,202202141041,’†‹–€ŒSº˜a’¬†—ˆ¢Œ´,469-1,,
19384-0900-16.zip,202202141041,’†‹–€ŒSº˜a’¬†—ˆ¢Œ´,469-2,,
19384-0900-16.zip,202202141041,’†‹–€ŒSº˜a’¬†—ˆ¢Œ´,469-3,,
19384-0900-16.zip,202202141041,’†‹–€ŒSº˜a’¬†—ˆ¢Œ´,470-1,,
19384-0900-16.zip,202202141041,’†‹–€ŒSº˜a’¬†—ˆ¢Œ´,470-2,,
19384-0900-16.zip,202202141041,’†‹–€ŒSº˜a’¬†—ˆ¢Œ´,470-3,,
19384-0900-16.zip,202202141041,’†‹–€ŒSº˜a’¬†—ˆ¢Œ´,471-1,,
19384-0900-16.zip,202202141041,’†‹–€ŒSº˜a’¬†—ˆ¢Œ´,471-2,,
19384-0900-16.zip,202202141041,’†‹–€ŒSº˜a’¬†—ˆ¢Œ´,471-3,,
19384-0900-16.zip,202202141041,’†‹–€ŒSº˜a’¬†—ˆ¢Œ´,472-1,,
19384-0900-16.zip,202202141041,’†‹–€ŒSº˜a’¬†—ˆ¢Œ´,473-2,,
19384-0900-16.zip,202202141041,’†‹–€ŒSº˜a’¬†—ˆ¢Œ´,474-1,,
19384-0900-16.zip,202202141041,’†‹–€ŒSº˜a’¬†—ˆ¢Œ´,474-2,,
19384-0900-16.zip,202202141041,’†‹–€ŒSº˜a’¬†—ˆ¢Œ´,475-1,,
19384-0900-16.zip,202202141041,’†‹–€ŒSº˜a’¬†—ˆ¢Œ´,477-1,,
19384-0900-16.zip,202202141041,’†‹–€ŒSº˜a’¬†—ˆ¢Œ´,478-1,,
19384-0900-16.zip,202202141041,’†‹–€ŒSº˜a’¬†—ˆ¢Œ´,479,,
19384-0900-16.zip,202202141041,’†‹–€ŒSº˜a’¬†—ˆ¢Œ´,480,,
19384-0900-16.zip,202202141041,’†‹–€ŒSº˜a’¬†—ˆ¢Œ´,481-1,,
19384-0900-16.zip,202202141041,’†‹–€ŒSº˜a’¬†—ˆ¢Œ´,482,,
19384-0900-16.zip,202202141041,’†‹–€ŒSº˜a’¬†—ˆ¢Œ´,483-1,,
19384-0900-16.zip,202202141041,’†‹–€ŒSº˜a’¬†—ˆ¢Œ´,483-2,,
19384-0900-16.zip,202202141041,’†‹–€ŒSº˜a’¬†—ˆ¢Œ´,484-1,,
19384-0900-16.zip,202202141041,’†‹–€ŒSº˜a’¬†—ˆ¢Œ´,484-2,,
19384-0900-16.zip,202202141041,’†‹–€ŒSº˜a’¬†—ˆ¢Œ´,485-1,,
19384-0900-16.zip,202202141041,’†‹–€ŒSº˜a’¬†—ˆ¢Œ´,485-2,,
19384-0900-16.zip,202202141041,’†‹–€ŒSº˜a’¬†—ˆ¢Œ´,486-1,,
19384-0900-16.zip,202202141041,’†‹–€ŒSº˜a’¬†—ˆ¢Œ´,486-2,,
19384-0900-16.zip,202202141041,’†‹–€ŒSº˜a’¬†—ˆ¢Œ´,486-3,,
19384-0900-16.zip,202202141041,’†‹–€ŒSº˜a’¬†—ˆ¢Œ´,487-2,,
19384-0900-16.zip,202202141041,’†‹–€ŒSº˜a’¬†—ˆ¢Œ´,487-6,,
19384-0900-16.zip,202202141041,’†‹–€ŒSº˜a’¬†—ˆ¢Œ´,488-2,,
19384-0900-16.zip,202202141041,’†‹–€ŒSº˜a’¬†—ˆ¢Œ´,488-4,,
19384-0900-16.zip,202202141041,’†‹–€ŒSº˜a’¬†—ˆ¢Œ´,491-2,,
19384-0900-16.zip,202202141041,’†‹–€ŒSº˜a’¬†—ˆ¢Œ´,492-2,,
19384-0900-16.zip,202202141041,’†‹–€ŒSº˜a’¬†—ˆ¢Œ´,493,,
19384-0900-16.zip,202202141041,’†‹–€ŒSº˜a’¬†—ˆ¢Œ´,493-2,,
19384-0900-16.zip,202202141041,’†‹–€ŒSº˜a’¬†—ˆ¢Œ´,494-2,,
19384-0900-16.zip,202202141041,’†‹–€ŒSº˜a’¬†—ˆ¢Œ´,494-3,,
19384-0900-16.zip,202202141041,’†‹–€ŒSº˜a’¬†—ˆ¢Œ´,494-4,,
19384-0900-16.zip,202202141041,’†‹–€ŒSº˜a’¬†—ˆ¢Œ´,495-1,,
19384-0900-16.zip,202202141041,’†‹–€ŒSº˜a’¬†—ˆ¢Œ´,495-2,,
19384-0900-16.zip,202202141041,’†‹–€ŒSº˜a’¬†—ˆ¢Œ´,495-3,,
19384-0900-16.zip,202202141041,’†‹–€ŒSº˜a’¬†—ˆ¢Œ´,495-4,,
19384-0900-16.zip,202202141041,’†‹–€ŒSº˜a’¬†—ˆ¢Œ´,495-5,,
19384-0900-16.zip,202202141041,’†‹–€ŒSº˜a’¬†—ˆ¢Œ´,496-1,,
19384-0900-16.zip,202202141041,’†‹–€ŒSº˜a’¬†—ˆ¢Œ´,496-3,,
19384-0900-16.zip,202202141041,’†‹–€ŒSº˜a’¬†—ˆ¢Œ´,496-4,,
19384-0900-16.zip,202202141041,’†‹–€ŒSº˜a’¬†—ˆ¢Œ´,496-5,,
19384-0900-16.zip,202202141041,’†‹–€ŒSº˜a’¬†—ˆ¢Œ´,496-6,,
19384-0900-16.zip,202202141041,’†‹–€ŒSº˜a’¬†—ˆ¢Œ´,498-1,,
19384-0900-16.zip,202202141041,’†‹–€ŒSº˜a’¬†—ˆ¢Œ´,498-3,,
19384-0900-16.zip,202202141041,’†‹–€ŒSº˜a’¬†—ˆ¢Œ´,498-4,,
19384-0900-16.zip,202202141041,’†‹–€ŒSº˜a’¬†—ˆ¢Œ´,498-5,,
19384-0900-16.zip,202202141041,’†‹–€ŒSº˜a’¬†—ˆ¢Œ´,499-3,,
19384-0900-16.zip,202202141041,’†‹–€ŒSº˜a’¬†—ˆ¢Œ´,500-3,,
19384-0900-16.zip,202202141041,’†‹–€ŒSº˜a’¬†—ˆ¢Œ´,500-4,,
19384-0900-16.zip,202202141041,’†‹–€ŒSº˜a’¬†—ˆ¢Œ´,501-4,,
19384-0900-16.zip,202202141041,’†‹–€ŒSº˜a’¬†—ˆ¢Œ´,502-1,,
19384-0900-16.zip,202202141041,’†‹–€ŒSº˜a’¬†—ˆ¢Œ´,502-4,,
19384-0900-16.zip,202202141041,’†‹–€ŒSº˜a’¬†—ˆ¢Œ´,502-5,,
19384-0900-16.zip,202202141041,’†‹–€ŒSº˜a’¬†—ˆ¢Œ´,502-6,,
19384-0900-16.zip,202202141041,’†‹–€ŒSº˜a’¬†—ˆ¢Œ´,502-7,,
19384-0900-16.zip,202202141041,’†‹–€ŒSº˜a’¬†—ˆ¢Œ´,502-8,,
19384-0900-16.zip,202202141041,’†‹–€ŒSº˜a’¬†—ˆ¢Œ´,502-11,,
19384-0900-16.zip,202202141041,’†‹–€ŒSº˜a’¬†—ˆ¢Œ´,503-2,,
19384-0900-16.zip,202202141041,’†‹–€ŒSº˜a’¬†—ˆ¢Œ´,504-1,,
19384-0900-16.zip,202202141041,’†‹–€ŒSº˜a’¬†—ˆ¢Œ´,504-2,,
19384-0900-16.zip,202202141041,’†‹–€ŒSº˜a’¬†—ˆ¢Œ´,504-3,,
19384-0900-16.zip,202202141041,’†‹–€ŒSº˜a’¬†—ˆ¢Œ´,504-4,,
19384-0900-16.zip,202202141041,’†‹–€ŒSº˜a’¬†—ˆ¢Œ´,504-6,,
19384-0900-16.zip,202202141041,’†‹–€ŒSº˜a’¬†—ˆ¢Œ´,504-7,,
19384-0900-16.zip,202202141041,’†‹–€ŒSº˜a’¬†—ˆ¢Œ´,504-9,,
19384-0900-16.zip,202202141041,’†‹–€ŒSº˜a’¬†—ˆ¢Œ´,506,,
19384-0900-16.zip,202202141041,’†‹–€ŒSº˜a’¬†—ˆ¢Œ´,507-1,,
19384-0900-16.zip,202202141041,’†‹–€ŒSº˜a’¬†—ˆ¢Œ´,508-1,,
19384-0900-16.zip,202202141041,’†‹–€ŒSº˜a’¬†—ˆ¢Œ´,541-1,,
19384-0900-16.zip,202202141041,’†‹–€ŒSº˜a’¬†—ˆ¢Œ´,544-2,,
19384-0900-16.zip,202202141041,’†‹–€ŒSº˜a’¬†—ˆ¢Œ´,564-2,,
19384-0900-16.zip,202202141041,’†‹–€ŒSº˜a’¬†—ˆ¢Œ´,564-5,,
19384-0900-16.zip,202202141041,’†‹–€ŒSº˜a’¬†—ˆ¢Œ´,564-7,,
19384-0900-16.zip,202202141041,’†‹–€ŒSº˜a’¬†—ˆ¢Œ´,565,,
19384-0900-16.zip,202202141041,’†‹–€ŒSº˜a’¬†—ˆ¢Œ´,566,,
19384-0900-16.zip,202202141041,’†‹–€ŒSº˜a’¬†—ˆ¢Œ´,–³’n”Ô-554,,
19384-0900-16.zip,202202141041,’†‹–€ŒSº˜a’¬†—ˆ¢Œ´,“¹-2,,
19384-0900-16.zip,202202141041,’†‹–€ŒSº˜a’¬†—ˆ¢Œ´,“¹-583,,
19384-0900-16.zip,202202141041,’†‹–€ŒSº˜a’¬†—ˆ¢Œ´,“¹-623,,
19384-0900-16.zip,202202141041,’†‹–€ŒSº˜a’¬†—ˆ¢Œ´,“¹-629,,
19384-0900-16.zip,202202141041,’†‹–€ŒSº˜a’¬†—ˆ¢Œ´,“¹-637,,
19384-0900-16.zip,202202141041,’†‹–€ŒSº˜a’¬†—ˆ¢Œ´,…-4-1,,
19384-0900-16.zip,202202141041,’†‹–€ŒSº˜a’¬†—ˆ¢Œ´,…-28,,
19384-0900-16.zip,202202141041,’†‹–€ŒSº˜a’¬†—ˆ¢Œ´,…-788,,
19384-0900-16.zip,202202141041,’†‹–€ŒSº˜a’¬†—ˆ¢Œ´,…-808,,
19384-0900-16.zip,202202141041,’†‹–€ŒSº˜a’¬†—ˆ¢Œ´,’·‹·•¨•s–¾-14,,
19384-0900-16.zip,202202141041,’†‹–€ŒSº˜a’¬†—ˆ¢Œ´,’·‹·•¨•s–¾-269,,
19384-0900-16.zip,202202141041,’†‹–€ŒSº˜a’¬†—ˆ¢Œ´,567-1,,
19384-0900-16.zip,202202141041,’†‹–€ŒSº˜a’¬†—ˆ¢Œ´,567-3,,
19384-0900-16.zip,202202141041,’†‹–€ŒSº˜a’¬†—ˆ¢Œ´,567-4,,
19384-0900-16.zip,202202141041,’†‹–€ŒSº˜a’¬†—ˆ¢Œ´,567-5,,
19384-0900-16.zip,202202141041,’†‹–€ŒSº˜a’¬†—ˆ¢Œ´,567-6,,
19384-0900-16.zip,202202141041,’†‹–€ŒSº˜a’¬†—ˆ¢Œ´,567-7,,
19384-0900-16.zip,202202141041,’†‹–€ŒSº˜a’¬†—ˆ¢Œ´,568-1,,
19384-0900-16.zip,202202141041,’†‹–€ŒSº˜a’¬†—ˆ¢Œ´,568-3,,
19384-0900-16.zip,202202141041,’†‹–€ŒSº˜a’¬†—ˆ¢Œ´,568-4,,
19384-0900-16.zip,202202141041,’†‹–€ŒSº˜a’¬†—ˆ¢Œ´,568-5,,
19384-0900-16.zip,202202141041,’†‹–€ŒSº˜a’¬†—ˆ¢Œ´,569-1,,
19384-0900-16.zip,202202141041,’†‹–€ŒSº˜a’¬†—ˆ¢Œ´,569-2,,
19384-0900-16.zip,202202141041,’†‹–€ŒSº˜a’¬†—ˆ¢Œ´,569-3,,
19384-0900-16.zip,202202141041,’†‹–€ŒSº˜a’¬†—ˆ¢Œ´,570-1,,
19384-0900-16.zip,202202141041,’†‹–€ŒSº˜a’¬†—ˆ¢Œ´,571,,
19384-0900-16.zip,202202141041,’†‹–€ŒSº˜a’¬†—ˆ¢Œ´,572-3,,
19384-0900-16.zip,202202141041,’†‹–€ŒSº˜a’¬†—ˆ¢Œ´,576-2,,
19384-0900-16.zip,202202141041,’†‹–€ŒSº˜a’¬†—ˆ¢Œ´,577,,
19384-0900-16.zip,202202141041,’†‹–€ŒSº˜a’¬†—ˆ¢Œ´,578-1,,
19384-0900-16.zip,202202141041,’†‹–€ŒSº˜a’¬†—ˆ¢Œ´,579-2,,
19384-0900-16.zip,202202141041,’†‹–€ŒSº˜a’¬†—ˆ¢Œ´,580,,
19384-0900-16.zip,202202141041,’†‹–€ŒSº˜a’¬†—ˆ¢Œ´,581,,
19384-0900-16.zip,202202141041,’†‹–€ŒSº˜a’¬†—ˆ¢Œ´,582,,
19384-0900-16.zip,202202141041,’†‹–€ŒSº˜a’¬†—ˆ¢Œ´,583,,
19384-0900-16.zip,202202141041,’†‹–€ŒSº˜a’¬†—ˆ¢Œ´,584-1,,
19384-0900-16.zip,202202141041,’†‹–€ŒSº˜a’¬†—ˆ¢Œ´,585-2,,
19384-0900-16.zip,202202141041,’†‹–€ŒSº˜a’¬†—ˆ¢Œ´,586-2,,
19384-0900-16.zip,202202141041,’†‹–€ŒSº˜a’¬†—ˆ¢Œ´,587-1,,
19384-0900-16.zip,202202141041,’†‹–€ŒSº˜a’¬†—ˆ¢Œ´,591-2,,
19384-0900-16.zip,202202141041,’†‹–€ŒSº˜a’¬†—ˆ¢Œ´,592-1,,
19384-0900-16.zip,202202141041,’†‹–€ŒSº˜a’¬†—ˆ¢Œ´,593-1,,
19384-0900-16.zip,202202141041,’†‹–€ŒSº˜a’¬†—ˆ¢Œ´,594-1,,
19384-0900-16.zip,202202141041,’†‹–€ŒSº˜a’¬†—ˆ¢Œ´,595,,
19384-0900-16.zip,202202141041,’†‹–€ŒSº˜a’¬†—ˆ¢Œ´,596-1,,
19384-0900-16.zip,202202141041,’†‹–€ŒSº˜a’¬†—ˆ¢Œ´,597,,
19384-0900-16.zip,202202141041,’†‹–€ŒSº˜a’¬†—ˆ¢Œ´,598-1,,
19384-0900-16.zip,202202141041,’†‹–€ŒSº˜a’¬†—ˆ¢Œ´,599-2,,
19384-0900-16.zip,202202141041,’†‹–€ŒSº˜a’¬†—ˆ¢Œ´,601-2,,
19384-0900-16.zip,202202141041,’†‹–€ŒSº˜a’¬†—ˆ¢Œ´,603-2,,
19384-0900-16.zip,202202141041,’†‹–€ŒSº˜a’¬†—ˆ¢Œ´,1376,,
19384-0900-16.zip,202202141041,’†‹–€ŒSº˜a’¬†—ˆ¢Œ´,1377,,
19384-0900-16.zip,202202141041,’†‹–€ŒSº˜a’¬†—ˆ¢Œ´,1378,,
19384-0900-16.zip,202202141041,’†‹–€ŒSº˜a’¬†—ˆ¢Œ´,“¹-589,,
19384-0900-16.zip,202202141041,’†‹–€ŒSº˜a’¬†—ˆ¢Œ´,“¹-609,,
19384-0900-16.zip,202202141041,’†‹–€ŒSº˜a’¬†—ˆ¢Œ´,“¹-617,,
19384-0900-16.zip,202202141041,’†‹–€ŒSº˜a’¬†—ˆ¢Œ´,“¹-632,,
19384-0900-16.zip,202202141041,’†‹–€ŒSº˜a’¬†—ˆ¢Œ´,“¹-635,,
19384-0900-16.zip,202202141041,’†‹–€ŒSº˜a’¬†—ˆ¢Œ´,…-777,,
19384-0900-16.zip,202202141041,’†‹–€ŒSº˜a’¬†—ˆ¢Œ´,…-784,,
19384-0900-16.zip,202202141041,’†‹–€ŒSº˜a’¬†—ˆ¢Œ´,’·‹·•¨•s–¾-293,,
19384-0900-16.zip,202202141041,’†‹–€ŒSº˜a’¬†—ˆ¢Œ´,1000-1,,
19384-0900-16.zip,202202141041,’†‹–€ŒSº˜a’¬†—ˆ¢Œ´,1000-2,,
19384-0900-16.zip,202202141041,’†‹–€ŒSº˜a’¬†—ˆ¢Œ´,1000-3,,
19384-0900-16.zip,202202141041,’†‹–€ŒSº˜a’¬†—ˆ¢Œ´,1000-4,,
19384-0900-16.zip,202202141041,’†‹–€ŒSº˜a’¬†—ˆ¢Œ´,1000-5,,
19384-0900-16.zip,202202141041,’†‹–€ŒSº˜a’¬†—ˆ¢Œ´,1001,,
19384-0900-16.zip,202202141041,’†‹–€ŒSº˜a’¬†—ˆ¢Œ´,1002,,
19384-0900-16.zip,202202141041,’†‹–€ŒSº˜a’¬†—ˆ¢Œ´,1389,,
19384-0900-16.zip,202202141041,’†‹–€ŒSº˜a’¬†—ˆ¢Œ´,1390,,
19384-0900-16.zip,202202141041,’†‹–€ŒSº˜a’¬†—ˆ¢Œ´,…-770,,
19384-0900-16.zip,202202141041,’†‹–€ŒSº˜a’¬†—ˆ¢Œ´,…-793,,
19384-0900-16.zip,202202141041,’†‹–€ŒSº˜a’¬†—ˆ¢Œ´,1003,,
19384-0900-16.zip,202202141041,’†‹–€ŒSº˜a’¬†—ˆ¢Œ´,1004,,
19384-0900-16.zip,202202141041,’†‹–€ŒSº˜a’¬†—ˆ¢Œ´,…-771,,
19384-0900-16.zip,202202141041,’†‹–€ŒSº˜a’¬†—ˆ¢Œ´,…-797,,
19384-0900-16.zip,202202141041,’†‹–€ŒSº˜a’¬†—ˆ¢Œ´,1005-1,,
19384-0900-16.zip,202202141041,’†‹–€ŒSº˜a’¬†—ˆ¢Œ´,1005-2,,
19384-0900-16.zip,202202141041,’†‹–€ŒSº˜a’¬†—ˆ¢Œ´,1006-1,,
19384-0900-16.zip,202202141041,’†‹–€ŒSº˜a’¬†—ˆ¢Œ´,1006-2,,
19384-0900-16.zip,202202141041,’†‹–€ŒSº˜a’¬†—ˆ¢Œ´,1007,,
19384-0900-16.zip,202202141041,’†‹–€ŒSº˜a’¬†—ˆ¢Œ´,1008,,
19384-0900-16.zip,202202141041,’†‹–€ŒSº˜a’¬†—ˆ¢Œ´,1387,,
19384-0900-16.zip,202202141041,’†‹–€ŒSº˜a’¬†—ˆ¢Œ´,1388,,
19384-0900-16.zip,202202141041,’†‹–€ŒSº˜a’¬†—ˆ¢Œ´,…-773,,
19384-0900-16.zip,202202141041,’†‹–€ŒSº˜a’¬†—ˆ¢Œ´,1009-1,,
19384-0900-16.zip,202202141041,’†‹–€ŒSº˜a’¬†—ˆ¢Œ´,1009-2,,
19384-0900-16.zip,202202141041,’†‹–€ŒSº˜a’¬†—ˆ¢Œ´,1010-1,,
19384-0900-16.zip,202202141041,’†‹–€ŒSº˜a’¬†—ˆ¢Œ´,1010-2,,
19384-0900-16.zip,202202141041,’†‹–€ŒSº˜a’¬†—ˆ¢Œ´,1379,,
19384-0900-16.zip,202202141041,’†‹–€ŒSº˜a’¬†—ˆ¢Œ´,1380-1,,
19384-0900-16.zip,202202141041,’†‹–€ŒSº˜a’¬†—ˆ¢Œ´,1380-2,,
19384-0900-16.zip,202202141041,’†‹–€ŒSº˜a’¬†—ˆ¢Œ´,1381,,
19384-0900-16.zip,202202141041,’†‹–€ŒSº˜a’¬†—ˆ¢Œ´,1382,,
19384-0900-16.zip,202202141041,’†‹–€ŒSº˜a’¬†—ˆ¢Œ´,1011-1,,
19384-0900-16.zip,202202141041,’†‹–€ŒSº˜a’¬†—ˆ¢Œ´,1011-2,,
19384-0900-16.zip,202202141041,’†‹–€ŒSº˜a’¬†—ˆ¢Œ´,1012,,
19384-0900-16.zip,202202141041,’†‹–€ŒSº˜a’¬†—ˆ¢Œ´,1013,,
19384-0900-16.zip,202202141041,’†‹–€ŒSº˜a’¬†—ˆ¢Œ´,1014-1,,
19384-0900-16.zip,202202141041,’†‹–€ŒSº˜a’¬†—ˆ¢Œ´,1014-2,,
19384-0900-16.zip,202202141041,’†‹–€ŒSº˜a’¬†—ˆ¢Œ´,1015,,
19384-0900-16.zip,202202141041,’†‹–€ŒSº˜a’¬†—ˆ¢Œ´,1383,,
19384-0900-16.zip,202202141041,’†‹–€ŒSº˜a’¬†—ˆ¢Œ´,1384,,
19384-0900-16.zip,202202141041,’†‹–€ŒSº˜a’¬†—ˆ¢Œ´,1385,,
19384-0900-16.zip,202202141041,’†‹–€ŒSº˜a’¬†—ˆ¢Œ´,1386,,
19384-0900-16.zip,202202141041,’†‹–€ŒSº˜a’¬†—ˆ¢Œ´,1016-1,,
19384-0900-16.zip,202202141041,’†‹–€ŒSº˜a’¬†—ˆ¢Œ´,1016-2,,
19384-0900-16.zip,202202141041,’†‹–€ŒSº˜a’¬†—ˆ¢Œ´,1017,,
19384-0900-16.zip,202202141041,’†‹–€ŒSº˜a’¬†—ˆ¢Œ´,1018,,
19384-0900-16.zip,202202141041,’†‹–€ŒSº˜a’¬†—ˆ¢Œ´,1019,,
19384-0900-16.zip,202202141041,’†‹–€ŒSº˜a’¬†—ˆ¢Œ´,1020,,
19384-0900-16.zip,202202141041,’†‹–€ŒSº˜a’¬†—ˆ¢Œ´,1021,,
19384-0900-16.zip,202202141041,’†‹–€ŒSº˜a’¬†—ˆ¢Œ´,1022,,
19384-0900-16.zip,202202141041,’†‹–€ŒSº˜a’¬†—ˆ¢Œ´,1023,,
19384-0900-16.zip,202202141041,’†‹–€ŒSº˜a’¬†—ˆ¢Œ´,1355,,
19384-0900-16.zip,202202141041,’†‹–€ŒSº˜a’¬†—ˆ¢Œ´,1356-1,,
19384-0900-16.zip,202202141041,’†‹–€ŒSº˜a’¬†—ˆ¢Œ´,1356-2,,
19384-0900-16.zip,202202141041,’†‹–€ŒSº˜a’¬†—ˆ¢Œ´,1357,,
19384-0900-16.zip,202202141041,’†‹–€ŒSº˜a’¬†—ˆ¢Œ´,1024,,
19384-0900-16.zip,202202141041,’†‹–€ŒSº˜a’¬†—ˆ¢Œ´,1025,,
19384-0900-16.zip,202202141041,’†‹–€ŒSº˜a’¬†—ˆ¢Œ´,1358,,
19384-0900-16.zip,202202141041,’†‹–€ŒSº˜a’¬†—ˆ¢Œ´,1359,,
19384-0900-16.zip,202202141041,’†‹–€ŒSº˜a’¬†—ˆ¢Œ´,1360,,
19384-0900-16.zip,202202141041,’†‹–€ŒSº˜a’¬†—ˆ¢Œ´,1161-1,,
19384-0900-16.zip,202202141041,’†‹–€ŒSº˜a’¬†—ˆ¢Œ´,1162-1,,
19384-0900-16.zip,202202141041,’†‹–€ŒSº˜a’¬†—ˆ¢Œ´,1163-1,,
19384-0900-16.zip,202202141041,’†‹–€ŒSº˜a’¬†—ˆ¢Œ´,1164-2,,
19384-0900-16.zip,202202141041,’†‹–€ŒSº˜a’¬†—ˆ¢Œ´,1166-2,,
19384-0900-16.zip,202202141041,’†‹–€ŒSº˜a’¬†—ˆ¢Œ´,1170-2,,
19384-0900-16.zip,202202141041,’†‹–€ŒSº˜a’¬†—ˆ¢Œ´,1170-3,,
19384-0900-16.zip,202202141041,’†‹–€ŒSº˜a’¬†—ˆ¢Œ´,1170-4,,
19384-0900-16.zip,202202141041,’†‹–€ŒSº˜a’¬†—ˆ¢Œ´,1170-5,,
19384-0900-16.zip,202202141041,’†‹–€ŒSº˜a’¬†—ˆ¢Œ´,1170-6,,
19384-0900-16.zip,202202141041,’†‹–€ŒSº˜a’¬†—ˆ¢Œ´,1171-2,,
19384-0900-16.zip,202202141041,’†‹–€ŒSº˜a’¬†—ˆ¢Œ´,1171-3,,
19384-0900-16.zip,202202141041,’†‹–€ŒSº˜a’¬†—ˆ¢Œ´,1172-1,,
19384-0900-16.zip,202202141041,’†‹–€ŒSº˜a’¬†—ˆ¢Œ´,1173-2,,
19384-0900-16.zip,202202141041,’†‹–€ŒSº˜a’¬†—ˆ¢Œ´,1173-3,,
19384-0900-16.zip,202202141041,’†‹–€ŒSº˜a’¬†—ˆ¢Œ´,1173-5,,
19384-0900-16.zip,202202141041,’†‹–€ŒSº˜a’¬†—ˆ¢Œ´,1175-1,,
19384-0900-16.zip,202202141041,’†‹–€ŒSº˜a’¬†—ˆ¢Œ´,1176,,
19384-0900-16.zip,202202141041,’†‹–€ŒSº˜a’¬†—ˆ¢Œ´,1178-2,,
19384-0900-16.zip,202202141041,’†‹–€ŒSº˜a’¬†—ˆ¢Œ´,1179,,
19384-0900-16.zip,202202141041,’†‹–€ŒSº˜a’¬†—ˆ¢Œ´,1180,,
19384-0900-16.zip,202202141041,’†‹–€ŒSº˜a’¬†—ˆ¢Œ´,1181-3,,
19384-0900-16.zip,202202141041,’†‹–€ŒSº˜a’¬†—ˆ¢Œ´,1181-4,,
19384-0900-16.zip,202202141041,’†‹–€ŒSº˜a’¬†—ˆ¢Œ´,1184-2,,
19384-0900-16.zip,202202141041,’†‹–€ŒSº˜a’¬†—ˆ¢Œ´,1185,,
19384-0900-16.zip,202202141041,’†‹–€ŒSº˜a’¬†—ˆ¢Œ´,1186,,
19384-0900-16.zip,202202141041,’†‹–€ŒSº˜a’¬†—ˆ¢Œ´,1187,,
19384-0900-16.zip,202202141041,’†‹–€ŒSº˜a’¬†—ˆ¢Œ´,1188,,
19384-0900-16.zip,202202141041,’†‹–€ŒSº˜a’¬†—ˆ¢Œ´,1189,,
19384-0900-16.zip,202202141041,’†‹–€ŒSº˜a’¬†—ˆ¢Œ´,1190-2,,
19384-0900-16.zip,202202141041,’†‹–€ŒSº˜a’¬†—ˆ¢Œ´,1193-1,,
19384-0900-16.zip,202202141041,’†‹–€ŒSº˜a’¬†—ˆ¢Œ´,1194-1,,
19384-0900-16.zip,202202141041,’†‹–€ŒSº˜a’¬†—ˆ¢Œ´,1195,,
19384-0900-16.zip,202202141041,’†‹–€ŒSº˜a’¬†—ˆ¢Œ´,1196-1,,
19384-0900-16.zip,202202141041,’†‹–€ŒSº˜a’¬†—ˆ¢Œ´,1197-1,,
19384-0900-16.zip,202202141041,’†‹–€ŒSº˜a’¬†—ˆ¢Œ´,1197-3,,
19384-0900-16.zip,202202141041,’†‹–€ŒSº˜a’¬†—ˆ¢Œ´,1199-2,,
19384-0900-16.zip,202202141041,’†‹–€ŒSº˜a’¬†—ˆ¢Œ´,1201-1,,
19384-0900-16.zip,202202141041,’†‹–€ŒSº˜a’¬†—ˆ¢Œ´,1367,,
19384-0900-16.zip,202202141041,’†‹–€ŒSº˜a’¬†—ˆ¢Œ´,1368,,
19384-0900-16.zip,202202141041,’†‹–€ŒSº˜a’¬†—ˆ¢Œ´,1369-1,,
19384-0900-16.zip,202202141041,’†‹–€ŒSº˜a’¬†—ˆ¢Œ´,1369-2,,
19384-0900-16.zip,202202141041,’†‹–€ŒSº˜a’¬†—ˆ¢Œ´,1370,,
19384-0900-16.zip,202202141041,’†‹–€ŒSº˜a’¬†—ˆ¢Œ´,1371,,
19384-0900-16.zip,202202141041,’†‹–€ŒSº˜a’¬†—ˆ¢Œ´,1372,,
19384-0900-16.zip,202202141041,’†‹–€ŒSº˜a’¬†—ˆ¢Œ´,“¹-586,,
19384-0900-16.zip,202202141041,’†‹–€ŒSº˜a’¬†—ˆ¢Œ´,“¹-608,,
19384-0900-16.zip,202202141041,’†‹–€ŒSº˜a’¬†—ˆ¢Œ´,“¹-618,,
19384-0900-16.zip,202202141041,’†‹–€ŒSº˜a’¬†—ˆ¢Œ´,…-780,,
19384-0900-16.zip,202202141041,’†‹–€ŒSº˜a’¬†—ˆ¢Œ´,…-789,,
19384-0900-16.zip,202202141041,’†‹–€ŒSº˜a’¬†—ˆ¢Œ´,…-801,,
19384-0900-16.zip,202202141041,’†‹–€ŒSº˜a’¬†—ˆ¢Œ´,…-815,,
19384-0900-16.zip,202202141041,’†‹–€ŒSº˜a’¬†—ˆ¢Œ´,…-821,,
19384-0900-16.zip,202202141041,’†‹–€ŒSº˜a’¬†—ˆ¢Œ´,1211-2,,
19384-0900-16.zip,202202141041,’†‹–€ŒSº˜a’¬†—ˆ¢Œ´,1211-3,,
19384-0900-16.zip,202202141041,’†‹–€ŒSº˜a’¬†—ˆ¢Œ´,1212,,
19384-0900-16.zip,202202141041,’†‹–€ŒSº˜a’¬†—ˆ¢Œ´,1213-1,,
19384-0900-16.zip,202202141041,’†‹–€ŒSº˜a’¬†—ˆ¢Œ´,1214,,
19384-0900-16.zip,202202141041,’†‹–€ŒSº˜a’¬†—ˆ¢Œ´,1215,,
19384-0900-16.zip,202202141041,’†‹–€ŒSº˜a’¬†—ˆ¢Œ´,1216,,
19384-0900-16.zip,202202141041,’†‹–€ŒSº˜a’¬†—ˆ¢Œ´,1217-1,,
19384-0900-16.zip,202202141041,’†‹–€ŒSº˜a’¬†—ˆ¢Œ´,1218-1,,
19384-0900-16.zip,202202141041,’†‹–€ŒSº˜a’¬†—ˆ¢Œ´,1218-2,,
19384-0900-16.zip,202202141041,’†‹–€ŒSº˜a’¬†—ˆ¢Œ´,1219,,
19384-0900-16.zip,202202141041,’†‹–€ŒSº˜a’¬†—ˆ¢Œ´,1220,,
19384-0900-16.zip,202202141041,’†‹–€ŒSº˜a’¬†—ˆ¢Œ´,1361,,
19384-0900-16.zip,202202141041,’†‹–€ŒSº˜a’¬†—ˆ¢Œ´,1362,,
19384-0900-16.zip,202202141041,’†‹–€ŒSº˜a’¬†—ˆ¢Œ´,1363,,
19384-0900-16.zip,202202141041,’†‹–€ŒSº˜a’¬†—ˆ¢Œ´,1364,,
19384-0900-16.zip,202202141041,’†‹–€ŒSº˜a’¬†—ˆ¢Œ´,1365,,
19384-0900-16.zip,202202141041,’†‹–€ŒSº˜a’¬†—ˆ¢Œ´,1366,,
19384-0900-16.zip,202202141041,’†‹–€ŒSº˜a’¬†—ˆ¢Œ´,1457-4,,
19384-0900-16.zip,202202141041,’†‹–€ŒSº˜a’¬†—ˆ¢Œ´,1458-2,,
19384-0900-16.zip,202202141041,’†‹–€ŒSº˜a’¬†—ˆ¢Œ´,1459-1,,
19384-0900-16.zip,202202141041,’†‹–€ŒSº˜a’¬†—ˆ¢Œ´,1460-1,,
19384-0900-16.zip,202202141041,’†‹–€ŒSº˜a’¬†—ˆ¢Œ´,“¹-599,,
19384-0900-16.zip,202202141041,’†‹–€ŒSº˜a’¬†—ˆ¢Œ´,“¹-734,,
19384-0900-16.zip,202202141041,’†‹–€ŒSº˜a’¬†—ˆ¢Œ´,…-782,,
19384-0900-16.zip,202202141041,’†‹–€ŒSº˜a’¬†—ˆ¢Œ´,…-783,,
19384-0900-16.zip,202202141041,’†‹–€ŒSº˜a’¬†—ˆ¢Œ´,1373,,
19384-0900-16.zip,202202141041,’†‹–€ŒSº˜a’¬†—ˆ¢Œ´,1374,,
19384-0900-16.zip,202202141041,’†‹–€ŒSº˜a’¬†—ˆ¢Œ´,1375,,
19384-0900-16.zip,202202141041,’†‹–€ŒSº˜a’¬†—ˆ¢Œ´,1490-2,,
19384-0900-16.zip,202202141041,’†‹–€ŒSº˜a’¬†—ˆ¢Œ´,1491-2,,
19384-0900-16.zip,202202141041,’†‹–€ŒSº˜a’¬†—ˆ¢Œ´,1492-1,,
19384-0900-16.zip,202202141041,’†‹–€ŒSº˜a’¬†—ˆ¢Œ´,1493-1,,
19384-0900-16.zip,202202141041,’†‹–€ŒSº˜a’¬†—ˆ¢Œ´,1494-1,,
19384-0900-16.zip,202202141041,’†‹–€ŒSº˜a’¬†—ˆ¢Œ´,1495-2,,
19384-0900-16.zip,202202141041,’†‹–€ŒSº˜a’¬†—ˆ¢Œ´,1507-2,,
19384-0900-16.zip,202202141041,’†‹–€ŒSº˜a’¬†—ˆ¢Œ´,1542-1,,
19384-0900-16.zip,202202141041,’†‹–€ŒSº˜a’¬†—ˆ¢Œ´,1542-3,,
19384-0900-16.zip,202202141041,’†‹–€ŒSº˜a’¬†—ˆ¢Œ´,“¹-6,,
19384-0900-16.zip,202202141041,’†‹–€ŒSº˜a’¬†—ˆ¢Œ´,“¹-593,,
19384-0900-16.zip,202202141041,’†‹–€ŒSº˜a’¬†—ˆ¢Œ´,“¹-636,,
19384-0900-16.zip,202202141041,’†‹–€ŒSº˜a’¬†—ˆ¢Œ´,…-779,,
19384-0900-16.zip,202202141041,’†‹–€ŒSº˜a’¬†—ˆ¢Œ´,…-794,,
19384-0900-16.zip,202202141041,’†‹–€ŒSº˜a’¬†—ˆ¢Œ´,1391,,
19384-0900-16.zip,202202141041,’†‹–€ŒSº˜a’¬†—ˆ¢Œ´,1392,,
19384-0900-16.zip,202202141041,’†‹–€ŒSº˜a’¬†—ˆ¢Œ´,1393-1,,
19384-0900-16.zip,202202141041,’†‹–€ŒSº˜a’¬†—ˆ¢Œ´,1393-2,,
19384-0900-16.zip,202202141041,’†‹–€ŒSº˜a’¬†—ˆ¢Œ´,1393-3,,
19384-0900-16.zip,202202141041,’†‹–€ŒSº˜a’¬†—ˆ¢Œ´,1393-4,,
19384-0900-16.zip,202202141041,’†‹–€ŒSº˜a’¬†—ˆ¢Œ´,1393-5,,
19384-0900-16.zip,202202141041,’†‹–€ŒSº˜a’¬†—ˆ¢Œ´,1351,,
19384-0900-16.zip,202202141041,’†‹–€ŒSº˜a’¬†—ˆ¢Œ´,1352,,
19384-0900-16.zip,202202141041,’†‹–€ŒSº˜a’¬†—ˆ¢Œ´,1353,,
19384-0900-16.zip,202202141041,’†‹–€ŒSº˜a’¬†—ˆ¢Œ´,1354,,
19384-0900-16.zip,202202141041,’†‹–€ŒSº˜a’¬†—ˆ¢Œ´,1407-2,,
19384-0900-16.zip,202202141041,’†‹–€ŒSº˜a’¬†—ˆ¢Œ´,1408-2,,
19384-0900-16.zip,202202141041,’†‹–€ŒSº˜a’¬†—ˆ¢Œ´,1409-2,,
19384-0900-16.zip,202202141041,’†‹–€ŒSº˜a’¬†—ˆ¢Œ´,1413-1,,
19384-0900-16.zip,202202141041,’†‹–€ŒSº˜a’¬†—ˆ¢Œ´,1413-2,,
19384-0900-16.zip,202202141041,’†‹–€ŒSº˜a’¬†—ˆ¢Œ´,1413-3,,
19384-0900-16.zip,202202141041,’†‹–€ŒSº˜a’¬†—ˆ¢Œ´,1414,,
19384-0900-16.zip,202202141041,’†‹–€ŒSº˜a’¬†—ˆ¢Œ´,1415,,
19384-0900-16.zip,202202141041,’†‹–€ŒSº˜a’¬†—ˆ¢Œ´,1416,,
19384-0900-16.zip,202202141041,’†‹–€ŒSº˜a’¬†—ˆ¢Œ´,1417,,
19384-0900-16.zip,202202141041,’†‹–€ŒSº˜a’¬†—ˆ¢Œ´,1418-1,,
19384-0900-16.zip,202202141041,’†‹–€ŒSº˜a’¬†—ˆ¢Œ´,1418-2,,
19384-0900-16.zip,202202141041,’†‹–€ŒSº˜a’¬†—ˆ¢Œ´,1419-1,,
19384-0900-16.zip,202202141041,’†‹–€ŒSº˜a’¬†—ˆ¢Œ´,1419-3,,
19384-0900-16.zip,202202141041,’†‹–€ŒSº˜a’¬†—ˆ¢Œ´,1419-5,,
19384-0900-16.zip,202202141041,’†‹–€ŒSº˜a’¬†—ˆ¢Œ´,1420-1,,
19384-0900-16.zip,202202141041,’†‹–€ŒSº˜a’¬†—ˆ¢Œ´,1421-1,,
19384-0900-16.zip,202202141041,’†‹–€ŒSº˜a’¬†—ˆ¢Œ´,1422,,
19384-0900-16.zip,202202141041,’†‹–€ŒSº˜a’¬†—ˆ¢Œ´,1423,,
19384-0900-16.zip,202202141041,’†‹–€ŒSº˜a’¬†—ˆ¢Œ´,1424-1,,
19384-0900-16.zip,202202141041,’†‹–€ŒSº˜a’¬†—ˆ¢Œ´,1425-1,,
19384-0900-16.zip,202202141041,’†‹–€ŒSº˜a’¬†—ˆ¢Œ´,1427-2,,
19384-0900-16.zip,202202141041,’†‹–€ŒSº˜a’¬†—ˆ¢Œ´,1428-2,,
19384-0900-16.zip,202202141041,’†‹–€ŒSº˜a’¬†—ˆ¢Œ´,1429-3,,
19384-0900-16.zip,202202141041,’†‹–€ŒSº˜a’¬†—ˆ¢Œ´,“¹-612,,
19384-0900-16.zip,202202141041,’†‹–€ŒSº˜a’¬†—ˆ¢Œ´,“¹-613,,
19384-0900-16.zip,202202141041,’†‹–€ŒSº˜a’¬†—ˆ¢Œ´,“¹-38201,,
19384-0900-16.zip,202202141041,’†‹–€ŒSº˜a’¬†—ˆ¢Œ´,…-795,,
19384-0900-16.zip,202202141041,’†‹–€ŒSº˜a’¬†—ˆ¢Œ´,…-10001,,
19384-0900-16.zip,202202141041,’†‹–€ŒSº˜a’¬†—ˆ¢Œ´,1619-2,,
19384-0900-16.zip,202202141041,’†‹–€ŒSº˜a’¬†—ˆ¢Œ´,1619-3,,
19384-0900-16.zip,202202141041,’†‹–€ŒSº˜a’¬†—ˆ¢Œ´,1619-4,,
19384-0900-16.zip,202202141041,’†‹–€ŒSº˜a’¬†—ˆ¢Œ´,1619-6,,
19384-0900-16.zip,202202141041,’†‹–€ŒSº˜a’¬†—ˆ¢Œ´,1619-7,,
19384-0900-16.zip,202202141041,’†‹–€ŒSº˜a’¬†—ˆ¢Œ´,1619-10,,
19384-0900-16.zip,202202141041,’†‹–€ŒSº˜a’¬†—ˆ¢Œ´,1619-11,,
19384-0900-16.zip,202202141041,’†‹–€ŒSº˜a’¬†—ˆ¢Œ´,1619-12,,
19384-0900-16.zip,202202141041,’†‹–€ŒSº˜a’¬†—ˆ¢Œ´,1619-13,,
19384-0900-16.zip,202202141041,’†‹–€ŒSº˜a’¬†—ˆ¢Œ´,1619-14,,
19384-0900-16.zip,202202141041,’†‹–€ŒSº˜a’¬†—ˆ¢Œ´,1621-5,,
19384-0900-16.zip,202202141041,’†‹–€ŒSº˜a’¬†—ˆ¢Œ´,1622-2,,
19384-0900-16.zip,202202141041,’†‹–€ŒSº˜a’¬†—ˆ¢Œ´,1623-1,,
19384-0900-16.zip,202202141041,’†‹–€ŒSº˜a’¬†—ˆ¢Œ´,1623-2,,
19384-0900-16.zip,202202141041,’†‹–€ŒSº˜a’¬†—ˆ¢Œ´,1623-3,,
19384-0900-16.zip,202202141041,’†‹–€ŒSº˜a’¬†—ˆ¢Œ´,1623-4,,
19384-0900-16.zip,202202141041,’†‹–€ŒSº˜a’¬†—ˆ¢Œ´,1623-7,,
19384-0900-16.zip,202202141041,’†‹–€ŒSº˜a’¬†—ˆ¢Œ´,1623-9,,
19384-0900-16.zip,202202141041,’†‹–€ŒSº˜a’¬†—ˆ¢Œ´,1623-10,,
19384-0900-16.zip,202202141041,’†‹–€ŒSº˜a’¬†—ˆ¢Œ´,1623-11,,
19384-0900-16.zip,202202141041,’†‹–€ŒSº˜a’¬†—ˆ¢Œ´,1623-12,,
19384-0900-16.zip,202202141041,’†‹–€ŒSº˜a’¬†—ˆ¢Œ´,1623-16,,
19384-0900-16.zip,202202141041,’†‹–€ŒSº˜a’¬†—ˆ¢Œ´,1623-17,,
19384-0900-16.zip,202202141041,’†‹–€ŒSº˜a’¬†—ˆ¢Œ´,1623-18,,
19384-0900-16.zip,202202141041,’†‹–€ŒSº˜a’¬†—ˆ¢Œ´,1623-19,,
19384-0900-16.zip,202202141041,’†‹–€ŒSº˜a’¬†—ˆ¢Œ´,1623-20,,
19384-0900-16.zip,202202141041,’†‹–€ŒSº˜a’¬†—ˆ¢Œ´,1623-21,,
19384-0900-16.zip,202202141041,’†‹–€ŒSº˜a’¬†—ˆ¢Œ´,1623-22,,
19384-0900-16.zip,202202141041,’†‹–€ŒSº˜a’¬†—ˆ¢Œ´,1623-23,,
19384-0900-16.zip,202202141041,’†‹–€ŒSº˜a’¬†—ˆ¢Œ´,1623-24,,
19384-0900-16.zip,202202141041,’†‹–€ŒSº˜a’¬†—ˆ¢Œ´,1623-25,,
19384-0900-16.zip,202202141041,’†‹–€ŒSº˜a’¬†—ˆ¢Œ´,1626-3,,
19384-0900-16.zip,202202141041,’†‹–€ŒSº˜a’¬†—ˆ¢Œ´,1627-1,,
19384-0900-16.zip,202202141041,’†‹–€ŒSº˜a’¬†—ˆ¢Œ´,1627-3,,
19384-0900-16.zip,202202141041,’†‹–€ŒSº˜a’¬†—ˆ¢Œ´,1643-2,,
19384-0900-16.zip,202202141041,’†‹–€ŒSº˜a’¬†—ˆ¢Œ´,1644-2,,
19384-0900-16.zip,202202141041,’†‹–€ŒSº˜a’¬†—ˆ¢Œ´,1650-1,,
19384-0900-16.zip,202202141041,’†‹–€ŒSº˜a’¬†—ˆ¢Œ´,1650-3,,
19384-0900-16.zip,202202141041,’†‹–€ŒSº˜a’¬†—ˆ¢Œ´,1650-4,,
19384-0900-16.zip,202202141041,’†‹–€ŒSº˜a’¬†—ˆ¢Œ´,1650-6,,
19384-0900-16.zip,202202141041,’†‹–€ŒSº˜a’¬†—ˆ¢Œ´,1650-7,,
19384-0900-16.zip,202202141041,’†‹–€ŒSº˜a’¬†—ˆ¢Œ´,1650-8,,
19384-0900-16.zip,202202141041,’†‹–€ŒSº˜a’¬†—ˆ¢Œ´,1650-9,,
19384-0900-16.zip,202202141041,’†‹–€ŒSº˜a’¬†—ˆ¢Œ´,1650-10,,
19384-0900-16.zip,202202141041,’†‹–€ŒSº˜a’¬†—ˆ¢Œ´,1651-3,,
19384-0900-16.zip,202202141041,’†‹–€ŒSº˜a’¬†—ˆ¢Œ´,“¹-611,,
19384-0900-16.zip,202202141041,’†‹–€ŒSº˜a’¬†—ˆ¢Œ´,“¹-615,,
19384-0900-16.zip,202202141041,’†‹–€ŒSº˜a’¬†—ˆ¢Œ´,“¹-627,,
19384-0900-16.zip,202202141041,’†‹–€ŒSº˜a’¬†—ˆ¢Œ´,“¹-735,,
19384-0900-16.zip,202202141041,’†‹–€ŒSº˜a’¬†—ˆ¢Œ´,…-774,,
19384-0900-16.zip,202202141041,’†‹–€ŒSº˜a’¬†—ˆ¢Œ´,…-791,,
19384-0900-16.zip,202202141041,’†‹–€ŒSº˜a’¬†—ˆ¢Œ´,…-802,,
19384-0900-16.zip,202202141041,’†‹–€ŒSº˜a’¬†—ˆ¢Œ´,…-816,,
19384-0900-16.zip,202202141041,’†‹–€ŒSº˜a’¬†—ˆ¢Œ´,1665,,
19384-0900-16.zip,202202141041,’†‹–€ŒSº˜a’¬†—ˆ¢Œ´,1668-1,,
19384-0900-16.zip,202202141041,’†‹–€ŒSº˜a’¬†—ˆ¢Œ´,1669-1,,
19384-0900-16.zip,202202141041,’†‹–€ŒSº˜a’¬†—ˆ¢Œ´,1669-2,,
19384-0900-16.zip,202202141041,’†‹–€ŒSº˜a’¬†—ˆ¢Œ´,1669-3,,
19384-0900-16.zip,202202141041,’†‹–€ŒSº˜a’¬†—ˆ¢Œ´,1670-1,,
19384-0900-16.zip,202202141041,’†‹–€ŒSº˜a’¬†—ˆ¢Œ´,1671,,
19384-0900-16.zip,202202141041,’†‹–€ŒSº˜a’¬†—ˆ¢Œ´,1672-2,,
19384-0900-16.zip,202202141041,’†‹–€ŒSº˜a’¬†—ˆ¢Œ´,1674-1,,
19384-0900-16.zip,202202141041,’†‹–€ŒSº˜a’¬†—ˆ¢Œ´,1674-3,,
19384-0900-16.zip,202202141041,’†‹–€ŒSº˜a’¬†—ˆ¢Œ´,1675-1,,
19384-0900-16.zip,202202141041,’†‹–€ŒSº˜a’¬†—ˆ¢Œ´,1675-2,,
19384-0900-16.zip,202202141041,’†‹–€ŒSº˜a’¬†—ˆ¢Œ´,1676-1,,
19384-0900-16.zip,202202141041,’†‹–€ŒSº˜a’¬†—ˆ¢Œ´,1676-2,,
19384-0900-16.zip,202202141041,’†‹–€ŒSº˜a’¬†—ˆ¢Œ´,1677,,
19384-0900-16.zip,202202141041,’†‹–€ŒSº˜a’¬†—ˆ¢Œ´,1678,,
19384-0900-16.zip,202202141041,’†‹–€ŒSº˜a’¬†—ˆ¢Œ´,1679,,
19384-0900-16.zip,202202141041,’†‹–€ŒSº˜a’¬†—ˆ¢Œ´,1680,,
19384-0900-16.zip,202202141041,’†‹–€ŒSº˜a’¬†—ˆ¢Œ´,1682-1,,
19384-0900-16.zip,202202141041,’†‹–€ŒSº˜a’¬†—ˆ¢Œ´,1682-3,,
19384-0900-16.zip,202202141041,’†‹–€ŒSº˜a’¬†—ˆ¢Œ´,1682-4,,
19384-0900-16.zip,202202141041,’†‹–€ŒSº˜a’¬†—ˆ¢Œ´,1682-6,,
19384-0900-16.zip,202202141041,’†‹–€ŒSº˜a’¬†—ˆ¢Œ´,1682-7,,
19384-0900-16.zip,202202141041,’†‹–€ŒSº˜a’¬†—ˆ¢Œ´,1683-1,,
19384-0900-16.zip,202202141041,’†‹–€ŒSº˜a’¬†—ˆ¢Œ´,1684-1,,
19384-0900-16.zip,202202141041,’†‹–€ŒSº˜a’¬†—ˆ¢Œ´,1688-1,,
19384-0900-16.zip,202202141041,’†‹–€ŒSº˜a’¬†—ˆ¢Œ´,1688-3,,
19384-0900-16.zip,202202141041,’†‹–€ŒSº˜a’¬†—ˆ¢Œ´,1688-4,,
19384-0900-16.zip,202202141041,’†‹–€ŒSº˜a’¬†—ˆ¢Œ´,1689,,
19384-0900-16.zip,202202141041,’†‹–€ŒSº˜a’¬†—ˆ¢Œ´,1690-1,,
19384-0900-16.zip,202202141041,’†‹–€ŒSº˜a’¬†—ˆ¢Œ´,1690-4,,
19384-0900-16.zip,202202141041,’†‹–€ŒSº˜a’¬†—ˆ¢Œ´,1690-5,,
19384-0900-16.zip,202202141041,’†‹–€ŒSº˜a’¬†—ˆ¢Œ´,1692-6,,
19384-0900-16.zip,202202141041,’†‹–€ŒSº˜a’¬†—ˆ¢Œ´,1692-7,,
19384-0900-16.zip,202202141041,’†‹–€ŒSº˜a’¬†—ˆ¢Œ´,1693-1,,
19384-0900-16.zip,202202141041,’†‹–€ŒSº˜a’¬†—ˆ¢Œ´,1693-3,,
19384-0900-16.zip,202202141041,’†‹–€ŒSº˜a’¬†—ˆ¢Œ´,1701,,
19384-0900-16.zip,202202141041,’†‹–€ŒSº˜a’¬†—ˆ¢Œ´,1704,,
19384-0900-16.zip,202202141041,’†‹–€ŒSº˜a’¬†—ˆ¢Œ´,1705-1,,
19384-0900-16.zip,202202141041,’†‹–€ŒSº˜a’¬†—ˆ¢Œ´,1705-2,,
19384-0900-16.zip,202202141041,’†‹–€ŒSº˜a’¬†—ˆ¢Œ´,1706,,
19384-0900-16.zip,202202141041,’†‹–€ŒSº˜a’¬†—ˆ¢Œ´,1707,,
19384-0900-16.zip,202202141041,’†‹–€ŒSº˜a’¬†—ˆ¢Œ´,1709,,
19384-0900-16.zip,202202141041,’†‹–€ŒSº˜a’¬†—ˆ¢Œ´,1711-1,,
19384-0900-16.zip,202202141041,’†‹–€ŒSº˜a’¬†—ˆ¢Œ´,1712,,
19384-0900-16.zip,202202141041,’†‹–€ŒSº˜a’¬†—ˆ¢Œ´,1713-1,,
19384-0900-16.zip,202202141041,’†‹–€ŒSº˜a’¬†—ˆ¢Œ´,1713-2,,
19384-0900-16.zip,202202141041,’†‹–€ŒSº˜a’¬†—ˆ¢Œ´,1713-3,,
19384-0900-16.zip,202202141041,’†‹–€ŒSº˜a’¬†—ˆ¢Œ´,1716-1,,
19384-0900-16.zip,202202141041,’†‹–€ŒSº˜a’¬†—ˆ¢Œ´,1716-2,,
19384-0900-16.zip,202202141041,’†‹–€ŒSº˜a’¬†—ˆ¢Œ´,1719-1,,
19384-0900-16.zip,202202141041,’†‹–€ŒSº˜a’¬†—ˆ¢Œ´,1722,,
19384-0900-16.zip,202202141041,’†‹–€ŒSº˜a’¬†—ˆ¢Œ´,1723-1,,
19384-0900-16.zip,202202141041,’†‹–€ŒSº˜a’¬†—ˆ¢Œ´,1723-2,,
19384-0900-16.zip,202202141041,’†‹–€ŒSº˜a’¬†—ˆ¢Œ´,1723-3,,
19384-0900-16.zip,202202141041,’†‹–€ŒSº˜a’¬†—ˆ¢Œ´,1723-4,,
19384-0900-16.zip,202202141041,’†‹–€ŒSº˜a’¬†—ˆ¢Œ´,1725-2,,
19384-0900-16.zip,202202141041,’†‹–€ŒSº˜a’¬†—ˆ¢Œ´,1725-3,,
19384-0900-16.zip,202202141041,’†‹–€ŒSº˜a’¬†—ˆ¢Œ´,1726-2,,
19384-0900-16.zip,202202141041,’†‹–€ŒSº˜a’¬†—ˆ¢Œ´,1726-3,,
19384-0900-16.zip,202202141041,’†‹–€ŒSº˜a’¬†—ˆ¢Œ´,1730,,
19384-0900-16.zip,202202141041,’†‹–€ŒSº˜a’¬†—ˆ¢Œ´,1732-1,,
19384-0900-16.zip,202202141041,’†‹–€ŒSº˜a’¬†—ˆ¢Œ´,1732-2,,
19384-0900-16.zip,202202141041,’†‹–€ŒSº˜a’¬†—ˆ¢Œ´,1732-3,,
19384-0900-16.zip,202202141041,’†‹–€ŒSº˜a’¬†—ˆ¢Œ´,“¹-607,,
19384-0900-16.zip,202202141041,’†‹–€ŒSº˜a’¬†—ˆ¢Œ´,“¹-619,,
19384-0900-16.zip,202202141041,’†‹–€ŒSº˜a’¬†—ˆ¢Œ´,…-803,,
19384-0900-16.zip,202202141041,’†‹–€ŒSº˜a’¬†—ˆ¢Œ´,…-814,,
19384-0900-16.zip,202202141041,’†‹–€ŒSº˜a’¬†—ˆ¢Œ´,…-827,,
19384-0900-16.zip,202202141041,’†‹–€ŒSº˜a’¬†—ˆ¢Œ´,1733,,
19384-0900-16.zip,202202141041,’†‹–€ŒSº˜a’¬†—ˆ¢Œ´,1736-1,,
19384-0900-16.zip,202202141041,’†‹–€ŒSº˜a’¬†—ˆ¢Œ´,1739,,
19384-0900-16.zip,202202141041,’†‹–€ŒSº˜a’¬†—ˆ¢Œ´,1741,,
19384-0900-16.zip,202202141041,’†‹–€ŒSº˜a’¬†—ˆ¢Œ´,1743-1,,
19384-0900-16.zip,202202141041,’†‹–€ŒSº˜a’¬†—ˆ¢Œ´,1743-2,,
19384-0900-16.zip,202202141041,’†‹–€ŒSº˜a’¬†—ˆ¢Œ´,1744-1,,
19384-0900-16.zip,202202141041,’†‹–€ŒSº˜a’¬†—ˆ¢Œ´,1744-2,,
19384-0900-16.zip,202202141041,’†‹–€ŒSº˜a’¬†—ˆ¢Œ´,1744-3,,
19384-0900-16.zip,202202141041,’†‹–€ŒSº˜a’¬†—ˆ¢Œ´,1746,,
19384-0900-16.zip,202202141041,’†‹–€ŒSº˜a’¬†—ˆ¢Œ´,1749-1,,
19384-0900-16.zip,202202141041,’†‹–€ŒSº˜a’¬†—ˆ¢Œ´,1750-1,,
19384-0900-16.zip,202202141041,’†‹–€ŒSº˜a’¬†—ˆ¢Œ´,1751,,
19384-0900-16.zip,202202141041,’†‹–€ŒSº˜a’¬†—ˆ¢Œ´,1752-1,,
19384-0900-16.zip,202202141041,’†‹–€ŒSº˜a’¬†—ˆ¢Œ´,1755-1,,
19384-0900-16.zip,202202141041,’†‹–€ŒSº˜a’¬†—ˆ¢Œ´,1755-3,,
19384-0900-16.zip,202202141041,’†‹–€ŒSº˜a’¬†—ˆ¢Œ´,1756,,
19384-0900-16.zip,202202141041,’†‹–€ŒSº˜a’¬†—ˆ¢Œ´,1759,,
19384-0900-16.zip,202202141041,’†‹–€ŒSº˜a’¬†—ˆ¢Œ´,1760-1,,
19384-0900-16.zip,202202141041,’†‹–€ŒSº˜a’¬†—ˆ¢Œ´,1760-2,,
19384-0900-16.zip,202202141041,’†‹–€ŒSº˜a’¬†—ˆ¢Œ´,1763,,
19384-0900-16.zip,202202141041,’†‹–€ŒSº˜a’¬†—ˆ¢Œ´,1764,,
19384-0900-16.zip,202202141041,’†‹–€ŒSº˜a’¬†—ˆ¢Œ´,1766,,
19384-0900-16.zip,202202141041,’†‹–€ŒSº˜a’¬†—ˆ¢Œ´,1767-1,,
19384-0900-16.zip,202202141041,’†‹–€ŒSº˜a’¬†—ˆ¢Œ´,1768,,
19384-0900-16.zip,202202141041,’†‹–€ŒSº˜a’¬†—ˆ¢Œ´,1769-1,,
19384-0900-16.zip,202202141041,’†‹–€ŒSº˜a’¬†—ˆ¢Œ´,1771,,
19384-0900-16.zip,202202141041,’†‹–€ŒSº˜a’¬†—ˆ¢Œ´,1773-1,,
19384-0900-16.zip,202202141041,’†‹–€ŒSº˜a’¬†—ˆ¢Œ´,1773-3,,
19384-0900-16.zip,202202141041,’†‹–€ŒSº˜a’¬†—ˆ¢Œ´,1774-1,,
19384-0900-16.zip,202202141041,’†‹–€ŒSº˜a’¬†—ˆ¢Œ´,1775-1,,
19384-0900-16.zip,202202141041,’†‹–€ŒSº˜a’¬†—ˆ¢Œ´,1777-1,,
19384-0900-16.zip,202202141041,’†‹–€ŒSº˜a’¬†—ˆ¢Œ´,1777-2,,
19384-0900-16.zip,202202141041,’†‹–€ŒSº˜a’¬†—ˆ¢Œ´,1778,,
19384-0900-16.zip,202202141041,’†‹–€ŒSº˜a’¬†—ˆ¢Œ´,1779-2,,
19384-0900-16.zip,202202141041,’†‹–€ŒSº˜a’¬†—ˆ¢Œ´,1779-6,,
19384-0900-16.zip,202202141041,’†‹–€ŒSº˜a’¬†—ˆ¢Œ´,1779-8,,
19384-0900-16.zip,202202141041,’†‹–€ŒSº˜a’¬†—ˆ¢Œ´,1780-3,,
19384-0900-16.zip,202202141041,’†‹–€ŒSº˜a’¬†—ˆ¢Œ´,1782-1,,
19384-0900-16.zip,202202141041,’†‹–€ŒSº˜a’¬†—ˆ¢Œ´,1782-2,,
19384-0900-16.zip,202202141041,’†‹–€ŒSº˜a’¬†—ˆ¢Œ´,1783-1,,
19384-0900-16.zip,202202141041,’†‹–€ŒSº˜a’¬†—ˆ¢Œ´,1783-2,,
19384-0900-16.zip,202202141041,’†‹–€ŒSº˜a’¬†—ˆ¢Œ´,1784,,
19384-0900-16.zip,202202141041,’†‹–€ŒSº˜a’¬†—ˆ¢Œ´,1785-1,,
19384-0900-16.zip,202202141041,’†‹–€ŒSº˜a’¬†—ˆ¢Œ´,1785-2,,
19384-0900-16.zip,202202141041,’†‹–€ŒSº˜a’¬†—ˆ¢Œ´,1785-3,,
19384-0900-16.zip,202202141041,’†‹–€ŒSº˜a’¬†—ˆ¢Œ´,1788-1,,
19384-0900-16.zip,202202141041,’†‹–€ŒSº˜a’¬†—ˆ¢Œ´,1788-2,,
19384-0900-16.zip,202202141041,’†‹–€ŒSº˜a’¬†—ˆ¢Œ´,1788-3,,
19384-0900-16.zip,202202141041,’†‹–€ŒSº˜a’¬†—ˆ¢Œ´,1788-4,,
19384-0900-16.zip,202202141041,’†‹–€ŒSº˜a’¬†—ˆ¢Œ´,1788-5,,
19384-0900-16.zip,202202141041,’†‹–€ŒSº˜a’¬†—ˆ¢Œ´,1788-6,,
19384-0900-16.zip,202202141041,’†‹–€ŒSº˜a’¬†—ˆ¢Œ´,1788-7,,
19384-0900-16.zip,202202141041,’†‹–€ŒSº˜a’¬†—ˆ¢Œ´,1789-3,,
19384-0900-16.zip,202202141041,’†‹–€ŒSº˜a’¬†—ˆ¢Œ´,–³’n”Ô-216,,
19384-0900-16.zip,202202141041,’†‹–€ŒSº˜a’¬†—ˆ¢Œ´,“¹-591,,
19384-0900-16.zip,202202141041,’†‹–€ŒSº˜a’¬†—ˆ¢Œ´,“¹-610,,
19384-0900-16.zip,202202141041,’†‹–€ŒSº˜a’¬†—ˆ¢Œ´,“¹-616,,
19384-0900-16.zip,202202141041,’†‹–€ŒSº˜a’¬†—ˆ¢Œ´,“¹-630,,
19384-0900-16.zip,202202141041,’†‹–€ŒSº˜a’¬†—ˆ¢Œ´,…-4,,
19384-0900-16.zip,202202141041,’†‹–€ŒSº˜a’¬†—ˆ¢Œ´,…-775,,
19384-0900-16.zip,202202141041,’†‹–€ŒSº˜a’¬†—ˆ¢Œ´,…-807,,
19384-0900-16.zip,202202141041,’†‹–€ŒSº˜a’¬†—ˆ¢Œ´,…-819,,
19384-0900-16.zip,202202141041,’†‹–€ŒSº˜a’¬†—ˆ¢Œ´,…-833,,
19384-0900-16.zip,202202141041,’†‹–€ŒSº˜a’¬†—ˆ¢Œ´,’·‹·•¨•s–¾-18,,
19384-0900-16.zip,202202141041,’†‹–€ŒSº˜a’¬†—ˆ¢Œ´,’·‹·•¨•s–¾-19,,
19384-0900-16.zip,202202141041,’†‹–€ŒSº˜a’¬†—ˆ¢Œ´,1805-2,,
19384-0900-16.zip,202202141041,’†‹–€ŒSº˜a’¬†—ˆ¢Œ´,1812-1,,
19384-0900-16.zip,202202141041,’†‹–€ŒSº˜a’¬†—ˆ¢Œ´,1812-2,,
19384-0900-16.zip,202202141041,’†‹–€ŒSº˜a’¬†—ˆ¢Œ´,1812-3,,
19384-0900-16.zip,202202141041,’†‹–€ŒSº˜a’¬†—ˆ¢Œ´,1812-4,,
19384-0900-16.zip,202202141041,’†‹–€ŒSº˜a’¬†—ˆ¢Œ´,1813-1,,
19384-0900-16.zip,202202141041,’†‹–€ŒSº˜a’¬†—ˆ¢Œ´,1813-2,,
19384-0900-16.zip,202202141041,’†‹–€ŒSº˜a’¬†—ˆ¢Œ´,1868,,
19384-0900-16.zip,202202141041,’†‹–€ŒSº˜a’¬†—ˆ¢Œ´,1869-1,,
19384-0900-16.zip,202202141041,’†‹–€ŒSº˜a’¬†—ˆ¢Œ´,1869-2,,
19384-0900-16.zip,202202141041,’†‹–€ŒSº˜a’¬†—ˆ¢Œ´,1881-1,,
19384-0900-16.zip,202202141041,’†‹–€ŒSº˜a’¬†—ˆ¢Œ´,1881-2,,
19384-0900-16.zip,202202141041,’†‹–€ŒSº˜a’¬†—ˆ¢Œ´,1882-1,,
19384-0900-16.zip,202202141041,’†‹–€ŒSº˜a’¬†—ˆ¢Œ´,1882-3,,
19384-0900-16.zip,202202141041,’†‹–€ŒSº˜a’¬†—ˆ¢Œ´,1883,,
19384-0900-16.zip,202202141041,’†‹–€ŒSº˜a’¬†—ˆ¢Œ´,–³’n”Ô-209,,
19384-0900-16.zip,202202141041,’†‹–€ŒSº˜a’¬†—ˆ¢Œ´,“¹-594,,
19384-0900-16.zip,202202141041,’†‹–€ŒSº˜a’¬†—ˆ¢Œ´,“¹-614,,
19384-0900-16.zip,202202141041,’†‹–€ŒSº˜a’¬†—ˆ¢Œ´,…-778,,
19384-0900-16.zip,202202141041,’†‹–€ŒSº˜a’¬†—ˆ¢Œ´,…-818,,
19384-0900-16.zip,202202141041,’†‹–€ŒSº˜a’¬†—ˆ¢Œ´,…-826,,
19384-0900-16.zip,202202141041,’†‹–€ŒSº˜a’¬†—ˆ¢Œ´,1884-1,,
19384-0900-16.zip,202202141041,’†‹–€ŒSº˜a’¬†—ˆ¢Œ´,1886,,
19384-0900-16.zip,202202141041,’†‹–€ŒSº˜a’¬†—ˆ¢Œ´,1887,,
19384-0900-16.zip,202202141041,’†‹–€ŒSº˜a’¬†—ˆ¢Œ´,1888,,
19384-0900-16.zip,202202141041,’†‹–€ŒSº˜a’¬†—ˆ¢Œ´,1890,,
19384-0900-16.zip,202202141041,’†‹–€ŒSº˜a’¬†—ˆ¢Œ´,1891-1,,
19384-0900-16.zip,202202141041,’†‹–€ŒSº˜a’¬†—ˆ¢Œ´,1891-2,,
19384-0900-16.zip,202202141041,’†‹–€ŒSº˜a’¬†—ˆ¢Œ´,1891-3,,
19384-0900-16.zip,202202141041,’†‹–€ŒSº˜a’¬†—ˆ¢Œ´,1891-4,,
19384-0900-16.zip,202202141041,’†‹–€ŒSº˜a’¬†—ˆ¢Œ´,1891-5,,
19384-0900-16.zip,202202141041,’†‹–€ŒSº˜a’¬†—ˆ¢Œ´,1891-6,,
19384-0900-16.zip,202202141041,’†‹–€ŒSº˜a’¬†—ˆ¢Œ´,1895,,
19384-0900-16.zip,202202141041,’†‹–€ŒSº˜a’¬†—ˆ¢Œ´,1898,,
19384-0900-16.zip,202202141041,’†‹–€ŒSº˜a’¬†—ˆ¢Œ´,1902-1,,
19384-0900-16.zip,202202141041,’†‹–€ŒSº˜a’¬†—ˆ¢Œ´,1904,,
19384-0900-16.zip,202202141041,’†‹–€ŒSº˜a’¬†—ˆ¢Œ´,1905,,
19384-0900-16.zip,202202141041,’†‹–€ŒSº˜a’¬†—ˆ¢Œ´,1906-1,,
19384-0900-16.zip,202202141041,’†‹–€ŒSº˜a’¬†—ˆ¢Œ´,1908-1,,
19384-0900-16.zip,202202141041,’†‹–€ŒSº˜a’¬†—ˆ¢Œ´,1908-2,,
19384-0900-16.zip,202202141041,’†‹–€ŒSº˜a’¬†—ˆ¢Œ´,1908-3,,
19384-0900-16.zip,202202141041,’†‹–€ŒSº˜a’¬†—ˆ¢Œ´,1909-1,,
19384-0900-16.zip,202202141041,’†‹–€ŒSº˜a’¬†—ˆ¢Œ´,1910,,
19384-0900-16.zip,202202141041,’†‹–€ŒSº˜a’¬†—ˆ¢Œ´,1912-1,,
19384-0900-16.zip,202202141041,’†‹–€ŒSº˜a’¬†—ˆ¢Œ´,1913,,
19384-0900-16.zip,202202141041,’†‹–€ŒSº˜a’¬†—ˆ¢Œ´,1915,,
19384-0900-16.zip,202202141041,’†‹–€ŒSº˜a’¬†—ˆ¢Œ´,1917,,
19384-0900-16.zip,202202141041,’†‹–€ŒSº˜a’¬†—ˆ¢Œ´,1918-1,,
19384-0900-16.zip,202202141041,’†‹–€ŒSº˜a’¬†—ˆ¢Œ´,1918-3,,
19384-0900-16.zip,202202141041,’†‹–€ŒSº˜a’¬†—ˆ¢Œ´,1919-1,,
19384-0900-16.zip,202202141041,’†‹–€ŒSº˜a’¬†—ˆ¢Œ´,1919-3,,
19384-0900-16.zip,202202141041,’†‹–€ŒSº˜a’¬†—ˆ¢Œ´,1919-4,,
19384-0900-16.zip,202202141041,’†‹–€ŒSº˜a’¬†—ˆ¢Œ´,1919-6,,
19384-0900-16.zip,202202141041,’†‹–€ŒSº˜a’¬†—ˆ¢Œ´,1919-7,,
19384-0900-16.zip,202202141041,’†‹–€ŒSº˜a’¬†—ˆ¢Œ´,1920-1,,
19384-0900-16.zip,202202141041,’†‹–€ŒSº˜a’¬†—ˆ¢Œ´,1920-4,,
19384-0900-16.zip,202202141041,’†‹–€ŒSº˜a’¬†—ˆ¢Œ´,1920-5,,
19384-0900-16.zip,202202141041,’†‹–€ŒSº˜a’¬†—ˆ¢Œ´,1921-4,,
19384-0900-16.zip,202202141041,’†‹–€ŒSº˜a’¬†—ˆ¢Œ´,1921-6,,
19384-0900-16.zip,202202141041,’†‹–€ŒSº˜a’¬†—ˆ¢Œ´,1926-4,,
19384-0900-16.zip,202202141041,’†‹–€ŒSº˜a’¬†—ˆ¢Œ´,1932-1,,
19384-0900-16.zip,202202141041,’†‹–€ŒSº˜a’¬†—ˆ¢Œ´,1932-2,,
19384-0900-16.zip,202202141041,’†‹–€ŒSº˜a’¬†—ˆ¢Œ´,1932-3,,
19384-0900-16.zip,202202141041,’†‹–€ŒSº˜a’¬†—ˆ¢Œ´,1932-4,,
19384-0900-16.zip,202202141041,’†‹–€ŒSº˜a’¬†—ˆ¢Œ´,1932-6,,
19384-0900-16.zip,202202141041,’†‹–€ŒSº˜a’¬†—ˆ¢Œ´,1932-7,,
19384-0900-16.zip,202202141041,’†‹–€ŒSº˜a’¬†—ˆ¢Œ´,1932-8,,
19384-0900-16.zip,202202141041,’†‹–€ŒSº˜a’¬†—ˆ¢Œ´,1933-1,,
19384-0900-16.zip,202202141041,’†‹–€ŒSº˜a’¬†—ˆ¢Œ´,1933-2,,
19384-0900-16.zip,202202141041,’†‹–€ŒSº˜a’¬†—ˆ¢Œ´,1934-1,,
19384-0900-16.zip,202202141041,’†‹–€ŒSº˜a’¬†—ˆ¢Œ´,1934-3,,
19384-0900-16.zip,202202141041,’†‹–€ŒSº˜a’¬†—ˆ¢Œ´,1935-1,,
19384-0900-16.zip,202202141041,’†‹–€ŒSº˜a’¬†—ˆ¢Œ´,1936,,
19384-0900-16.zip,202202141041,’†‹–€ŒSº˜a’¬†—ˆ¢Œ´,1937-1,,
19384-0900-16.zip,202202141041,’†‹–€ŒSº˜a’¬†—ˆ¢Œ´,1937-3,,
19384-0900-16.zip,202202141041,’†‹–€ŒSº˜a’¬†—ˆ¢Œ´,1937-4,,
19384-0900-16.zip,202202141041,’†‹–€ŒSº˜a’¬†—ˆ¢Œ´,1938-1,,
19384-0900-16.zip,202202141041,’†‹–€ŒSº˜a’¬†—ˆ¢Œ´,1938-2,,
19384-0900-16.zip,202202141041,’†‹–€ŒSº˜a’¬†—ˆ¢Œ´,1938-3,,
19384-0900-16.zip,202202141041,’†‹–€ŒSº˜a’¬†—ˆ¢Œ´,1938-4,,
19384-0900-16.zip,202202141041,’†‹–€ŒSº˜a’¬†—ˆ¢Œ´,1939-1,,
19384-0900-16.zip,202202141041,’†‹–€ŒSº˜a’¬†—ˆ¢Œ´,1939-2,,
19384-0900-16.zip,202202141041,’†‹–€ŒSº˜a’¬†—ˆ¢Œ´,1939-4,,
19384-0900-16.zip,202202141041,’†‹–€ŒSº˜a’¬†—ˆ¢Œ´,1940-1,,
19384-0900-16.zip,202202141041,’†‹–€ŒSº˜a’¬†—ˆ¢Œ´,1942,,
19384-0900-16.zip,202202141041,’†‹–€ŒSº˜a’¬†—ˆ¢Œ´,1943,,
19384-0900-16.zip,202202141041,’†‹–€ŒSº˜a’¬†—ˆ¢Œ´,1947,,
19384-0900-16.zip,202202141041,’†‹–€ŒSº˜a’¬†—ˆ¢Œ´,1954-1,,
19384-0900-16.zip,202202141041,’†‹–€ŒSº˜a’¬†—ˆ¢Œ´,1954-2,,
19384-0900-16.zip,202202141041,’†‹–€ŒSº˜a’¬†—ˆ¢Œ´,1954-3,,
19384-0900-16.zip,202202141041,’†‹–€ŒSº˜a’¬†—ˆ¢Œ´,“¹-622,,
19384-0900-16.zip,202202141041,’†‹–€ŒSº˜a’¬†—ˆ¢Œ´,“¹-631,,
19384-0900-16.zip,202202141041,’†‹–€ŒSº˜a’¬†—ˆ¢Œ´,“¹-634,,
19384-0900-16.zip,202202141041,’†‹–€ŒSº˜a’¬†—ˆ¢Œ´,…-5,,
19384-0900-16.zip,202202141041,’†‹–€ŒSº˜a’¬†—ˆ¢Œ´,…-8,,
19384-0900-16.zip,202202141041,’†‹–€ŒSº˜a’¬†—ˆ¢Œ´,…-10,,
19384-0900-16.zip,202202141041,’†‹–€ŒSº˜a’¬†—ˆ¢Œ´,…-30,,
19384-0900-16.zip,202202141041,’†‹–€ŒSº˜a’¬†—ˆ¢Œ´,…-32,,
19384-0900-16.zip,202202141041,’†‹–€ŒSº˜a’¬†—ˆ¢Œ´,…-781,,
19384-0900-16.zip,202202141041,’†‹–€ŒSº˜a’¬†—ˆ¢Œ´,…-800,,
19384-0900-16.zip,202202141041,’†‹–€ŒSº˜a’¬†—ˆ¢Œ´,…-812,,
19384-0900-16.zip,202202141041,’†‹–€ŒSº˜a’¬†—ˆ¢Œ´,…-832,,
19384-0900-16.zip,202202141041,’†‹–€ŒSº˜a’¬†—ˆ¢Œ´,…-840,,
19384-0900-16.zip,202202141041,’†‹–€ŒSº˜a’¬†—ˆ¢Œ´,…-846,,
19384-0900-16.zip,202202141041,’†‹–€ŒSº˜a’¬†—ˆ¢Œ´,…-851,,
19384-0900-16.zip,202202141041,’†‹–€ŒSº˜a’¬†—ˆ¢Œ´,’·‹·•¨•s–¾-17,,
19384-0900-16.zip,202202141041,’†‹–€ŒSº˜a’¬†—ˆ¢Œ´,’·‹·•¨•s–¾-285,,
19384-0900-16.zip,202202141041,’†‹–€ŒSº˜a’¬†—ˆ¢Œ´,’·‹·•¨•s–¾-289,,
19384-0900-16.zip,202202141041,’†‹–€ŒSº˜a’¬†—ˆ¢Œ´,’·‹·•¨•s–¾-298,,
19384-0900-16.zip,202202141041,’†‹–€ŒSº˜a’¬†—ˆ¢Œ´,2075-2,,
19384-0900-16.zip,202202141041,’†‹–€ŒSº˜a’¬†—ˆ¢Œ´,2075-4,,
19384-0900-16.zip,202202141041,’†‹–€ŒSº˜a’¬†—ˆ¢Œ´,2076-1,,
19384-0900-16.zip,202202141041,’†‹–€ŒSº˜a’¬†—ˆ¢Œ´,2076-2,,
19384-0900-16.zip,202202141041,’†‹–€ŒSº˜a’¬†—ˆ¢Œ´,2076-3,,
19384-0900-16.zip,202202141041,’†‹–€ŒSº˜a’¬†—ˆ¢Œ´,2076-4,,
19384-0900-16.zip,202202141041,’†‹–€ŒSº˜a’¬†—ˆ¢Œ´,2076-5,,
19384-0900-16.zip,202202141041,’†‹–€ŒSº˜a’¬†—ˆ¢Œ´,2076-6,,
19384-0900-16.zip,202202141041,’†‹–€ŒSº˜a’¬†—ˆ¢Œ´,2076-7,,
19384-0900-16.zip,202202141041,’†‹–€ŒSº˜a’¬†—ˆ¢Œ´,2076-8,,
19384-0900-16.zip,202202141041,’†‹–€ŒSº˜a’¬†—ˆ¢Œ´,2076-9,,
19384-0900-16.zip,202202141041,’†‹–€ŒSº˜a’¬†—ˆ¢Œ´,2077-1,,
19384-0900-16.zip,202202141041,’†‹–€ŒSº˜a’¬†—ˆ¢Œ´,2077-4,,
19384-0900-16.zip,202202141041,’†‹–€ŒSº˜a’¬†—ˆ¢Œ´,2077-5,,
19384-0900-16.zip,202202141041,’†‹–€ŒSº˜a’¬†—ˆ¢Œ´,2078-1,,
19384-0900-16.zip,202202141041,’†‹–€ŒSº˜a’¬†—ˆ¢Œ´,2079,,
19384-0900-16.zip,202202141041,’†‹–€ŒSº˜a’¬†—ˆ¢Œ´,2082-1,,
19384-0900-16.zip,202202141041,’†‹–€ŒSº˜a’¬†—ˆ¢Œ´,2082-2,,
19384-0900-16.zip,202202141041,’†‹–€ŒSº˜a’¬†—ˆ¢Œ´,2082-3,,
19384-0900-16.zip,202202141041,’†‹–€ŒSº˜a’¬†—ˆ¢Œ´,2082-4,,
19384-0900-16.zip,202202141041,’†‹–€ŒSº˜a’¬†—ˆ¢Œ´,2082-5,,
19384-0900-16.zip,202202141041,’†‹–€ŒSº˜a’¬†—ˆ¢Œ´,2082-6,,
19384-0900-16.zip,202202141041,’†‹–€ŒSº˜a’¬†—ˆ¢Œ´,2082-7,,
19384-0900-16.zip,202202141041,’†‹–€ŒSº˜a’¬†—ˆ¢Œ´,2082-8,,
19384-0900-16.zip,202202141041,’†‹–€ŒSº˜a’¬†—ˆ¢Œ´,2082-9,,
19384-0900-16.zip,202202141041,’†‹–€ŒSº˜a’¬†—ˆ¢Œ´,2082-10,,
19384-0900-16.zip,202202141041,’†‹–€ŒSº˜a’¬†—ˆ¢Œ´,2082-11,,
19384-0900-16.zip,202202141041,’†‹–€ŒSº˜a’¬†—ˆ¢Œ´,2082-12,,
19384-0900-16.zip,202202141041,’†‹–€ŒSº˜a’¬†—ˆ¢Œ´,2083-1,,
19384-0900-16.zip,202202141041,’†‹–€ŒSº˜a’¬†—ˆ¢Œ´,2083-3,,
19384-0900-16.zip,202202141041,’†‹–€ŒSº˜a’¬†—ˆ¢Œ´,2083-4,,
19384-0900-16.zip,202202141041,’†‹–€ŒSº˜a’¬†—ˆ¢Œ´,2083-5,,
19384-0900-16.zip,202202141041,’†‹–€ŒSº˜a’¬†—ˆ¢Œ´,2083-6,,
19384-0900-16.zip,202202141041,’†‹–€ŒSº˜a’¬†—ˆ¢Œ´,2083-7,,
19384-0900-16.zip,202202141041,’†‹–€ŒSº˜a’¬†—ˆ¢Œ´,2084-1,,
19384-0900-16.zip,202202141041,’†‹–€ŒSº˜a’¬†—ˆ¢Œ´,2084-3,,
19384-0900-16.zip,202202141041,’†‹–€ŒSº˜a’¬†—ˆ¢Œ´,2084-4,,
19384-0900-16.zip,202202141041,’†‹–€ŒSº˜a’¬†—ˆ¢Œ´,2084-5,,
19384-0900-16.zip,202202141041,’†‹–€ŒSº˜a’¬†—ˆ¢Œ´,2085,,
19384-0900-16.zip,202202141041,’†‹–€ŒSº˜a’¬†—ˆ¢Œ´,2086,,
19384-0900-16.zip,202202141041,’†‹–€ŒSº˜a’¬†—ˆ¢Œ´,2087-1,,
19384-0900-16.zip,202202141041,’†‹–€ŒSº˜a’¬†—ˆ¢Œ´,2087-2,,
19384-0900-16.zip,202202141041,’†‹–€ŒSº˜a’¬†—ˆ¢Œ´,2087-3,,
19384-0900-16.zip,202202141041,’†‹–€ŒSº˜a’¬†—ˆ¢Œ´,2089,,
19384-0900-16.zip,202202141041,’†‹–€ŒSº˜a’¬†—ˆ¢Œ´,2091,,
19384-0900-16.zip,202202141041,’†‹–€ŒSº˜a’¬†—ˆ¢Œ´,2093,,
19384-0900-16.zip,202202141041,’†‹–€ŒSº˜a’¬†—ˆ¢Œ´,2097,,
19384-0900-16.zip,202202141041,’†‹–€ŒSº˜a’¬†—ˆ¢Œ´,2098,,
19384-0900-16.zip,202202141041,’†‹–€ŒSº˜a’¬†—ˆ¢Œ´,2102,,
19384-0900-16.zip,202202141041,’†‹–€ŒSº˜a’¬†—ˆ¢Œ´,2105,,
19384-0900-16.zip,202202141041,’†‹–€ŒSº˜a’¬†—ˆ¢Œ´,2108-1,,
19384-0900-16.zip,202202141041,’†‹–€ŒSº˜a’¬†—ˆ¢Œ´,2108-2,,
19384-0900-16.zip,202202141041,’†‹–€ŒSº˜a’¬†—ˆ¢Œ´,2109-1,,
19384-0900-16.zip,202202141041,’†‹–€ŒSº˜a’¬†—ˆ¢Œ´,2109-2,,
19384-0900-16.zip,202202141041,’†‹–€ŒSº˜a’¬†—ˆ¢Œ´,2109-3,,
19384-0900-16.zip,202202141041,’†‹–€ŒSº˜a’¬†—ˆ¢Œ´,2109-4,,
19384-0900-16.zip,202202141041,’†‹–€ŒSº˜a’¬†—ˆ¢Œ´,2110-1,,
19384-0900-16.zip,202202141041,’†‹–€ŒSº˜a’¬†—ˆ¢Œ´,2110-2,,
19384-0900-16.zip,202202141041,’†‹–€ŒSº˜a’¬†—ˆ¢Œ´,2110-3,,
19384-0900-16.zip,202202141041,’†‹–€ŒSº˜a’¬†—ˆ¢Œ´,2111-1,,
19384-0900-16.zip,202202141041,’†‹–€ŒSº˜a’¬†—ˆ¢Œ´,2111-2,,
19384-0900-16.zip,202202141041,’†‹–€ŒSº˜a’¬†—ˆ¢Œ´,2111-3,,
19384-0900-16.zip,202202141041,’†‹–€ŒSº˜a’¬†—ˆ¢Œ´,2112-1,,
19384-0900-16.zip,202202141041,’†‹–€ŒSº˜a’¬†—ˆ¢Œ´,2112-2,,
19384-0900-16.zip,202202141041,’†‹–€ŒSº˜a’¬†—ˆ¢Œ´,2112-3,,
19384-0900-16.zip,202202141041,’†‹–€ŒSº˜a’¬†—ˆ¢Œ´,2112-4,,
19384-0900-16.zip,202202141041,’†‹–€ŒSº˜a’¬†—ˆ¢Œ´,2113-1,,
19384-0900-16.zip,202202141041,’†‹–€ŒSº˜a’¬†—ˆ¢Œ´,2113-2,,
19384-0900-16.zip,202202141041,’†‹–€ŒSº˜a’¬†—ˆ¢Œ´,2113-3,,
19384-0900-16.zip,202202141041,’†‹–€ŒSº˜a’¬†—ˆ¢Œ´,2113-5,,
19384-0900-16.zip,202202141041,’†‹–€ŒSº˜a’¬†—ˆ¢Œ´,2114-1,,
19384-0900-16.zip,202202141041,’†‹–€ŒSº˜a’¬†—ˆ¢Œ´,2114-2,,
19384-0900-16.zip,202202141041,’†‹–€ŒSº˜a’¬†—ˆ¢Œ´,2115-1,,
19384-0900-16.zip,202202141041,’†‹–€ŒSº˜a’¬†—ˆ¢Œ´,2115-2,,
19384-0900-16.zip,202202141041,’†‹–€ŒSº˜a’¬†—ˆ¢Œ´,2115-4,,
19384-0900-16.zip,202202141041,’†‹–€ŒSº˜a’¬†—ˆ¢Œ´,2116-1,,
19384-0900-16.zip,202202141041,’†‹–€ŒSº˜a’¬†—ˆ¢Œ´,2116-2,,
19384-0900-16.zip,202202141041,’†‹–€ŒSº˜a’¬†—ˆ¢Œ´,2116-3,,
19384-0900-16.zip,202202141041,’†‹–€ŒSº˜a’¬†—ˆ¢Œ´,2116-4,,
19384-0900-16.zip,202202141041,’†‹–€ŒSº˜a’¬†—ˆ¢Œ´,2116-5,,
19384-0900-16.zip,202202141041,’†‹–€ŒSº˜a’¬†—ˆ¢Œ´,2116-6,,
19384-0900-16.zip,202202141041,’†‹–€ŒSº˜a’¬†—ˆ¢Œ´,2116-8,,
19384-0900-16.zip,202202141041,’†‹–€ŒSº˜a’¬†—ˆ¢Œ´,2117-1,,
19384-0900-16.zip,202202141041,’†‹–€ŒSº˜a’¬†—ˆ¢Œ´,2117-2,,
19384-0900-16.zip,202202141041,’†‹–€ŒSº˜a’¬†—ˆ¢Œ´,2118-1,,
19384-0900-16.zip,202202141041,’†‹–€ŒSº˜a’¬†—ˆ¢Œ´,2118-2,,
19384-0900-16.zip,202202141041,’†‹–€ŒSº˜a’¬†—ˆ¢Œ´,2119-1,,
19384-0900-16.zip,202202141041,’†‹–€ŒSº˜a’¬†—ˆ¢Œ´,2119-2,,
19384-0900-16.zip,202202141041,’†‹–€ŒSº˜a’¬†—ˆ¢Œ´,2119-3,,
19384-0900-16.zip,202202141041,’†‹–€ŒSº˜a’¬†—ˆ¢Œ´,2119-4,,
19384-0900-16.zip,202202141041,’†‹–€ŒSº˜a’¬†—ˆ¢Œ´,2119-7,,
19384-0900-16.zip,202202141041,’†‹–€ŒSº˜a’¬†—ˆ¢Œ´,2119-8,,
19384-0900-16.zip,202202141041,’†‹–€ŒSº˜a’¬†—ˆ¢Œ´,2119-9,,
19384-0900-16.zip,202202141041,’†‹–€ŒSº˜a’¬†—ˆ¢Œ´,2119-10,,
19384-0900-16.zip,202202141041,’†‹–€ŒSº˜a’¬†—ˆ¢Œ´,2119-11,,
19384-0900-16.zip,202202141041,’†‹–€ŒSº˜a’¬†—ˆ¢Œ´,2122-2,,
19384-0900-16.zip,202202141041,’†‹–€ŒSº˜a’¬†—ˆ¢Œ´,2122-3,,
19384-0900-16.zip,202202141041,’†‹–€ŒSº˜a’¬†—ˆ¢Œ´,2123-1,,
19384-0900-16.zip,202202141041,’†‹–€ŒSº˜a’¬†—ˆ¢Œ´,2124-4,,
19384-0900-16.zip,202202141041,’†‹–€ŒSº˜a’¬†—ˆ¢Œ´,2125-1,,
19384-0900-16.zip,202202141041,’†‹–€ŒSº˜a’¬†—ˆ¢Œ´,2126-1,,
19384-0900-16.zip,202202141041,’†‹–€ŒSº˜a’¬†—ˆ¢Œ´,2126-2,,
19384-0900-16.zip,202202141041,’†‹–€ŒSº˜a’¬†—ˆ¢Œ´,2126-3,,
19384-0900-16.zip,202202141041,’†‹–€ŒSº˜a’¬†—ˆ¢Œ´,2126-4,,
19384-0900-16.zip,202202141041,’†‹–€ŒSº˜a’¬†—ˆ¢Œ´,2126-5,,
19384-0900-16.zip,202202141041,’†‹–€ŒSº˜a’¬†—ˆ¢Œ´,2127-1,,
19384-0900-16.zip,202202141041,’†‹–€ŒSº˜a’¬†—ˆ¢Œ´,2127-2,,
19384-0900-16.zip,202202141041,’†‹–€ŒSº˜a’¬†—ˆ¢Œ´,2127-3,,
19384-0900-16.zip,202202141041,’†‹–€ŒSº˜a’¬†—ˆ¢Œ´,2127-4,,
19384-0900-16.zip,202202141041,’†‹–€ŒSº˜a’¬†—ˆ¢Œ´,2127-5,,
19384-0900-16.zip,202202141041,’†‹–€ŒSº˜a’¬†—ˆ¢Œ´,2127-6,,
19384-0900-16.zip,202202141041,’†‹–€ŒSº˜a’¬†—ˆ¢Œ´,2127-7,,
19384-0900-16.zip,202202141041,’†‹–€ŒSº˜a’¬†—ˆ¢Œ´,2127-8,,
19384-0900-16.zip,202202141041,’†‹–€ŒSº˜a’¬†—ˆ¢Œ´,2128-1,,
19384-0900-16.zip,202202141041,’†‹–€ŒSº˜a’¬†—ˆ¢Œ´,2129-1,,
19384-0900-16.zip,202202141041,’†‹–€ŒSº˜a’¬†—ˆ¢Œ´,2130-1,,
19384-0900-16.zip,202202141041,’†‹–€ŒSº˜a’¬†—ˆ¢Œ´,2130-2,,
19384-0900-16.zip,202202141041,’†‹–€ŒSº˜a’¬†—ˆ¢Œ´,2131-1,,
19384-0900-16.zip,202202141041,’†‹–€ŒSº˜a’¬†—ˆ¢Œ´,2131-2,,
19384-0900-16.zip,202202141041,’†‹–€ŒSº˜a’¬†—ˆ¢Œ´,2131-3,,
19384-0900-16.zip,202202141041,’†‹–€ŒSº˜a’¬†—ˆ¢Œ´,2131-4,,
19384-0900-16.zip,202202141041,’†‹–€ŒSº˜a’¬†—ˆ¢Œ´,2131-5,,
19384-0900-16.zip,202202141041,’†‹–€ŒSº˜a’¬†—ˆ¢Œ´,2132-1,,
19384-0900-16.zip,202202141041,’†‹–€ŒSº˜a’¬†—ˆ¢Œ´,2133-1,,
19384-0900-16.zip,202202141041,’†‹–€ŒSº˜a’¬†—ˆ¢Œ´,2134-1,,
19384-0900-16.zip,202202141041,’†‹–€ŒSº˜a’¬†—ˆ¢Œ´,2134-2,,
19384-0900-16.zip,202202141041,’†‹–€ŒSº˜a’¬†—ˆ¢Œ´,2134-3,,
19384-0900-16.zip,202202141041,’†‹–€ŒSº˜a’¬†—ˆ¢Œ´,2134-4,,
19384-0900-16.zip,202202141041,’†‹–€ŒSº˜a’¬†—ˆ¢Œ´,2134-5,,
19384-0900-16.zip,202202141041,’†‹–€ŒSº˜a’¬†—ˆ¢Œ´,2134-6,,
19384-0900-16.zip,202202141041,’†‹–€ŒSº˜a’¬†—ˆ¢Œ´,2134-7,,
19384-0900-16.zip,202202141041,’†‹–€ŒSº˜a’¬†—ˆ¢Œ´,2134-8,,
19384-0900-16.zip,202202141041,’†‹–€ŒSº˜a’¬†—ˆ¢Œ´,2134-9,,
19384-0900-16.zip,202202141041,’†‹–€ŒSº˜a’¬†—ˆ¢Œ´,2135-1,,
19384-0900-16.zip,202202141041,’†‹–€ŒSº˜a’¬†—ˆ¢Œ´,2136-1,,
19384-0900-16.zip,202202141041,’†‹–€ŒSº˜a’¬†—ˆ¢Œ´,2136-2,,
19384-0900-16.zip,202202141041,’†‹–€ŒSº˜a’¬†—ˆ¢Œ´,2137-1,,
19384-0900-16.zip,202202141041,’†‹–€ŒSº˜a’¬†—ˆ¢Œ´,2137-2,,
19384-0900-16.zip,202202141041,’†‹–€ŒSº˜a’¬†—ˆ¢Œ´,2137-4,,
19384-0900-16.zip,202202141041,’†‹–€ŒSº˜a’¬†—ˆ¢Œ´,2138-2,,
19384-0900-16.zip,202202141041,’†‹–€ŒSº˜a’¬†—ˆ¢Œ´,2139-1,,
19384-0900-16.zip,202202141041,’†‹–€ŒSº˜a’¬†—ˆ¢Œ´,2139-2,,
19384-0900-16.zip,202202141041,’†‹–€ŒSº˜a’¬†—ˆ¢Œ´,2139-3,,
19384-0900-16.zip,202202141041,’†‹–€ŒSº˜a’¬†—ˆ¢Œ´,2139-4,,
19384-0900-16.zip,202202141041,’†‹–€ŒSº˜a’¬†—ˆ¢Œ´,2141-1,,
19384-0900-16.zip,202202141041,’†‹–€ŒSº˜a’¬†—ˆ¢Œ´,2142-3,,
19384-0900-16.zip,202202141041,’†‹–€ŒSº˜a’¬†—ˆ¢Œ´,2143-1,,
19384-0900-16.zip,202202141041,’†‹–€ŒSº˜a’¬†—ˆ¢Œ´,2143-2,,
19384-0900-16.zip,202202141041,’†‹–€ŒSº˜a’¬†—ˆ¢Œ´,2143-3,,
19384-0900-16.zip,202202141041,’†‹–€ŒSº˜a’¬†—ˆ¢Œ´,2144-1,,
19384-0900-16.zip,202202141041,’†‹–€ŒSº˜a’¬†—ˆ¢Œ´,2144-2,,
19384-0900-16.zip,202202141041,’†‹–€ŒSº˜a’¬†—ˆ¢Œ´,2144-3,,
19384-0900-16.zip,202202141041,’†‹–€ŒSº˜a’¬†—ˆ¢Œ´,2144-4,,
19384-0900-16.zip,202202141041,’†‹–€ŒSº˜a’¬†—ˆ¢Œ´,2145-1,,
19384-0900-16.zip,202202141041,’†‹–€ŒSº˜a’¬†—ˆ¢Œ´,2146-1,,
19384-0900-16.zip,202202141041,’†‹–€ŒSº˜a’¬†—ˆ¢Œ´,2146-3,,
19384-0900-16.zip,202202141041,’†‹–€ŒSº˜a’¬†—ˆ¢Œ´,2149-1,,
19384-0900-16.zip,202202141041,’†‹–€ŒSº˜a’¬†—ˆ¢Œ´,2149-2,,
19384-0900-16.zip,202202141041,’†‹–€ŒSº˜a’¬†—ˆ¢Œ´,2149-3,,
19384-0900-16.zip,202202141041,’†‹–€ŒSº˜a’¬†—ˆ¢Œ´,2149-4,,
19384-0900-16.zip,202202141041,’†‹–€ŒSº˜a’¬†—ˆ¢Œ´,2149-5,,
19384-0900-16.zip,202202141041,’†‹–€ŒSº˜a’¬†—ˆ¢Œ´,2151-1,,
19384-0900-16.zip,202202141041,’†‹–€ŒSº˜a’¬†—ˆ¢Œ´,2152,,
19384-0900-16.zip,202202141041,’†‹–€ŒSº˜a’¬†—ˆ¢Œ´,2155,,
19384-0900-16.zip,202202141041,’†‹–€ŒSº˜a’¬†—ˆ¢Œ´,2156,,
19384-0900-16.zip,202202141041,’†‹–€ŒSº˜a’¬†—ˆ¢Œ´,2158,,
19384-0900-16.zip,202202141041,’†‹–€ŒSº˜a’¬†—ˆ¢Œ´,2160-1,,
19384-0900-16.zip,202202141041,’†‹–€ŒSº˜a’¬†—ˆ¢Œ´,2160-2,,
19384-0900-16.zip,202202141041,’†‹–€ŒSº˜a’¬†—ˆ¢Œ´,2163,,
19384-0900-16.zip,202202141041,’†‹–€ŒSº˜a’¬†—ˆ¢Œ´,2165-1,,
19384-0900-16.zip,202202141041,’†‹–€ŒSº˜a’¬†—ˆ¢Œ´,2166-1,,
19384-0900-16.zip,202202141041,’†‹–€ŒSº˜a’¬†—ˆ¢Œ´,2171-1,,
19384-0900-16.zip,202202141041,’†‹–€ŒSº˜a’¬†—ˆ¢Œ´,2173-1,,
19384-0900-16.zip,202202141041,’†‹–€ŒSº˜a’¬†—ˆ¢Œ´,2173-2,,
19384-0900-16.zip,202202141041,’†‹–€ŒSº˜a’¬†—ˆ¢Œ´,2174,,
19384-0900-16.zip,202202141041,’†‹–€ŒSº˜a’¬†—ˆ¢Œ´,2178,,
19384-0900-16.zip,202202141041,’†‹–€ŒSº˜a’¬†—ˆ¢Œ´,2178-2,,
19384-0900-16.zip,202202141041,’†‹–€ŒSº˜a’¬†—ˆ¢Œ´,2179-2,,
19384-0900-16.zip,202202141041,’†‹–€ŒSº˜a’¬†—ˆ¢Œ´,2184,,
19384-0900-16.zip,202202141041,’†‹–€ŒSº˜a’¬†—ˆ¢Œ´,2185,,
19384-0900-16.zip,202202141041,’†‹–€ŒSº˜a’¬†—ˆ¢Œ´,2187,,
19384-0900-16.zip,202202141041,’†‹–€ŒSº˜a’¬†—ˆ¢Œ´,2188,,
19384-0900-16.zip,202202141041,’†‹–€ŒSº˜a’¬†—ˆ¢Œ´,2189,,
19384-0900-16.zip,202202141041,’†‹–€ŒSº˜a’¬†—ˆ¢Œ´,2190-1,,
19384-0900-16.zip,202202141041,’†‹–€ŒSº˜a’¬†—ˆ¢Œ´,2193,,
19384-0900-16.zip,202202141041,’†‹–€ŒSº˜a’¬†—ˆ¢Œ´,2195,,
19384-0900-16.zip,202202141041,’†‹–€ŒSº˜a’¬†—ˆ¢Œ´,2195-2,,
19384-0900-16.zip,202202141041,’†‹–€ŒSº˜a’¬†—ˆ¢Œ´,2196,,
19384-0900-16.zip,202202141041,’†‹–€ŒSº˜a’¬†—ˆ¢Œ´,2198,,
19384-0900-16.zip,202202141041,’†‹–€ŒSº˜a’¬†—ˆ¢Œ´,2199,,
19384-0900-16.zip,202202141041,’†‹–€ŒSº˜a’¬†—ˆ¢Œ´,2201,,
19384-0900-16.zip,202202141041,’†‹–€ŒSº˜a’¬†—ˆ¢Œ´,2203-1,,
19384-0900-16.zip,202202141041,’†‹–€ŒSº˜a’¬†—ˆ¢Œ´,2203-2,,
19384-0900-16.zip,202202141041,’†‹–€ŒSº˜a’¬†—ˆ¢Œ´,2203-3,,
19384-0900-16.zip,202202141041,’†‹–€ŒSº˜a’¬†—ˆ¢Œ´,2203-4,,
19384-0900-16.zip,202202141041,’†‹–€ŒSº˜a’¬†—ˆ¢Œ´,2204,,
19384-0900-16.zip,202202141041,’†‹–€ŒSº˜a’¬†—ˆ¢Œ´,2205,,
19384-0900-16.zip,202202141041,’†‹–€ŒSº˜a’¬†—ˆ¢Œ´,2206-1,,
19384-0900-16.zip,202202141041,’†‹–€ŒSº˜a’¬†—ˆ¢Œ´,2206-2,,
19384-0900-16.zip,202202141041,’†‹–€ŒSº˜a’¬†—ˆ¢Œ´,2207-1,,
19384-0900-16.zip,202202141041,’†‹–€ŒSº˜a’¬†—ˆ¢Œ´,2207-2,,
19384-0900-16.zip,202202141041,’†‹–€ŒSº˜a’¬†—ˆ¢Œ´,2210-1,,
19384-0900-16.zip,202202141041,’†‹–€ŒSº˜a’¬†—ˆ¢Œ´,2210-2,,
19384-0900-16.zip,202202141041,’†‹–€ŒSº˜a’¬†—ˆ¢Œ´,2211-1,,
19384-0900-16.zip,202202141041,’†‹–€ŒSº˜a’¬†—ˆ¢Œ´,2211-2,,
19384-0900-16.zip,202202141041,’†‹–€ŒSº˜a’¬†—ˆ¢Œ´,2211-3,,
19384-0900-16.zip,202202141041,’†‹–€ŒSº˜a’¬†—ˆ¢Œ´,2211-4,,
19384-0900-16.zip,202202141041,’†‹–€ŒSº˜a’¬†—ˆ¢Œ´,2211-5,,
19384-0900-16.zip,202202141041,’†‹–€ŒSº˜a’¬†—ˆ¢Œ´,2212-1,,
19384-0900-16.zip,202202141041,’†‹–€ŒSº˜a’¬†—ˆ¢Œ´,2212-2,,
19384-0900-16.zip,202202141041,’†‹–€ŒSº˜a’¬†—ˆ¢Œ´,2213-1,,
19384-0900-16.zip,202202141041,’†‹–€ŒSº˜a’¬†—ˆ¢Œ´,2213-2,,
19384-0900-16.zip,202202141041,’†‹–€ŒSº˜a’¬†—ˆ¢Œ´,–³’n”Ô-189,,
19384-0900-16.zip,202202141041,’†‹–€ŒSº˜a’¬†—ˆ¢Œ´,–³’n”Ô-380,,
19384-0900-16.zip,202202141041,’†‹–€ŒSº˜a’¬†—ˆ¢Œ´,–³’n”Ô-569,,
19384-0900-16.zip,202202141041,’†‹–€ŒSº˜a’¬†—ˆ¢Œ´,“¹-5,,
19384-0900-16.zip,202202141041,’†‹–€ŒSº˜a’¬†—ˆ¢Œ´,“¹-10,,
19384-0900-16.zip,202202141041,’†‹–€ŒSº˜a’¬†—ˆ¢Œ´,“¹-11,,
19384-0900-16.zip,202202141041,’†‹–€ŒSº˜a’¬†—ˆ¢Œ´,“¹-12,,
19384-0900-16.zip,202202141041,’†‹–€ŒSº˜a’¬†—ˆ¢Œ´,“¹-13,,
19384-0900-16.zip,202202141041,’†‹–€ŒSº˜a’¬†—ˆ¢Œ´,“¹-14,,
19384-0900-16.zip,202202141041,’†‹–€ŒSº˜a’¬†—ˆ¢Œ´,“¹-60,,
19384-0900-16.zip,202202141041,’†‹–€ŒSº˜a’¬†—ˆ¢Œ´,“¹-597,,
19384-0900-16.zip,202202141041,’†‹–€ŒSº˜a’¬†—ˆ¢Œ´,“¹-605,,
19384-0900-16.zip,202202141041,’†‹–€ŒSº˜a’¬†—ˆ¢Œ´,“¹-621,,
19384-0900-16.zip,202202141041,’†‹–€ŒSº˜a’¬†—ˆ¢Œ´,“¹-633,,
19384-0900-16.zip,202202141041,’†‹–€ŒSº˜a’¬†—ˆ¢Œ´,“¹-641,,
19384-0900-16.zip,202202141041,’†‹–€ŒSº˜a’¬†—ˆ¢Œ´,“¹-642,,
19384-0900-16.zip,202202141041,’†‹–€ŒSº˜a’¬†—ˆ¢Œ´,“¹-643,,
19384-0900-16.zip,202202141041,’†‹–€ŒSº˜a’¬†—ˆ¢Œ´,…-13,,
19384-0900-16.zip,202202141041,’†‹–€ŒSº˜a’¬†—ˆ¢Œ´,…-14,,
19384-0900-16.zip,202202141041,’†‹–€ŒSº˜a’¬†—ˆ¢Œ´,…-15,,
19384-0900-16.zip,202202141041,’†‹–€ŒSº˜a’¬†—ˆ¢Œ´,…-16,,
19384-0900-16.zip,202202141041,’†‹–€ŒSº˜a’¬†—ˆ¢Œ´,…-17,,
19384-0900-16.zip,202202141041,’†‹–€ŒSº˜a’¬†—ˆ¢Œ´,…-18,,
19384-0900-16.zip,202202141041,’†‹–€ŒSº˜a’¬†—ˆ¢Œ´,…-19,,
19384-0900-16.zip,202202141041,’†‹–€ŒSº˜a’¬†—ˆ¢Œ´,…-20,,
19384-0900-16.zip,202202141041,’†‹–€ŒSº˜a’¬†—ˆ¢Œ´,…-21,,
19384-0900-16.zip,202202141041,’†‹–€ŒSº˜a’¬†—ˆ¢Œ´,…-22,,
19384-0900-16.zip,202202141041,’†‹–€ŒSº˜a’¬†—ˆ¢Œ´,…-23,,
19384-0900-16.zip,202202141041,’†‹–€ŒSº˜a’¬†—ˆ¢Œ´,…-24,,
19384-0900-16.zip,202202141041,’†‹–€ŒSº˜a’¬†—ˆ¢Œ´,…-25,,
19384-0900-16.zip,202202141041,’†‹–€ŒSº˜a’¬†—ˆ¢Œ´,…-26,,
19384-0900-16.zip,202202141041,’†‹–€ŒSº˜a’¬†—ˆ¢Œ´,…-27,,
19384-0900-16.zip,202202141041,’†‹–€ŒSº˜a’¬†—ˆ¢Œ´,…-785,,
19384-0900-16.zip,202202141041,’†‹–€ŒSº˜a’¬†—ˆ¢Œ´,…-804,,
19384-0900-16.zip,202202141041,’†‹–€ŒSº˜a’¬†—ˆ¢Œ´,…-809,,
19384-0900-16.zip,202202141041,’†‹–€ŒSº˜a’¬†—ˆ¢Œ´,…-823,,
19384-0900-16.zip,202202141041,’†‹–€ŒSº˜a’¬†—ˆ¢Œ´,…-829,,
19384-0900-16.zip,202202141041,’†‹–€ŒSº˜a’¬†—ˆ¢Œ´,…-835,,
19384-0900-16.zip,202202141041,’†‹–€ŒSº˜a’¬†—ˆ¢Œ´,…-837,,
19384-0900-16.zip,202202141041,’†‹–€ŒSº˜a’¬†—ˆ¢Œ´,…-842,,
19384-0900-16.zip,202202141041,’†‹–€ŒSº˜a’¬†—ˆ¢Œ´,…-847,,
19384-0900-16.zip,202202141041,’†‹–€ŒSº˜a’¬†—ˆ¢Œ´,…-900,,
19384-0900-16.zip,202202141041,’†‹–€ŒSº˜a’¬†—ˆ¢Œ´,…-911,,
19384-0900-16.zip,202202141041,’†‹–€ŒSº˜a’¬†—ˆ¢Œ´,’·‹·•¨•s–¾-5,,
19384-0900-16.zip,202202141041,’†‹–€ŒSº˜a’¬†—ˆ¢Œ´,’·‹·•¨•s–¾-10,,
19384-0900-16.zip,202202141041,’†‹–€ŒSº˜a’¬†—ˆ¢Œ´,171-6,,
19384-0900-16.zip,202202141041,’†‹–€ŒSº˜a’¬†—ˆ¢Œ´,171-1,,
19384-0900-16.zip,202202141041,’†‹–€ŒSº˜a’¬†—ˆ¢Œ´,56-1,,
19384-0900-16.zip,202202141041,’†‹–€ŒSº˜a’¬†—ˆ¢Œ´,56-5,,
19384-0900-16.zip,202202141041,’†‹–€ŒSº˜a’¬†—ˆ¢Œ´,1724-8,,
19384-0900-16.zip,202202141041,’†‹–€ŒSº˜a’¬†—ˆ¢Œ´,1724-3,,
19384-0900-16.zip,202202141041,’†‹–€ŒSº˜a’¬†—ˆ¢Œ´,1724-5,,
19384-0900-16.zip,202202141041,’†‹–€ŒSº˜a’¬†—ˆ¢Œ´,1724-6,,
19384-0900-16.zip,202202141041,’†‹–€ŒSº˜a’¬†—ˆ¢Œ´,2301,,
19384-0900-16.zip,202202141041,’†‹–€ŒSº˜a’¬†—ˆ¢Œ´,2302,,
19384-0900-16.zip,202202141041,’†‹–€ŒSº˜a’¬†—ˆ¢Œ´,2303,,
19384-0900-16.zip,202202141041,’†‹–€ŒSº˜a’¬†—ˆ¢Œ´,2304,,
19384-0900-16.zip,202202141041,’†‹–€ŒSº˜a’¬†—ˆ¢Œ´,2305,,
19384-0900-16.zip,202202141041,’†‹–€ŒSº˜a’¬†—ˆ¢Œ´,2306,,
19384-0900-16.zip,202202141041,’†‹–€ŒSº˜a’¬†—ˆ¢Œ´,2308,,
19384-0900-16.zip,202202141041,’†‹–€ŒSº˜a’¬†—ˆ¢Œ´,2307,,
19384-0900-16.zip,202202141041,’†‹–€ŒSº˜a’¬†—ˆ¢Œ´,2309,,
19384-0900-16.zip,202202141041,’†‹–€ŒSº˜a’¬†—ˆ¢Œ´,2310,,
19384-0900-16.zip,202202141041,’†‹–€ŒSº˜a’¬†—ˆ¢Œ´,2311,,
19384-0900-16.zip,202202141041,’†‹–€ŒSº˜a’¬†—ˆ¢Œ´,2312,,
19384-0900-16.zip,202202141041,’†‹–€ŒSº˜a’¬†—ˆ¢Œ´,2313,,
19384-0900-16.zip,202202141041,’†‹–€ŒSº˜a’¬†—ˆ¢Œ´,2318,,
19384-0900-16.zip,202202141041,’†‹–€ŒSº˜a’¬†—ˆ¢Œ´,2369,,
19384-0900-16.zip,202202141041,’†‹–€ŒSº˜a’¬†—ˆ¢Œ´,2314,,
19384-0900-16.zip,202202141041,’†‹–€ŒSº˜a’¬†—ˆ¢Œ´,2315,,
19384-0900-16.zip,202202141041,’†‹–€ŒSº˜a’¬†—ˆ¢Œ´,2316,,
19384-0900-16.zip,202202141041,’†‹–€ŒSº˜a’¬†—ˆ¢Œ´,2317-1,,
19384-0900-16.zip,202202141041,’†‹–€ŒSº˜a’¬†—ˆ¢Œ´,2319,,
19384-0900-16.zip,202202141041,’†‹–€ŒSº˜a’¬†—ˆ¢Œ´,2370,,
19384-0900-16.zip,202202141041,’†‹–€ŒSº˜a’¬†—ˆ¢Œ´,2371,,
19384-0900-16.zip,202202141041,’†‹–€ŒSº˜a’¬†—ˆ¢Œ´,2372,,
19384-0900-16.zip,202202141041,’†‹–€ŒSº˜a’¬†—ˆ¢Œ´,2373-1,,
19384-0900-16.zip,202202141041,’†‹–€ŒSº˜a’¬†—ˆ¢Œ´,2373-2,,
19384-0900-16.zip,202202141041,’†‹–€ŒSº˜a’¬†—ˆ¢Œ´,2375,,
19384-0900-16.zip,202202141041,’†‹–€ŒSº˜a’¬†—ˆ¢Œ´,2374,,
19384-0900-16.zip,202202141041,’†‹–€ŒSº˜a’¬†—ˆ¢Œ´,2376,,
19384-0900-16.zip,202202141041,’†‹–€ŒSº˜a’¬†—ˆ¢Œ´,2377,,
19384-0900-16.zip,202202141041,’†‹–€ŒSº˜a’¬†—ˆ¢Œ´,2378,,
19384-0900-16.zip,202202141041,’†‹–€ŒSº˜a’¬†—ˆ¢Œ´,2379-12,,
19384-0900-16.zip,202202141041,’†‹–€ŒSº˜a’¬†—ˆ¢Œ´,2379-11,,
19384-0900-16.zip,202202141041,’†‹–€ŒSº˜a’¬†—ˆ¢Œ´,2379-10,,
19384-0900-16.zip,202202141041,’†‹–€ŒSº˜a’¬†—ˆ¢Œ´,2379-7,,
19384-0900-16.zip,202202141041,’†‹–€ŒSº˜a’¬†—ˆ¢Œ´,2379-8,,
19384-0900-16.zip,202202141041,’†‹–€ŒSº˜a’¬†—ˆ¢Œ´,2379-9,,
19384-0900-16.zip,202202141041,’†‹–€ŒSº˜a’¬†—ˆ¢Œ´,2381,,
19384-0900-16.zip,202202141041,’†‹–€ŒSº˜a’¬†—ˆ¢Œ´,2382,,
19384-0900-16.zip,202202141041,’†‹–€ŒSº˜a’¬†—ˆ¢Œ´,2383,,
19384-0900-16.zip,202202141041,’†‹–€ŒSº˜a’¬†—ˆ¢Œ´,2379-3,,
19384-0900-16.zip,202202141041,’†‹–€ŒSº˜a’¬†—ˆ¢Œ´,2379-5,,
19384-0900-16.zip,202202141041,’†‹–€ŒSº˜a’¬†—ˆ¢Œ´,2379-6,,
19384-0900-16.zip,202202141041,’†‹–€ŒSº˜a’¬†—ˆ¢Œ´,2379-13,,
19384-0900-16.zip,202202141041,’†‹–€ŒSº˜a’¬†—ˆ¢Œ´,2380,,
19384-0900-16.zip,202202141041,’†‹–€ŒSº˜a’¬†—ˆ¢Œ´,2379-4,,
19384-0900-16.zip,202202141041,’†‹–€ŒSº˜a’¬†—ˆ¢Œ´,2386,,
19384-0900-16.zip,202202141041,’†‹–€ŒSº˜a’¬†—ˆ¢Œ´,2387-2,,
19384-0900-16.zip,202202141041,’†‹–€ŒSº˜a’¬†—ˆ¢Œ´,2387-1,,
19384-0900-16.zip,202202141041,’†‹–€ŒSº˜a’¬†—ˆ¢Œ´,2385-5,,
19384-0900-16.zip,202202141041,’†‹–€ŒSº˜a’¬†—ˆ¢Œ´,2385-2,,
19384-0900-16.zip,202202141041,’†‹–€ŒSº˜a’¬†—ˆ¢Œ´,2385-1,,
19384-0900-16.zip,202202141041,’†‹–€ŒSº˜a’¬†—ˆ¢Œ´,2385-4,,
19384-0900-16.zip,202202141041,’†‹–€ŒSº˜a’¬†—ˆ¢Œ´,2384,,
19384-0900-16.zip,202202141041,’†‹–€ŒSº˜a’¬†—ˆ¢Œ´,2385-3,,
19384-0900-16.zip,202202141041,’†‹–€ŒSº˜a’¬†—ˆ¢Œ´,2390,,
19384-0900-16.zip,202202141041,’†‹–€ŒSº˜a’¬†—ˆ¢Œ´,2389,,
19384-0900-16.zip,202202141041,’†‹–€ŒSº˜a’¬†—ˆ¢Œ´,2388,,
19384-0900-16.zip,202202141041,’†‹–€ŒSº˜a’¬†—ˆ¢Œ´,2392,,
19384-0900-16.zip,202202141041,’†‹–€ŒSº˜a’¬†—ˆ¢Œ´,2411-2,,
19384-0900-16.zip,202202141041,’†‹–€ŒSº˜a’¬†—ˆ¢Œ´,2393,,
19384-0900-16.zip,202202141041,’†‹–€ŒSº˜a’¬†—ˆ¢Œ´,2367-2,,
19384-0900-16.zip,202202141041,’†‹–€ŒSº˜a’¬†—ˆ¢Œ´,2336,,
19384-0900-16.zip,202202141041,’†‹–€ŒSº˜a’¬†—ˆ¢Œ´,2335,,
19384-0900-16.zip,202202141041,’†‹–€ŒSº˜a’¬†—ˆ¢Œ´,2339,,
19384-0900-16.zip,202202141041,’†‹–€ŒSº˜a’¬†—ˆ¢Œ´,2340,,
19384-0900-16.zip,202202141041,’†‹–€ŒSº˜a’¬†—ˆ¢Œ´,2345,,
19384-0900-16.zip,202202141041,’†‹–€ŒSº˜a’¬†—ˆ¢Œ´,2344,,
19384-0900-16.zip,202202141041,’†‹–€ŒSº˜a’¬†—ˆ¢Œ´,2343,,
19384-0900-16.zip,202202141041,’†‹–€ŒSº˜a’¬†—ˆ¢Œ´,2342,,
19384-0900-16.zip,202202141041,’†‹–€ŒSº˜a’¬†—ˆ¢Œ´,510-6,,
19384-0900-16.zip,202202141041,’†‹–€ŒSº˜a’¬†—ˆ¢Œ´,…-1,,
19384-0900-16.zip,202202141041,’†‹–€ŒSº˜a’¬†—ˆ¢Œ´,563-1,,
19384-0900-16.zip,202202141041,’†‹–€ŒSº˜a’¬†—ˆ¢Œ´,491-4,,
19384-0900-16.zip,202202141041,’†‹–€ŒSº˜a’¬†—ˆ¢Œ´,541-2,,
19384-0900-16.zip,202202141041,’†‹–€ŒSº˜a’¬†—ˆ¢Œ´,487-3,,
19384-0900-16.zip,202202141041,’†‹–€ŒSº˜a’¬†—ˆ¢Œ´,2346,,
19384-0900-16.zip,202202141041,’†‹–€ŒSº˜a’¬†—ˆ¢Œ´,2347,,
19384-0900-16.zip,202202141041,’†‹–€ŒSº˜a’¬†—ˆ¢Œ´,2353,,
19384-0900-16.zip,202202141041,’†‹–€ŒSº˜a’¬†—ˆ¢Œ´,2354,,
19384-0900-16.zip,202202141041,’†‹–€ŒSº˜a’¬†—ˆ¢Œ´,2367-1,,
19384-0900-16.zip,202202141041,’†‹–€ŒSº˜a’¬†—ˆ¢Œ´,2334,,
19384-0900-16.zip,202202141041,’†‹–€ŒSº˜a’¬†—ˆ¢Œ´,2320-1,,
19384-0900-16.zip,202202141041,’†‹–€ŒSº˜a’¬†—ˆ¢Œ´,2331,,
19384-0900-16.zip,202202141041,’†‹–€ŒSº˜a’¬†—ˆ¢Œ´,2323,,
19384-0900-16.zip,202202141041,’†‹–€ŒSº˜a’¬†—ˆ¢Œ´,2324,,
19384-0900-16.zip,202202141041,’†‹–€ŒSº˜a’¬†—ˆ¢Œ´,2325,,
19384-0900-16.zip,202202141041,’†‹–€ŒSº˜a’¬†—ˆ¢Œ´,2326,,
19384-0900-16.zip,202202141041,’†‹–€ŒSº˜a’¬†—ˆ¢Œ´,2327,,
19384-0900-16.zip,202202141041,’†‹–€ŒSº˜a’¬†—ˆ¢Œ´,2328,,
19384-0900-16.zip,202202141041,’†‹–€ŒSº˜a’¬†—ˆ¢Œ´,2329,,
19384-0900-16.zip,202202141041,’†‹–€ŒSº˜a’¬†—ˆ¢Œ´,2333,,
19384-0900-16.zip,202202141041,’†‹–€ŒSº˜a’¬†—ˆ¢Œ´,2348,,
19384-0900-16.zip,202202141041,’†‹–€ŒSº˜a’¬†—ˆ¢Œ´,2349,,
19384-0900-16.zip,202202141041,’†‹–€ŒSº˜a’¬†—ˆ¢Œ´,2350,,
19384-0900-16.zip,202202141041,’†‹–€ŒSº˜a’¬†—ˆ¢Œ´,2351,,
19384-0900-16.zip,202202141041,’†‹–€ŒSº˜a’¬†—ˆ¢Œ´,2352,,
19384-0900-16.zip,202202141041,’†‹–€ŒSº˜a’¬†—ˆ¢Œ´,2355,,
19384-0900-16.zip,202202141041,’†‹–€ŒSº˜a’¬†—ˆ¢Œ´,2356,,
19384-0900-16.zip,202202141041,’†‹–€ŒSº˜a’¬†—ˆ¢Œ´,2357,,
19384-0900-16.zip,202202141041,’†‹–€ŒSº˜a’¬†—ˆ¢Œ´,2358,,
19384-0900-16.zip,202202141041,’†‹–€ŒSº˜a’¬†—ˆ¢Œ´,2359,,
19384-0900-16.zip,202202141041,’†‹–€ŒSº˜a’¬†—ˆ¢Œ´,2360,,
19384-0900-16.zip,202202141041,’†‹–€ŒSº˜a’¬†—ˆ¢Œ´,2361,,
19384-0900-16.zip,202202141041,’†‹–€ŒSº˜a’¬†—ˆ¢Œ´,2362,,
19384-0900-16.zip,202202141041,’†‹–€ŒSº˜a’¬†—ˆ¢Œ´,2363,,
19384-0900-16.zip,202202141041,’†‹–€ŒSº˜a’¬†—ˆ¢Œ´,2364,,
19384-0900-16.zip,202202141041,’†‹–€ŒSº˜a’¬†—ˆ¢Œ´,2365,,
19384-0900-16.zip,202202141041,’†‹–€ŒSº˜a’¬†—ˆ¢Œ´,2366,,
19384-0900-16.zip,202202141041,’†‹–€ŒSº˜a’¬†—ˆ¢Œ´,2426,,
19384-0900-16.zip,202202141041,’†‹–€ŒSº˜a’¬†—ˆ¢Œ´,2427,,
19384-0900-16.zip,202202141041,’†‹–€ŒSº˜a’¬†—ˆ¢Œ´,2428-1,,
19384-0900-16.zip,202202141041,’†‹–€ŒSº˜a’¬†—ˆ¢Œ´,2428-2,,
19384-0900-16.zip,202202141041,’†‹–€ŒSº˜a’¬†—ˆ¢Œ´,2429-1,,
19384-0900-16.zip,202202141041,’†‹–€ŒSº˜a’¬†—ˆ¢Œ´,2429-2,,
19384-0900-16.zip,202202141041,’†‹–€ŒSº˜a’¬†—ˆ¢Œ´,2430-1,,
19384-0900-16.zip,202202141041,’†‹–€ŒSº˜a’¬†—ˆ¢Œ´,2432,,
19384-0900-16.zip,202202141041,’†‹–€ŒSº˜a’¬†—ˆ¢Œ´,2431,,
19384-0900-16.zip,202202141041,’†‹–€ŒSº˜a’¬†—ˆ¢Œ´,2433,,
19384-0900-16.zip,202202141041,’†‹–€ŒSº˜a’¬†—ˆ¢Œ´,2434,,
19384-0900-16.zip,202202141041,’†‹–€ŒSº˜a’¬†—ˆ¢Œ´,2435,,
19384-0900-16.zip,202202141041,’†‹–€ŒSº˜a’¬†—ˆ¢Œ´,2436,,
19384-0900-16.zip,202202141041,’†‹–€ŒSº˜a’¬†—ˆ¢Œ´,2437,,
19384-0900-16.zip,202202141041,’†‹–€ŒSº˜a’¬†—ˆ¢Œ´,2341,,
19384-0900-16.zip,202202141041,’†‹–€ŒSº˜a’¬†—ˆ¢Œ´,2408,,
19384-0900-16.zip,202202141041,’†‹–€ŒSº˜a’¬†—ˆ¢Œ´,2406,,
19384-0900-16.zip,202202141041,’†‹–€ŒSº˜a’¬†—ˆ¢Œ´,2405,,
19384-0900-16.zip,202202141041,’†‹–€ŒSº˜a’¬†—ˆ¢Œ´,2404,,
19384-0900-16.zip,202202141041,’†‹–€ŒSº˜a’¬†—ˆ¢Œ´,2395,,
19384-0900-16.zip,202202141041,’†‹–€ŒSº˜a’¬†—ˆ¢Œ´,2396,,
19384-0900-16.zip,202202141041,’†‹–€ŒSº˜a’¬†—ˆ¢Œ´,2398,,
19384-0900-16.zip,202202141041,’†‹–€ŒSº˜a’¬†—ˆ¢Œ´,2399,,
19384-0900-16.zip,202202141041,’†‹–€ŒSº˜a’¬†—ˆ¢Œ´,2411-1,,
19384-0900-16.zip,202202141041,’†‹–€ŒSº˜a’¬†—ˆ¢Œ´,2415,,
19384-0900-16.zip,202202141041,’†‹–€ŒSº˜a’¬†—ˆ¢Œ´,2416,,
19384-0900-16.zip,202202141041,’†‹–€ŒSº˜a’¬†—ˆ¢Œ´,2402,,
19384-0900-16.zip,202202141041,’†‹–€ŒSº˜a’¬†—ˆ¢Œ´,2400-2,,
19384-0900-16.zip,202202141041,’†‹–€ŒSº˜a’¬†—ˆ¢Œ´,2400-5,,
19384-0900-16.zip,202202141041,’†‹–€ŒSº˜a’¬†—ˆ¢Œ´,2400-3,,
19384-0900-16.zip,202202141041,’†‹–€ŒSº˜a’¬†—ˆ¢Œ´,2400-4,,
19384-0900-16.zip,202202141041,’†‹–€ŒSº˜a’¬†—ˆ¢Œ´,2400-6,,
19384-0900-16.zip,202202141041,’†‹–€ŒSº˜a’¬†—ˆ¢Œ´,2409,,
19384-0900-16.zip,202202141041,’†‹–€ŒSº˜a’¬†—ˆ¢Œ´,2417,,
19384-0900-16.zip,202202141041,’†‹–€ŒSº˜a’¬†—ˆ¢Œ´,2412,,
19384-0900-16.zip,202202141041,’†‹–€ŒSº˜a’¬†—ˆ¢Œ´,2413,,
19384-0900-16.zip,202202141041,’†‹–€ŒSº˜a’¬†—ˆ¢Œ´,2418-2,,
19384-0900-16.zip,202202141041,’†‹–€ŒSº˜a’¬†—ˆ¢Œ´,2418-1,,
19384-0900-16.zip,202202141041,’†‹–€ŒSº˜a’¬†—ˆ¢Œ´,2419-2,,
19384-0900-16.zip,202202141041,’†‹–€ŒSº˜a’¬†—ˆ¢Œ´,2419-1,,
19384-0900-16.zip,202202141041,’†‹–€ŒSº˜a’¬†—ˆ¢Œ´,2420,,
19384-0900-16.zip,202202141041,’†‹–€ŒSº˜a’¬†—ˆ¢Œ´,2470,,
19384-0900-16.zip,202202141041,’†‹–€ŒSº˜a’¬†—ˆ¢Œ´,2440,,
19384-0900-16.zip,202202141041,’†‹–€ŒSº˜a’¬†—ˆ¢Œ´,2439,,
19384-0900-16.zip,202202141041,’†‹–€ŒSº˜a’¬†—ˆ¢Œ´,2438,,
19384-0900-16.zip,202202141041,’†‹–€ŒSº˜a’¬†—ˆ¢Œ´,2441,,
19384-0900-16.zip,202202141041,’†‹–€ŒSº˜a’¬†—ˆ¢Œ´,2442,,
19384-0900-16.zip,202202141041,’†‹–€ŒSº˜a’¬†—ˆ¢Œ´,2422,,
19384-0900-16.zip,202202141041,’†‹–€ŒSº˜a’¬†—ˆ¢Œ´,2507-2,,
19384-0900-16.zip,202202141041,’†‹–€ŒSº˜a’¬†—ˆ¢Œ´,2508,,
19384-0900-16.zip,202202141041,’†‹–€ŒSº˜a’¬†—ˆ¢Œ´,2504,,
19384-0900-16.zip,202202141041,’†‹–€ŒSº˜a’¬†—ˆ¢Œ´,2421,,
19384-0900-16.zip,202202141041,’†‹–€ŒSº˜a’¬†—ˆ¢Œ´,2443-2,,
19384-0900-16.zip,202202141041,’†‹–€ŒSº˜a’¬†—ˆ¢Œ´,2443-1,,
19384-0900-16.zip,202202141041,’†‹–€ŒSº˜a’¬†—ˆ¢Œ´,2447,,
19384-0900-16.zip,202202141041,’†‹–€ŒSº˜a’¬†—ˆ¢Œ´,2450,,
19384-0900-16.zip,202202141041,’†‹–€ŒSº˜a’¬†—ˆ¢Œ´,2452,,
19384-0900-16.zip,202202141041,’†‹–€ŒSº˜a’¬†—ˆ¢Œ´,2461,,
19384-0900-16.zip,202202141041,’†‹–€ŒSº˜a’¬†—ˆ¢Œ´,2459,,
19384-0900-16.zip,202202141041,’†‹–€ŒSº˜a’¬†—ˆ¢Œ´,2457,,
19384-0900-16.zip,202202141041,’†‹–€ŒSº˜a’¬†—ˆ¢Œ´,2458,,
19384-0900-16.zip,202202141041,’†‹–€ŒSº˜a’¬†—ˆ¢Œ´,2462,,
19384-0900-16.zip,202202141041,’†‹–€ŒSº˜a’¬†—ˆ¢Œ´,2463-3,,
19384-0900-16.zip,202202141041,’†‹–€ŒSº˜a’¬†—ˆ¢Œ´,2464-1,,
19384-0900-16.zip,202202141041,’†‹–€ŒSº˜a’¬†—ˆ¢Œ´,2463-4,,
19384-0900-16.zip,202202141041,’†‹–€ŒSº˜a’¬†—ˆ¢Œ´,2463-2,,
19384-0900-16.zip,202202141041,’†‹–€ŒSº˜a’¬†—ˆ¢Œ´,2466-1,,
19384-0900-16.zip,202202141041,’†‹–€ŒSº˜a’¬†—ˆ¢Œ´,2467,,
19384-0900-16.zip,202202141041,’†‹–€ŒSº˜a’¬†—ˆ¢Œ´,2468,,
19384-0900-16.zip,202202141041,’†‹–€ŒSº˜a’¬†—ˆ¢Œ´,2463-1,,
19384-0900-16.zip,202202141041,’†‹–€ŒSº˜a’¬†—ˆ¢Œ´,2469,,
19384-0900-16.zip,202202141041,’†‹–€ŒSº˜a’¬†—ˆ¢Œ´,2471,,
19384-0900-16.zip,202202141041,’†‹–€ŒSº˜a’¬†—ˆ¢Œ´,2473,,
19384-0900-16.zip,202202141041,’†‹–€ŒSº˜a’¬†—ˆ¢Œ´,2472,,
19384-0900-16.zip,202202141041,’†‹–€ŒSº˜a’¬†—ˆ¢Œ´,2474,,
19384-0900-16.zip,202202141041,’†‹–€ŒSº˜a’¬†—ˆ¢Œ´,2475,,
19384-0900-16.zip,202202141041,’†‹–€ŒSº˜a’¬†—ˆ¢Œ´,2476,,
19384-0900-16.zip,202202141041,’†‹–€ŒSº˜a’¬†—ˆ¢Œ´,2477,,
19384-0900-16.zip,202202141041,’†‹–€ŒSº˜a’¬†—ˆ¢Œ´,2478,,
19384-0900-16.zip,202202141041,’†‹–€ŒSº˜a’¬†—ˆ¢Œ´,2479,,
19384-0900-16.zip,202202141041,’†‹–€ŒSº˜a’¬†—ˆ¢Œ´,2480,,
19384-0900-16.zip,202202141041,’†‹–€ŒSº˜a’¬†—ˆ¢Œ´,2430-2,,
19384-0900-16.zip,202202141041,’†‹–€ŒSº˜a’¬†—ˆ¢Œ´,…-767,,
19384-0900-16.zip,202202141041,’†‹–€ŒSº˜a’¬†—ˆ¢Œ´,2507-1,,
19384-0900-16.zip,202202141041,’†‹–€ŒSº˜a’¬†—ˆ¢Œ´,2407,,
19384-0900-16.zip,202202141041,’†‹–€ŒSº˜a’¬†—ˆ¢Œ´,2517,,
19384-0900-16.zip,202202141041,’†‹–€ŒSº˜a’¬†—ˆ¢Œ´,2518,,
19384-0900-16.zip,202202141041,’†‹–€ŒSº˜a’¬†—ˆ¢Œ´,2519,,
19384-0900-16.zip,202202141041,’†‹–€ŒSº˜a’¬†—ˆ¢Œ´,2527,,
19384-0900-16.zip,202202141041,’†‹–€ŒSº˜a’¬†—ˆ¢Œ´,2531,,
19384-0900-16.zip,202202141041,’†‹–€ŒSº˜a’¬†—ˆ¢Œ´,2532,,
19384-0900-16.zip,202202141041,’†‹–€ŒSº˜a’¬†—ˆ¢Œ´,2533,,
19384-0900-16.zip,202202141041,’†‹–€ŒSº˜a’¬†—ˆ¢Œ´,2509,,
19384-0900-16.zip,202202141041,’†‹–€ŒSº˜a’¬†—ˆ¢Œ´,2506,,
19384-0900-16.zip,202202141041,’†‹–€ŒSº˜a’¬†—ˆ¢Œ´,2505,,
19384-0900-16.zip,202202141041,’†‹–€ŒSº˜a’¬†—ˆ¢Œ´,2526,,
19384-0900-16.zip,202202141041,’†‹–€ŒSº˜a’¬†—ˆ¢Œ´,2511,,
19384-0900-16.zip,202202141041,’†‹–€ŒSº˜a’¬†—ˆ¢Œ´,2512,,
19384-0900-16.zip,202202141041,’†‹–€ŒSº˜a’¬†—ˆ¢Œ´,2521,,
19384-0900-16.zip,202202141041,’†‹–€ŒSº˜a’¬†—ˆ¢Œ´,2520-2,,
19384-0900-16.zip,202202141041,’†‹–€ŒSº˜a’¬†—ˆ¢Œ´,2520-1,,
19384-0900-16.zip,202202141041,’†‹–€ŒSº˜a’¬†—ˆ¢Œ´,2522,,
19384-0900-16.zip,202202141041,’†‹–€ŒSº˜a’¬†—ˆ¢Œ´,2523,,
19384-0900-16.zip,202202141041,’†‹–€ŒSº˜a’¬†—ˆ¢Œ´,2524,,
19384-0900-16.zip,202202141041,’†‹–€ŒSº˜a’¬†—ˆ¢Œ´,2514,,
19384-0900-16.zip,202202141041,’†‹–€ŒSº˜a’¬†—ˆ¢Œ´,2513,,
19384-0900-16.zip,202202141041,’†‹–€ŒSº˜a’¬†—ˆ¢Œ´,2515,,
19384-0900-16.zip,202202141041,’†‹–€ŒSº˜a’¬†—ˆ¢Œ´,2516,,
19384-0900-16.zip,202202141041,’†‹–€ŒSº˜a’¬†—ˆ¢Œ´,2529,,
19384-0900-16.zip,202202141041,’†‹–€ŒSº˜a’¬†—ˆ¢Œ´,2530,,
19384-0900-16.zip,202202141041,’†‹–€ŒSº˜a’¬†—ˆ¢Œ´,2535,,
19384-0900-16.zip,202202141041,’†‹–€ŒSº˜a’¬†—ˆ¢Œ´,2536,,
19384-0900-16.zip,202202141041,’†‹–€ŒSº˜a’¬†—ˆ¢Œ´,2481,,
19384-0900-16.zip,202202141041,’†‹–€ŒSº˜a’¬†—ˆ¢Œ´,2485,,
19384-0900-16.zip,202202141041,’†‹–€ŒSº˜a’¬†—ˆ¢Œ´,2487,,
19384-0900-16.zip,202202141041,’†‹–€ŒSº˜a’¬†—ˆ¢Œ´,2486,,
19384-0900-16.zip,202202141041,’†‹–€ŒSº˜a’¬†—ˆ¢Œ´,2489,,
19384-0900-16.zip,202202141041,’†‹–€ŒSº˜a’¬†—ˆ¢Œ´,2491,,
19384-0900-16.zip,202202141041,’†‹–€ŒSº˜a’¬†—ˆ¢Œ´,2493,,
19384-0900-16.zip,202202141041,’†‹–€ŒSº˜a’¬†—ˆ¢Œ´,2494,,
19384-0900-16.zip,202202141041,’†‹–€ŒSº˜a’¬†—ˆ¢Œ´,2495,,
19384-0900-16.zip,202202141041,’†‹–€ŒSº˜a’¬†—ˆ¢Œ´,2497,,
19384-0900-16.zip,202202141041,’†‹–€ŒSº˜a’¬†—ˆ¢Œ´,2502,,
19384-0900-16.zip,202202141041,’†‹–€ŒSº˜a’¬†—ˆ¢Œ´,2498,,
19384-0900-16.zip,202202141041,’†‹–€ŒSº˜a’¬†—ˆ¢Œ´,2501,,
19384-0900-16.zip,202202141041,’†‹–€ŒSº˜a’¬†—ˆ¢Œ´,2500,,
19384-0900-16.zip,202202141041,’†‹–€ŒSº˜a’¬†—ˆ¢Œ´,2499,,
19384-0900-16.zip,202202141041,’†‹–€ŒSº˜a’¬†—ˆ¢Œ´,2503,,
19384-0900-16.zip,202202141041,’†‹–€ŒSº˜a’¬†—ˆ¢Œ´,2534,,
19384-0900-16.zip,202202141041,’†‹–€ŒSº˜a’¬†—ˆ¢Œ´,2537,,
19384-0900-16.zip,202202141041,’†‹–€ŒSº˜a’¬†—ˆ¢Œ´,2539,,
19384-0900-16.zip,202202141041,’†‹–€ŒSº˜a’¬†—ˆ¢Œ´,2540,,
19384-0900-16.zip,202202141041,’†‹–€ŒSº˜a’¬†—ˆ¢Œ´,2542-1,,
19384-0900-16.zip,202202141041,’†‹–€ŒSº˜a’¬†—ˆ¢Œ´,2542-2,,
19384-0900-16.zip,202202141041,’†‹–€ŒSº˜a’¬†—ˆ¢Œ´,2543,,
19384-0900-16.zip,202202141041,’†‹–€ŒSº˜a’¬†—ˆ¢Œ´,2545,,
19384-0900-16.zip,202202141041,’†‹–€ŒSº˜a’¬†—ˆ¢Œ´,2544,,
19384-0900-16.zip,202202141041,’†‹–€ŒSº˜a’¬†—ˆ¢Œ´,2553,,
19384-0900-16.zip,202202141041,’†‹–€ŒSº˜a’¬†—ˆ¢Œ´,2552,,
19384-0900-16.zip,202202141041,’†‹–€ŒSº˜a’¬†—ˆ¢Œ´,2551,,
19384-0900-16.zip,202202141041,’†‹–€ŒSº˜a’¬†—ˆ¢Œ´,2548,,
19384-0900-16.zip,202202141041,’†‹–€ŒSº˜a’¬†—ˆ¢Œ´,2547,,
19384-0900-16.zip,202202141041,’†‹–€ŒSº˜a’¬†—ˆ¢Œ´,2554,,
19384-0900-16.zip,202202141041,’†‹–€ŒSº˜a’¬†—ˆ¢Œ´,2555,,
19384-0900-16.zip,202202141041,’†‹–€ŒSº˜a’¬†—ˆ¢Œ´,2556-2,,
19384-0900-16.zip,202202141041,’†‹–€ŒSº˜a’¬†—ˆ¢Œ´,2556-1,,
19384-0900-16.zip,202202141041,’†‹–€ŒSº˜a’¬†—ˆ¢Œ´,2558,,
19384-0900-16.zip,202202141041,’†‹–€ŒSº˜a’¬†—ˆ¢Œ´,2566,,
19384-0900-16.zip,202202141041,’†‹–€ŒSº˜a’¬†—ˆ¢Œ´,2563,,
19384-0900-16.zip,202202141041,’†‹–€ŒSº˜a’¬†—ˆ¢Œ´,2562-1,,
19384-0900-16.zip,202202141041,’†‹–€ŒSº˜a’¬†—ˆ¢Œ´,2562-2,,
19384-0900-16.zip,202202141041,’†‹–€ŒSº˜a’¬†—ˆ¢Œ´,2568,,
19384-0900-16.zip,202202141041,’†‹–€ŒSº˜a’¬†—ˆ¢Œ´,2571,,
19384-0900-16.zip,202202141041,’†‹–€ŒSº˜a’¬†—ˆ¢Œ´,2572,,
19384-0900-16.zip,202202141041,’†‹–€ŒSº˜a’¬†—ˆ¢Œ´,2573,,
19384-0900-16.zip,202202141041,’†‹–€ŒSº˜a’¬†—ˆ¢Œ´,2576,,
19384-0900-16.zip,202202141041,’†‹–€ŒSº˜a’¬†—ˆ¢Œ´,2559-1,,
19384-0900-16.zip,202202141041,’†‹–€ŒSº˜a’¬†—ˆ¢Œ´,2559-2,,
19384-0900-16.zip,202202141041,’†‹–€ŒSº˜a’¬†—ˆ¢Œ´,“¹-595,,
19384-0900-16.zip,202202141041,’†‹–€ŒSº˜a’¬†—ˆ¢Œ´,2490,,
19384-0900-16.zip,202202141041,’†‹–€ŒSº˜a’¬†—ˆ¢Œ´,2317-2,,
19384-0900-16.zip,202202141041,’†‹–€ŒSº˜a’¬†—ˆ¢Œ´,2668,,
19384-0900-16.zip,202202141041,’†‹–€ŒSº˜a’¬†—ˆ¢Œ´,2667,,
19384-0900-16.zip,202202141041,’†‹–€ŒSº˜a’¬†—ˆ¢Œ´,2655,,
19384-0900-16.zip,202202141041,’†‹–€ŒSº˜a’¬†—ˆ¢Œ´,2666,,
19384-0900-16.zip,202202141041,’†‹–€ŒSº˜a’¬†—ˆ¢Œ´,2656,,
19384-0900-16.zip,202202141041,’†‹–€ŒSº˜a’¬†—ˆ¢Œ´,2657,,
19384-0900-16.zip,202202141041,’†‹–€ŒSº˜a’¬†—ˆ¢Œ´,2658,,
19384-0900-16.zip,202202141041,’†‹–€ŒSº˜a’¬†—ˆ¢Œ´,2660,,
19384-0900-16.zip,202202141041,’†‹–€ŒSº˜a’¬†—ˆ¢Œ´,2661,,
19384-0900-16.zip,202202141041,’†‹–€ŒSº˜a’¬†—ˆ¢Œ´,2659,,
19384-0900-16.zip,202202141041,’†‹–€ŒSº˜a’¬†—ˆ¢Œ´,2665,,
19384-0900-16.zip,202202141041,’†‹–€ŒSº˜a’¬†—ˆ¢Œ´,2664-1,,
19384-0900-16.zip,202202141041,’†‹–€ŒSº˜a’¬†—ˆ¢Œ´,2664-2,,
19384-0900-16.zip,202202141041,’†‹–€ŒSº˜a’¬†—ˆ¢Œ´,2670,,
19384-0900-16.zip,202202141041,’†‹–€ŒSº˜a’¬†—ˆ¢Œ´,2671,,
19384-0900-16.zip,202202141041,’†‹–€ŒSº˜a’¬†—ˆ¢Œ´,2662-1,,
19384-0900-16.zip,202202141041,’†‹–€ŒSº˜a’¬†—ˆ¢Œ´,2662-2,,
19384-0900-16.zip,202202141041,’†‹–€ŒSº˜a’¬†—ˆ¢Œ´,2672,,
19384-0900-16.zip,202202141041,’†‹–€ŒSº˜a’¬†—ˆ¢Œ´,2674,,
19384-0900-16.zip,202202141041,’†‹–€ŒSº˜a’¬†—ˆ¢Œ´,2653,,
19384-0900-16.zip,202202141041,’†‹–€ŒSº˜a’¬†—ˆ¢Œ´,2651,,
19384-0900-16.zip,202202141041,’†‹–€ŒSº˜a’¬†—ˆ¢Œ´,2645,,
19384-0900-16.zip,202202141041,’†‹–€ŒSº˜a’¬†—ˆ¢Œ´,2646,,
19384-0900-16.zip,202202141041,’†‹–€ŒSº˜a’¬†—ˆ¢Œ´,2647-1,,
19384-0900-16.zip,202202141041,’†‹–€ŒSº˜a’¬†—ˆ¢Œ´,2647-2,,
19384-0900-16.zip,202202141041,’†‹–€ŒSº˜a’¬†—ˆ¢Œ´,2648,,
19384-0900-16.zip,202202141041,’†‹–€ŒSº˜a’¬†—ˆ¢Œ´,2654,,
19384-0900-16.zip,202202141041,’†‹–€ŒSº˜a’¬†—ˆ¢Œ´,2682,,
19384-0900-16.zip,202202141041,’†‹–€ŒSº˜a’¬†—ˆ¢Œ´,2679-7,,
19384-0900-16.zip,202202141041,’†‹–€ŒSº˜a’¬†—ˆ¢Œ´,2679-4,,
19384-0900-16.zip,202202141041,’†‹–€ŒSº˜a’¬†—ˆ¢Œ´,2679-6,,
19384-0900-16.zip,202202141041,’†‹–€ŒSº˜a’¬†—ˆ¢Œ´,2679-5,,
19384-0900-16.zip,202202141041,’†‹–€ŒSº˜a’¬†—ˆ¢Œ´,2679-3,,
19384-0900-16.zip,202202141041,’†‹–€ŒSº˜a’¬†—ˆ¢Œ´,2681,,
19384-0900-16.zip,202202141041,’†‹–€ŒSº˜a’¬†—ˆ¢Œ´,2680,,
19384-0900-16.zip,202202141041,’†‹–€ŒSº˜a’¬†—ˆ¢Œ´,2679-8,,
19384-0900-16.zip,202202141041,’†‹–€ŒSº˜a’¬†—ˆ¢Œ´,2679-10,,
19384-0900-16.zip,202202141041,’†‹–€ŒSº˜a’¬†—ˆ¢Œ´,2679-11,,
19384-0900-16.zip,202202141041,’†‹–€ŒSº˜a’¬†—ˆ¢Œ´,2679-12,,
19384-0900-16.zip,202202141041,’†‹–€ŒSº˜a’¬†—ˆ¢Œ´,2679-13,,
19384-0900-16.zip,202202141041,’†‹–€ŒSº˜a’¬†—ˆ¢Œ´,2679-2,,
19384-0900-16.zip,202202141041,’†‹–€ŒSº˜a’¬†—ˆ¢Œ´,2679-9,,
19384-0900-16.zip,202202141041,’†‹–€ŒSº˜a’¬†—ˆ¢Œ´,2679-19,,
19384-0900-16.zip,202202141041,’†‹–€ŒSº˜a’¬†—ˆ¢Œ´,2679-18,,
19384-0900-16.zip,202202141041,’†‹–€ŒSº˜a’¬†—ˆ¢Œ´,2679-17,,
19384-0900-16.zip,202202141041,’†‹–€ŒSº˜a’¬†—ˆ¢Œ´,2679-16,,
19384-0900-16.zip,202202141041,’†‹–€ŒSº˜a’¬†—ˆ¢Œ´,2679-15,,
19384-0900-16.zip,202202141041,’†‹–€ŒSº˜a’¬†—ˆ¢Œ´,2679-14,,
19384-0900-16.zip,202202141041,’†‹–€ŒSº˜a’¬†—ˆ¢Œ´,2679-26,,
19384-0900-16.zip,202202141041,’†‹–€ŒSº˜a’¬†—ˆ¢Œ´,2679-20,,
19384-0900-16.zip,202202141041,’†‹–€ŒSº˜a’¬†—ˆ¢Œ´,2679-21,,
19384-0900-16.zip,202202141041,’†‹–€ŒSº˜a’¬†—ˆ¢Œ´,2679-22,,
19384-0900-16.zip,202202141041,’†‹–€ŒSº˜a’¬†—ˆ¢Œ´,2679-23,,
19384-0900-16.zip,202202141041,’†‹–€ŒSº˜a’¬†—ˆ¢Œ´,2679-24,,
19384-0900-16.zip,202202141041,’†‹–€ŒSº˜a’¬†—ˆ¢Œ´,2679-25,,
19384-0900-16.zip,202202141041,’†‹–€ŒSº˜a’¬†—ˆ¢Œ´,2679-1,,
19384-0900-16.zip,202202141041,’†‹–€ŒSº˜a’¬†—ˆ¢Œ´,2678-1,,
19384-0900-16.zip,202202141041,’†‹–€ŒSº˜a’¬†—ˆ¢Œ´,2686,,
19384-0900-16.zip,202202141041,’†‹–€ŒSº˜a’¬†—ˆ¢Œ´,2627-2,,
19384-0900-16.zip,202202141041,’†‹–€ŒSº˜a’¬†—ˆ¢Œ´,2627-1,,
19384-0900-16.zip,202202141041,’†‹–€ŒSº˜a’¬†—ˆ¢Œ´,2628,,
19384-0900-16.zip,202202141041,’†‹–€ŒSº˜a’¬†—ˆ¢Œ´,2630,,
19384-0900-16.zip,202202141041,’†‹–€ŒSº˜a’¬†—ˆ¢Œ´,2687,,
19384-0900-16.zip,202202141041,’†‹–€ŒSº˜a’¬†—ˆ¢Œ´,2678-2,,
19384-0900-16.zip,202202141041,’†‹–€ŒSº˜a’¬†—ˆ¢Œ´,2688,,
19384-0900-16.zip,202202141041,’†‹–€ŒSº˜a’¬†—ˆ¢Œ´,2689-2,,
19384-0900-16.zip,202202141041,’†‹–€ŒSº˜a’¬†—ˆ¢Œ´,2689-1,,
19384-0900-16.zip,202202141041,’†‹–€ŒSº˜a’¬†—ˆ¢Œ´,2690,,
19384-0900-16.zip,202202141041,’†‹–€ŒSº˜a’¬†—ˆ¢Œ´,2691,,
19384-0900-16.zip,202202141041,’†‹–€ŒSº˜a’¬†—ˆ¢Œ´,2673,,
19384-0900-16.zip,202202141041,’†‹–€ŒSº˜a’¬†—ˆ¢Œ´,2624,,
19384-0900-16.zip,202202141041,’†‹–€ŒSº˜a’¬†—ˆ¢Œ´,2622,,
19384-0900-16.zip,202202141041,’†‹–€ŒSº˜a’¬†—ˆ¢Œ´,2625,,
19384-0900-16.zip,202202141041,’†‹–€ŒSº˜a’¬†—ˆ¢Œ´,2621,,
19384-0900-16.zip,202202141041,’†‹–€ŒSº˜a’¬†—ˆ¢Œ´,2611,,
19384-0900-16.zip,202202141041,’†‹–€ŒSº˜a’¬†—ˆ¢Œ´,2612,,
19384-0900-16.zip,202202141041,’†‹–€ŒSº˜a’¬†—ˆ¢Œ´,2613,,
19384-0900-16.zip,202202141041,’†‹–€ŒSº˜a’¬†—ˆ¢Œ´,2614,,
19384-0900-16.zip,202202141041,’†‹–€ŒSº˜a’¬†—ˆ¢Œ´,2620,,
19384-0900-16.zip,202202141041,’†‹–€ŒSº˜a’¬†—ˆ¢Œ´,2618,,
19384-0900-16.zip,202202141041,’†‹–€ŒSº˜a’¬†—ˆ¢Œ´,2619,,
19384-0900-16.zip,202202141041,’†‹–€ŒSº˜a’¬†—ˆ¢Œ´,2617,,
19384-0900-16.zip,202202141041,’†‹–€ŒSº˜a’¬†—ˆ¢Œ´,2616,,
19384-0900-16.zip,202202141041,’†‹–€ŒSº˜a’¬†—ˆ¢Œ´,2615,,
19384-0900-16.zip,202202141041,’†‹–€ŒSº˜a’¬†—ˆ¢Œ´,2636,,
19384-0900-16.zip,202202141041,’†‹–€ŒSº˜a’¬†—ˆ¢Œ´,2637,,
19384-0900-16.zip,202202141041,’†‹–€ŒSº˜a’¬†—ˆ¢Œ´,2638,,
19384-0900-16.zip,202202141041,’†‹–€ŒSº˜a’¬†—ˆ¢Œ´,2639,,
19384-0900-16.zip,202202141041,’†‹–€ŒSº˜a’¬†—ˆ¢Œ´,2701,,
19384-0900-16.zip,202202141041,’†‹–€ŒSº˜a’¬†—ˆ¢Œ´,2707,,
19384-0900-16.zip,202202141041,’†‹–€ŒSº˜a’¬†—ˆ¢Œ´,2706,,
19384-0900-16.zip,202202141041,’†‹–€ŒSº˜a’¬†—ˆ¢Œ´,2708,,
19384-0900-16.zip,202202141041,’†‹–€ŒSº˜a’¬†—ˆ¢Œ´,2640,,
19384-0900-16.zip,202202141041,’†‹–€ŒSº˜a’¬†—ˆ¢Œ´,2641,,
19384-0900-16.zip,202202141041,’†‹–€ŒSº˜a’¬†—ˆ¢Œ´,2642,,
19384-0900-16.zip,202202141041,’†‹–€ŒSº˜a’¬†—ˆ¢Œ´,2643,,
19384-0900-16.zip,202202141041,’†‹–€ŒSº˜a’¬†—ˆ¢Œ´,2704,,
19384-0900-16.zip,202202141041,’†‹–€ŒSº˜a’¬†—ˆ¢Œ´,2705,,
19384-0900-16.zip,202202141041,’†‹–€ŒSº˜a’¬†—ˆ¢Œ´,2703,,
19384-0900-16.zip,202202141041,’†‹–€ŒSº˜a’¬†—ˆ¢Œ´,2709,,
19384-0900-16.zip,202202141041,’†‹–€ŒSº˜a’¬†—ˆ¢Œ´,1619-8,,
19384-0900-16.zip,202202141041,’†‹–€ŒSº˜a’¬†—ˆ¢Œ´,“¹-587,,
19384-0900-16.zip,202202141041,’†‹–€ŒSº˜a’¬†—ˆ¢Œ´,2610,,
19384-0900-16.zip,202202141041,’†‹–€ŒSº˜a’¬†—ˆ¢Œ´,2685,,
19384-0900-16.zip,202202141041,’†‹–€ŒSº˜a’¬†—ˆ¢Œ´,2609,,
19384-0900-16.zip,202202141041,’†‹–€ŒSº˜a’¬†—ˆ¢Œ´,2593,,
19384-0900-16.zip,202202141041,’†‹–€ŒSº˜a’¬†—ˆ¢Œ´,2608,,
19384-0900-16.zip,202202141041,’†‹–€ŒSº˜a’¬†—ˆ¢Œ´,2594,,
19384-0900-16.zip,202202141041,’†‹–€ŒSº˜a’¬†—ˆ¢Œ´,2607,,
19384-0900-16.zip,202202141041,’†‹–€ŒSº˜a’¬†—ˆ¢Œ´,2596-2,,
19384-0900-16.zip,202202141041,’†‹–€ŒSº˜a’¬†—ˆ¢Œ´,2591-2,,
19384-0900-16.zip,202202141041,’†‹–€ŒSº˜a’¬†—ˆ¢Œ´,2591-1,,
19384-0900-16.zip,202202141041,’†‹–€ŒSº˜a’¬†—ˆ¢Œ´,2590,,
19384-0900-16.zip,202202141041,’†‹–€ŒSº˜a’¬†—ˆ¢Œ´,2577,,
19384-0900-16.zip,202202141041,’†‹–€ŒSº˜a’¬†—ˆ¢Œ´,2578,,
19384-0900-16.zip,202202141041,’†‹–€ŒSº˜a’¬†—ˆ¢Œ´,2579,,
19384-0900-16.zip,202202141041,’†‹–€ŒSº˜a’¬†—ˆ¢Œ´,2580-3,,
19384-0900-16.zip,202202141041,’†‹–€ŒSº˜a’¬†—ˆ¢Œ´,2580-1,,
19384-0900-16.zip,202202141041,’†‹–€ŒSº˜a’¬†—ˆ¢Œ´,2580-2,,
19384-0900-16.zip,202202141041,’†‹–€ŒSº˜a’¬†—ˆ¢Œ´,2581-2,,
19384-0900-16.zip,202202141041,’†‹–€ŒSº˜a’¬†—ˆ¢Œ´,2582,,
19384-0900-16.zip,202202141041,’†‹–€ŒSº˜a’¬†—ˆ¢Œ´,2575,,
19384-0900-16.zip,202202141041,’†‹–€ŒSº˜a’¬†—ˆ¢Œ´,2605,,
19384-0900-16.zip,202202141041,’†‹–€ŒSº˜a’¬†—ˆ¢Œ´,2604-1,,
19384-0900-16.zip,202202141041,’†‹–€ŒSº˜a’¬†—ˆ¢Œ´,2604-2,,
19384-0900-16.zip,202202141041,’†‹–€ŒSº˜a’¬†—ˆ¢Œ´,2603,,
19384-0900-16.zip,202202141041,’†‹–€ŒSº˜a’¬†—ˆ¢Œ´,2601,,
19384-0900-16.zip,202202141041,’†‹–€ŒSº˜a’¬†—ˆ¢Œ´,2599,,
19384-0900-16.zip,202202141041,’†‹–€ŒSº˜a’¬†—ˆ¢Œ´,2600,,
19384-0900-16.zip,202202141041,’†‹–€ŒSº˜a’¬†—ˆ¢Œ´,2598,,
19384-0900-16.zip,202202141041,’†‹–€ŒSº˜a’¬†—ˆ¢Œ´,2588-2,,
19384-0900-16.zip,202202141041,’†‹–€ŒSº˜a’¬†—ˆ¢Œ´,2587,,
19384-0900-16.zip,202202141041,’†‹–€ŒSº˜a’¬†—ˆ¢Œ´,2586,,
19384-0900-16.zip,202202141041,’†‹–€ŒSº˜a’¬†—ˆ¢Œ´,2584,,
19384-0900-16.zip,202202141041,’†‹–€ŒSº˜a’¬†—ˆ¢Œ´,2585,,
19384-0900-16.zip,202202141041,’†‹–€ŒSº˜a’¬†—ˆ¢Œ´,2740,,
19384-0900-16.zip,202202141041,’†‹–€ŒSº˜a’¬†—ˆ¢Œ´,2583,,
19384-0900-16.zip,202202141041,’†‹–€ŒSº˜a’¬†—ˆ¢Œ´,2588-1,,
19384-0900-16.zip,202202141041,’†‹–€ŒSº˜a’¬†—ˆ¢Œ´,2597,,
19384-0900-16.zip,202202141041,’†‹–€ŒSº˜a’¬†—ˆ¢Œ´,2623,,
19384-0900-16.zip,202202141041,’†‹–€ŒSº˜a’¬†—ˆ¢Œ´,2629,,
19384-0900-16.zip,202202141041,’†‹–€ŒSº˜a’¬†—ˆ¢Œ´,2644,,
19384-0900-16.zip,202202141041,’†‹–€ŒSº˜a’¬†—ˆ¢Œ´,2693,,
19384-0900-16.zip,202202141041,’†‹–€ŒSº˜a’¬†—ˆ¢Œ´,2694,,
19384-0900-16.zip,202202141041,’†‹–€ŒSº˜a’¬†—ˆ¢Œ´,2695,,
19384-0900-16.zip,202202141041,’†‹–€ŒSº˜a’¬†—ˆ¢Œ´,2696,,
19384-0900-16.zip,202202141041,’†‹–€ŒSº˜a’¬†—ˆ¢Œ´,2692,,
19384-0900-16.zip,202202141041,’†‹–€ŒSº˜a’¬†—ˆ¢Œ´,2697,,
19384-0900-16.zip,202202141041,’†‹–€ŒSº˜a’¬†—ˆ¢Œ´,2698,,
19384-0900-16.zip,202202141041,’†‹–€ŒSº˜a’¬†—ˆ¢Œ´,2699-2,,
19384-0900-16.zip,202202141041,’†‹–€ŒSº˜a’¬†—ˆ¢Œ´,2699-1,,
19384-0900-16.zip,202202141041,’†‹–€ŒSº˜a’¬†—ˆ¢Œ´,2700,,
19384-0900-16.zip,202202141041,’†‹–€ŒSº˜a’¬†—ˆ¢Œ´,2718,,
19384-0900-16.zip,202202141041,’†‹–€ŒSº˜a’¬†—ˆ¢Œ´,2719,,
19384-0900-16.zip,202202141041,’†‹–€ŒSº˜a’¬†—ˆ¢Œ´,2717-2,,
19384-0900-16.zip,202202141041,’†‹–€ŒSº˜a’¬†—ˆ¢Œ´,2717-3,,
19384-0900-16.zip,202202141041,’†‹–€ŒSº˜a’¬†—ˆ¢Œ´,2717-1,,
19384-0900-16.zip,202202141041,’†‹–€ŒSº˜a’¬†—ˆ¢Œ´,2716,,
19384-0900-16.zip,202202141041,’†‹–€ŒSº˜a’¬†—ˆ¢Œ´,2715-1,,
19384-0900-16.zip,202202141041,’†‹–€ŒSº˜a’¬†—ˆ¢Œ´,2715-2,,
19384-0900-16.zip,202202141041,’†‹–€ŒSº˜a’¬†—ˆ¢Œ´,2714,,
19384-0900-16.zip,202202141041,’†‹–€ŒSº˜a’¬†—ˆ¢Œ´,2710,,
19384-0900-16.zip,202202141041,’†‹–€ŒSº˜a’¬†—ˆ¢Œ´,2724,,
19384-0900-16.zip,202202141041,’†‹–€ŒSº˜a’¬†—ˆ¢Œ´,2722,,
19384-0900-16.zip,202202141041,’†‹–€ŒSº˜a’¬†—ˆ¢Œ´,2728,,
19384-0900-16.zip,202202141041,’†‹–€ŒSº˜a’¬†—ˆ¢Œ´,2720,,
19384-0900-16.zip,202202141041,’†‹–€ŒSº˜a’¬†—ˆ¢Œ´,2729,,
19384-0900-16.zip,202202141041,’†‹–€ŒSº˜a’¬†—ˆ¢Œ´,2730-1,,
19384-0900-16.zip,202202141041,’†‹–€ŒSº˜a’¬†—ˆ¢Œ´,2730-2,,
19384-0900-16.zip,202202141041,’†‹–€ŒSº˜a’¬†—ˆ¢Œ´,2731,,
19384-0900-16.zip,202202141041,’†‹–€ŒSº˜a’¬†—ˆ¢Œ´,2738,,
19384-0900-16.zip,202202141041,’†‹–€ŒSº˜a’¬†—ˆ¢Œ´,2737,,
19384-0900-16.zip,202202141041,’†‹–€ŒSº˜a’¬†—ˆ¢Œ´,2732,,
19384-0900-16.zip,202202141041,’†‹–€ŒSº˜a’¬†—ˆ¢Œ´,2733,,
19384-0900-16.zip,202202141041,’†‹–€ŒSº˜a’¬†—ˆ¢Œ´,2736-1,,
19384-0900-16.zip,202202141041,’†‹–€ŒSº˜a’¬†—ˆ¢Œ´,2736-2,,
19384-0900-16.zip,202202141041,’†‹–€ŒSº˜a’¬†—ˆ¢Œ´,2735,,
19384-0900-16.zip,202202141041,’†‹–€ŒSº˜a’¬†—ˆ¢Œ´,2734,,
19384-0900-16.zip,202202141041,’†‹–€ŒSº˜a’¬†—ˆ¢Œ´,’·‹·•¨•s–¾-20,,
19384-0900-16.zip,202202141041,’†‹–€ŒSº˜a’¬†—ˆ¢Œ´,1426-3,,
19384-0900-16.zip,202202141041,’†‹–€ŒSº˜a’¬†—ˆ¢Œ´,1192-1,,
19384-0900-16.zip,202202141041,’†‹–€ŒSº˜a’¬†—ˆ¢Œ´,2330,,
19384-0900-16.zip,202202141041,’†‹–€ŒSº˜a’¬†—ˆ¢Œ´,2510,,
19384-0900-16.zip,202202141041,’†‹–€ŒSº˜a’¬†—ˆ¢Œ´,2550,,
19384-0900-16.zip,202202141041,’†‹–€ŒSº˜a’¬†—ˆ¢Œ´,2650,,
19384-0900-16.zip,202202141041,’†‹–€ŒSº˜a’¬†—ˆ¢Œ´,2595,,
19384-0900-16.zip,202202141041,’†‹–€ŒSº˜a’¬†—ˆ¢Œ´,2725,,
19384-0900-16.zip,202202141041,’†‹–€ŒSº˜a’¬†—ˆ¢Œ´,55-1,,
19384-0900-16.zip,202202141041,’†‹–€ŒSº˜a’¬†—ˆ¢Œ´,55-3,,
19384-0900-16.zip,202202141041,’†‹–€ŒSº˜a’¬†—ˆ¢Œ´,2322-1,,
19384-0900-16.zip,202202141041,’†‹–€ŒSº˜a’¬†—ˆ¢Œ´,2322-2,,
19384-0900-16.zip,202202141041,’†‹–€ŒSº˜a’¬†—ˆ¢Œ´,2332-1,,
19384-0900-16.zip,202202141041,’†‹–€ŒSº˜a’¬†—ˆ¢Œ´,2332-2,,
19384-0900-16.zip,202202141041,’†‹–€ŒSº˜a’¬†—ˆ¢Œ´,1724-1,,
19384-0900-16.zip,202202141041,’†‹–€ŒSº˜a’¬†—ˆ¢Œ´,1724-7,,
19384-0900-16.zip,202202141041,’†‹–€ŒSº˜a’¬†—ˆ¢Œ´,1724-4,,
19384-0900-16.zip,202202141041,’†‹–€ŒSº˜a’¬†—ˆ¢Œ´,1724-2,,
19384-0900-16.zip,202202141041,’†‹–€ŒSº˜a’¬†—ˆ¢Œ´,89-11,,
19384-0900-16.zip,202202141041,’†‹–€ŒSº˜a’¬†—ˆ¢Œ´,89-20,,
19384-0900-16.zip,202202141041,’†‹–€ŒSº˜a’¬†—ˆ¢Œ´,91-3,,
19384-0900-16.zip,202202141041,’†‹–€ŒSº˜a’¬†—ˆ¢Œ´,89-18,,
19384-0900-16.zip,202202141041,’†‹–€ŒSº˜a’¬†—ˆ¢Œ´,89-21,,
19384-0900-16.zip,202202141041,’†‹–€ŒSº˜a’¬†—ˆ¢Œ´,48-1,,
19384-0900-16.zip,202202141041,’†‹–€ŒSº˜a’¬†—ˆ¢Œ´,48-5,,
19384-0900-16.zip,202202141041,’†‹–€ŒSº˜a’¬†—ˆ¢Œ´,48-4,,
19384-0900-16.zip,202202141041,’†‹–€ŒSº˜a’¬†—ˆ¢Œ´,“¹-16,,
19384-0900-16.zip,202202141041,’†‹–€ŒSº˜a’¬†—ˆ¢Œ´,11-1,,
19384-0900-16.zip,202202141041,’†‹–€ŒSº˜a’¬†—ˆ¢Œ´,9,,
19384-0900-16.zip,202202141041,’†‹–€ŒSº˜a’¬†—ˆ¢Œ´,“¹-606,,
19384-0900-16.zip,202202141041,’†‹–€ŒSº˜a’¬†—ˆ¢Œ´,104-4,,
19384-0900-16.zip,202202141041,’†‹–€ŒSº˜a’¬†—ˆ¢Œ´,104-1,,
19384-0900-16.zip,202202141041,’†‹–€ŒSº˜a’¬†—ˆ¢Œ´,…-824,,
19384-0900-16.zip,202202141041,’†‹–€ŒSº˜a’¬†—ˆ¢Œ´,106-7,,
19384-0900-16.zip,202202141041,’†‹–€ŒSº˜a’¬†—ˆ¢Œ´,93-2,,
19384-0900-16.zip,202202141041,’†‹–€ŒSº˜a’¬†—ˆ¢Œ´,89-14,,
19384-0900-16.zip,202202141041,’†‹–€ŒSº˜a’¬†—ˆ¢Œ´,89-22,,
19384-0900-16.zip,202202141041,’†‹–€ŒSº˜a’¬†—ˆ¢Œ´,…-9,,
19384-0900-16.zip,202202141041,’†‹–€ŒSº˜a’¬†—ˆ¢Œ´,91-1,,
19384-0900-16.zip,202202141041,’†‹–€ŒSº˜a’¬†—ˆ¢Œ´,91-9,,
19384-0900-16.zip,202202141041,’†‹–€ŒSº˜a’¬†—ˆ¢Œ´,“¹-8,,
19384-0900-16.zip,202202141041,’†‹–€ŒSº˜a’¬†—ˆ¢Œ´,“¹-646,,
19384-0900-16.zip,202202141041,’†‹–€ŒSº˜a’¬†—ˆ¢Œ´,91-10,,
19384-0900-16.zip,202202141041,’†‹–€ŒSº˜a’¬†—ˆ¢Œ´,124-3,,
19384-0900-16.zip,202202141041,’†‹–€ŒSº˜a’¬†—ˆ¢Œ´,124-2,,
19384-0900-16.zip,202202141041,’†‹–€ŒSº˜a’¬†—ˆ¢Œ´,“¹-645,,
19384-0900-16.zip,202202141041,’†‹–€ŒSº˜a’¬†—ˆ¢Œ´,89-23,,
19384-0900-16.zip,202202141041,’†‹–€ŒSº˜a’¬†—ˆ¢Œ´,89-15,,
19384-0900-16.zip,202202141041,’†‹–€ŒSº˜a’¬†—ˆ¢Œ´,…-790,,
19384-0900-16.zip,202202141041,’†‹–€ŒSº˜a’¬†—ˆ¢Œ´,89-1,,
19384-0900-16.zip,202202141041,’†‹–€ŒSº˜a’¬†—ˆ¢Œ´,1926-1,,
19384-0900-16.zip,202202141041,’†‹–€ŒSº˜a’¬†—ˆ¢Œ´,1926-7,,
19384-0900-16.zip,202202141041,’†‹–€ŒSº˜a’¬†—ˆ¢Œ´,…-31,,
19384-0900-16.zip,202202141041,’†‹–€ŒSº˜a’¬†—ˆ¢Œ´,1926-3,,
19384-0900-16.zip,202202141041,’†‹–€ŒSº˜a’¬†—ˆ¢Œ´,1926-2,,
19384-0900-16.zip,202202141041,’†‹–€ŒSº˜a’¬†—ˆ¢Œ´,1926-5,,
19384-0900-16.zip,202202141041,’†‹–€ŒSº˜a’¬†—ˆ¢Œ´,…-831,,
19384-0900-16.zip,202202141041,’†‹–€ŒSº˜a’¬†—ˆ¢Œ´,1926-6,,
19384-0900-16.zip,202202141041,’†‹–€ŒSº˜a’¬†—ˆ¢Œ´,11-5,,
19384-0900-16.zip,202202141041,’†‹–€ŒSº˜a’¬†—ˆ¢Œ´,11-6,,
19384-0900-16.zip,202202141041,’†‹–€ŒSº˜a’¬†—ˆ¢Œ´,11-3,,
19384-0900-16.zip,202202141041,’†‹–€ŒSº˜a’¬†—ˆ¢Œ´,11-7,,
19384-0900-16.zip,202202141041,’†‹–€ŒSº˜a’¬†—ˆ¢Œ´,11-4,,
19384-0900-16.zip,202202141041,’†‹–€ŒSº˜a’¬†—ˆ¢Œ´,140-6,,
19384-0900-16.zip,202202141041,’†‹–€ŒSº˜a’¬†—ˆ¢Œ´,140-1,,
19384-0900-16.zip,202202141041,’†‹–€ŒSº˜a’¬†—ˆ¢Œ´,…-7,,
19384-0900-16.zip,202202141041,’†‹–€ŒSº˜a’¬†—ˆ¢Œ´,146-1,,
19384-0900-16.zip,202202141041,’†‹–€ŒSº˜a’¬†—ˆ¢Œ´,…-2,,
19384-0900-16.zip,202202141041,’†‹–€ŒSº˜a’¬†—ˆ¢Œ´,151-3,,
19384-0900-16.zip,202202141041,’†‹–€ŒSº˜a’¬†—ˆ¢Œ´,151-2,,
19384-0900-16.zip,202202141041,’†‹–€ŒSº˜a’¬†—ˆ¢Œ´,151-1,,
19384-0900-16.zip,202202141041,’†‹–€ŒSº˜a’¬†—ˆ¢Œ´,153-1,,
19384-0900-16.zip,202202141041,’†‹–€ŒSº˜a’¬†—ˆ¢Œ´,153-2,,
19384-0900-16.zip,202202141041,’†‹–€ŒSº˜a’¬†—ˆ¢Œ´,1930-1,,
19384-0900-16.zip,202202141041,’†‹–€ŒSº˜a’¬†—ˆ¢Œ´,1930-2,,
19384-0900-16.zip,202202141041,’†‹–€ŒSº˜a’¬†—ˆ¢Œ´,…-845,,
19384-0900-16.zip,202202141041,’†‹–€ŒSº˜a’¬†—ˆ¢Œ´,15-3,,
19384-0900-16.zip,202202141041,’†‹–€ŒSº˜a’¬†—ˆ¢Œ´,27-2,,
19384-0900-16.zip,202202141041,’†‹–€ŒSº˜a’¬†—ˆ¢Œ´,1770-3,,
19384-0900-16.zip,202202141041,’†‹–€ŒSº˜a’¬†—ˆ¢Œ´,1770-5,,
19384-0900-16.zip,202202141041,’†‹–€ŒSº˜a’¬†—ˆ¢Œ´,1776,,
19384-0900-16.zip,202202141041,’†‹–€ŒSº˜a’¬†—ˆ¢Œ´,125-3,,
19384-0900-16.zip,202202141041,’†‹–€ŒSº˜a’¬†—ˆ¢Œ´,125-1,,
19384-0900-16.zip,202202141041,’†‹–€ŒSº˜a’¬†—ˆ¢Œ´,’·‹·•¨•s–¾-6,,
19384-0900-16.zip,202202141041,’†‹–€ŒSº˜a’¬†—ˆ¢Œ´,2631,,
19384-0900-16.zip,202202141041,’†‹–€ŒSº˜a’¬†—ˆ¢Œ´,212-4,,
19384-0900-16.zip,202202141041,’†‹–€ŒSº˜a’¬†—ˆ¢Œ´,212-2,,
19384-0900-16.zip,202202141041,’†‹–€ŒSº˜a’¬†—ˆ¢Œ´,1921-7,,
19384-0900-16.zip,202202141041,’†‹–€ŒSº˜a’¬†—ˆ¢Œ´,2565-3,,
19384-0900-16.zip,202202141041,’†‹–€ŒSº˜a’¬†—ˆ¢Œ´,2565-1,,
19384-0900-16.zip,202202141041,’†‹–€ŒSº˜a’¬†—ˆ¢Œ´,2565-2,,
19384-0900-16.zip,202202141041,’†‹–€ŒSº˜a’¬†—ˆ¢Œ´,2567,,
19384-0900-16.zip,202202141041,’†‹–€ŒSº˜a’¬†—ˆ¢Œ´,2569,,
19384-0900-16.zip,202202141041,’†‹–€ŒSº˜a’¬†—ˆ¢Œ´,2632-3,,
19384-0900-16.zip,202202141041,’†‹–€ŒSº˜a’¬†—ˆ¢Œ´,2632-1,,
19384-0900-16.zip,202202141041,’†‹–€ŒSº˜a’¬†—ˆ¢Œ´,2632-4,,
19384-0900-16.zip,202202141041,’†‹–€ŒSº˜a’¬†—ˆ¢Œ´,2632-5,,
19384-0900-16.zip,202202141041,’†‹–€ŒSº˜a’¬†—ˆ¢Œ´,2626,,
19384-0900-16.zip,202202141041,’†‹–€ŒSº˜a’¬†—ˆ¢Œ´,2632-2,,
19384-0900-16.zip,202202141041,’†‹–€ŒSº˜a’¬†—ˆ¢Œ´,1921-5,,
19384-0900-16.zip,202202141041,’†‹–€ŒSº˜a’¬†—ˆ¢Œ´,1921-1,,
19384-0900-16.zip,202202141041,’†‹–€ŒSº˜a’¬†—ˆ¢Œ´,2596-3,,
19384-0900-16.zip,202202141041,’†‹–€ŒSº˜a’¬†—ˆ¢Œ´,2596-1,,
19384-0900-16.zip,202202141041,’†‹–€ŒSº˜a’¬†—ˆ¢Œ´,2606,,
19384-0900-16.zip,202202141041,’†‹–€ŒSº˜a’¬†—ˆ¢Œ´,1695-5,,
19384-0900-16.zip,202202141041,’†‹–€ŒSº˜a’¬†—ˆ¢Œ´,1695-3,,
19384-0900-16.zip,202202141041,’†‹–€ŒSº˜a’¬†—ˆ¢Œ´,1696-2,,
19384-0900-16.zip,202202141041,’†‹–€ŒSº˜a’¬†—ˆ¢Œ´,1696-1,,
19384-0900-16.zip,202202141041,’†‹–€ŒSº˜a’¬†—ˆ¢Œ´,1693-2,,
19384-0900-16.zip,202202141041,’†‹–€ŒSº˜a’¬†—ˆ¢Œ´,40-6,,
19384-0900-16.zip,202202141041,’†‹–€ŒSº˜a’¬†—ˆ¢Œ´,40-8,,
19384-0900-16.zip,202202141041,’†‹–€ŒSº˜a’¬†—ˆ¢Œ´,40-9,,
19384-0900-16.zip,202202141041,’†‹–€ŒSº˜a’¬†—ˆ¢Œ´,“¹-628,,
19384-0900-16.zip,202202141041,’†‹–€ŒSº˜a’¬†—ˆ¢Œ´,40-5,,
19384-0900-16.zip,202202141041,’†‹–€ŒSº˜a’¬†—ˆ¢Œ´,1924-1,,
19384-0900-16.zip,202202141041,’†‹–€ŒSº˜a’¬†—ˆ¢Œ´,1921-8,,
19384-0900-16.zip,202202141041,’†‹–€ŒSº˜a’¬†—ˆ¢Œ´,1921-9,,
19384-0900-16.zip,202202141041,’†‹–€ŒSº˜a’¬†—ˆ¢Œ´,1921-3,,
19384-0900-16.zip,202202141041,’†‹–€ŒSº˜a’¬†—ˆ¢Œ´,1928-4,,
19384-0900-16.zip,202202141041,’†‹–€ŒSº˜a’¬†—ˆ¢Œ´,1928-3,,
19384-0900-16.zip,202202141041,’†‹–€ŒSº˜a’¬†—ˆ¢Œ´,1928-1,,
19384-0900-16.zip,202202141041,’†‹–€ŒSº˜a’¬†—ˆ¢Œ´,“¹-602,,
19384-0900-16.zip,202202141041,’†‹–€ŒSº˜a’¬†—ˆ¢Œ´,2561-2,,
19384-0900-16.zip,202202141041,’†‹–€ŒSº˜a’¬†—ˆ¢Œ´,2561-1,,
19384-0900-16.zip,202202141041,’†‹–€ŒSº˜a’¬†—ˆ¢Œ´,2574,,
19384-0900-16.zip,202202141041,’†‹–€ŒSº˜a’¬†—ˆ¢Œ´,2107,,
19384-0900-16.zip,202202141041,’†‹–€ŒSº˜a’¬†—ˆ¢Œ´,…-772,,
19384-0900-16.zip,202202141041,’†‹–€ŒSº˜a’¬†—ˆ¢Œ´,1889-1,,
19384-0900-16.zip,202202141041,’†‹–€ŒSº˜a’¬†—ˆ¢Œ´,1889-2,,
19384-0900-16.zip,202202141041,’†‹–€ŒSº˜a’¬†—ˆ¢Œ´,“¹-625,,
19384-0900-16.zip,202202141041,’†‹–€ŒSº˜a’¬†—ˆ¢Œ´,1718-1,,
19384-0900-16.zip,202202141041,’†‹–€ŒSº˜a’¬†—ˆ¢Œ´,1718-2,,
19384-0900-16.zip,202202141041,’†‹–€ŒSº˜a’¬†—ˆ¢Œ´,1714-1,,
19384-0900-16.zip,202202141041,’†‹–€ŒSº˜a’¬†—ˆ¢Œ´,1714-3,,
19384-0900-16.zip,202202141041,’†‹–€ŒSº˜a’¬†—ˆ¢Œ´,…-787,,
19384-0900-16.zip,202202141041,’†‹–€ŒSº˜a’¬†—ˆ¢Œ´,2712-1,,
19384-0900-16.zip,202202141041,’†‹–€ŒSº˜a’¬†—ˆ¢Œ´,2712-2,,
19384-0900-16.zip,202202141041,’†‹–€ŒSº˜a’¬†—ˆ¢Œ´,2711,,
19384-0900-16.zip,202202141041,’†‹–€ŒSº˜a’¬†—ˆ¢Œ´,2713,,
19384-0900-16.zip,202202141041,’†‹–€ŒSº˜a’¬†—ˆ¢Œ´,2702,,
19384-0900-16.zip,202202141041,’†‹–€ŒSº˜a’¬†—ˆ¢Œ´,383-10,,
19384-0900-16.zip,202202141041,’†‹–€ŒSº˜a’¬†—ˆ¢Œ´,383-9,,
19384-0900-16.zip,202202141041,’†‹–€ŒSº˜a’¬†—ˆ¢Œ´,2557-2,,
19384-0900-16.zip,202202141041,’†‹–€ŒSº˜a’¬†—ˆ¢Œ´,2557-1,,
19384-0900-16.zip,202202141041,’†‹–€ŒSº˜a’¬†—ˆ¢Œ´,2549,,
19384-0900-16.zip,202202141041,’†‹–€ŒSº˜a’¬†—ˆ¢Œ´,1779-10,,
19384-0900-16.zip,202202141041,’†‹–€ŒSº˜a’¬†—ˆ¢Œ´,1780-2,,
19384-0900-16.zip,202202141041,’†‹–€ŒSº˜a’¬†—ˆ¢Œ´,…-830,,
19384-0900-16.zip,202202141041,’†‹–€ŒSº˜a’¬†—ˆ¢Œ´,18-2,,
19384-0900-16.zip,202202141041,’†‹–€ŒSº˜a’¬†—ˆ¢Œ´,18-1,,
19384-0900-16.zip,202202141041,’†‹–€ŒSº˜a’¬†—ˆ¢Œ´,2675-2,,
19384-0900-16.zip,202202141041,’†‹–€ŒSº˜a’¬†—ˆ¢Œ´,1711-2,,
19384-0900-16.zip,202202141041,’†‹–€ŒSº˜a’¬†—ˆ¢Œ´,1711-4,,
19384-0900-16.zip,202202141041,’†‹–€ŒSº˜a’¬†—ˆ¢Œ´,1711-3,,
19384-0900-16.zip,202202141041,’†‹–€ŒSº˜a’¬†—ˆ¢Œ´,1710,,
19384-0900-16.zip,202202141041,’†‹–€ŒSº˜a’¬†—ˆ¢Œ´,2394-3,,
19384-0900-16.zip,202202141041,’†‹–€ŒSº˜a’¬†—ˆ¢Œ´,2445-1,,
19384-0900-16.zip,202202141041,’†‹–€ŒSº˜a’¬†—ˆ¢Œ´,2445-2,,
19384-0900-16.zip,202202141041,’†‹–€ŒSº˜a’¬†—ˆ¢Œ´,2444,,
19384-0900-16.zip,202202141041,’†‹–€ŒSº˜a’¬†—ˆ¢Œ´,2394-4,,
19384-0900-16.zip,202202141041,’†‹–€ŒSº˜a’¬†—ˆ¢Œ´,2394-1,,
19384-0900-16.zip,202202141041,’†‹–€ŒSº˜a’¬†—ˆ¢Œ´,2394-2,,
19384-0900-16.zip,202202141041,’†‹–€ŒSº˜a’¬†—ˆ¢Œ´,2669-1,,
19384-0900-16.zip,202202141041,’†‹–€ŒSº˜a’¬†—ˆ¢Œ´,2669-2,,
19384-0900-16.zip,202202141041,’†‹–€ŒSº˜a’¬†—ˆ¢Œ´,2677,,
19384-0900-16.zip,202202141041,’†‹–€ŒSº˜a’¬†—ˆ¢Œ´,’·‹·•¨•s–¾-21,,
19384-0900-16.zip,202202141041,’†‹–€ŒSº˜a’¬†—ˆ¢Œ´,2400-7,,
19384-0900-16.zip,202202141041,’†‹–€ŒSº˜a’¬†—ˆ¢Œ´,2400-1,,
19384-0900-16.zip,202202141041,’†‹–€ŒSº˜a’¬†—ˆ¢Œ´,2410,,
19384-0900-16.zip,202202141041,’†‹–€ŒSº˜a’¬†—ˆ¢Œ´,2403,,
19384-0900-16.zip,202202141041,’†‹–€ŒSº˜a’¬†—ˆ¢Œ´,1627-5,,
19384-0900-16.zip,202202141041,’†‹–€ŒSº˜a’¬†—ˆ¢Œ´,1627-6,,
19384-0900-16.zip,202202141041,’†‹–€ŒSº˜a’¬†—ˆ¢Œ´,1623-8,,
19384-0900-16.zip,202202141041,’†‹–€ŒSº˜a’¬†—ˆ¢Œ´,2679-27,,
19384-0900-16.zip,202202141041,’†‹–€ŒSº˜a’¬†—ˆ¢Œ´,2589-1,,
19384-0900-16.zip,202202141041,’†‹–€ŒSº˜a’¬†—ˆ¢Œ´,2589-2,,
19384-0900-16.zip,202202141041,’†‹–€ŒSº˜a’¬†—ˆ¢Œ´,2592,,
19384-0900-16.zip,202202141041,’†‹–€ŒSº˜a’¬†—ˆ¢Œ´,2379-2,,
19384-0900-16.zip,202202141041,’†‹–€ŒSº˜a’¬†—ˆ¢Œ´,2379-14,,
19384-0900-16.zip,202202141041,’†‹–€ŒSº˜a’¬†—ˆ¢Œ´,2379-15,,
19384-0900-16.zip,202202141041,’†‹–€ŒSº˜a’¬†—ˆ¢Œ´,2391,,
19384-0900-16.zip,202202141041,’†‹–€ŒSº˜a’¬†—ˆ¢Œ´,2379-1,,
19384-0900-16.zip,202202141041,’†‹–€ŒSº˜a’¬†—ˆ¢Œ´,2368,,
19384-0900-16.zip,202202141041,’†‹–€ŒSº˜a’¬†—ˆ¢Œ´,1673-5,,
19384-0900-16.zip,202202141041,’†‹–€ŒSº˜a’¬†—ˆ¢Œ´,1673-1,,
19384-0900-16.zip,202202141041,’†‹–€ŒSº˜a’¬†—ˆ¢Œ´,1673-4,,
19384-0900-16.zip,202202141041,’†‹–€ŒSº˜a’¬†—ˆ¢Œ´,1673-3,,
19384-0900-16.zip,202202141041,’†‹–€ŒSº˜a’¬†—ˆ¢Œ´,2488-1,,
19384-0900-16.zip,202202141041,’†‹–€ŒSº˜a’¬†—ˆ¢Œ´,2488-2,,
19384-0900-16.zip,202202141041,’†‹–€ŒSº˜a’¬†—ˆ¢Œ´,2482,,
19384-0900-16.zip,202202141041,’†‹–€ŒSº˜a’¬†—ˆ¢Œ´,2492,,
19384-0900-16.zip,202202141041,’†‹–€ŒSº˜a’¬†—ˆ¢Œ´,2727-2,,
19384-0900-16.zip,202202141041,’†‹–€ŒSº˜a’¬†—ˆ¢Œ´,2727-1,,
19384-0900-16.zip,202202141041,’†‹–€ŒSº˜a’¬†—ˆ¢Œ´,2721,,
19384-0900-16.zip,202202141041,’†‹–€ŒSº˜a’¬†—ˆ¢Œ´,3-4,,
19384-0900-16.zip,202202141041,’†‹–€ŒSº˜a’¬†—ˆ¢Œ´,3-1,,
19384-0900-16.zip,202202141041,’†‹–€ŒSº˜a’¬†—ˆ¢Œ´,3-2,,
19384-0900-16.zip,202202141041,’†‹–€ŒSº˜a’¬†—ˆ¢Œ´,15-1,,
19384-0900-16.zip,202202141041,’†‹–€ŒSº˜a’¬†—ˆ¢Œ´,15-4,,
19384-0900-16.zip,202202141041,’†‹–€ŒSº˜a’¬†—ˆ¢Œ´,–³’n”Ô-24,,
19384-0900-16.zip,202202141041,’†‹–€ŒSº˜a’¬†—ˆ¢Œ´,15-2,,
19384-0900-16.zip,202202141041,’†‹–€ŒSº˜a’¬†—ˆ¢Œ´,2564-1,,
19384-0900-16.zip,202202141041,’†‹–€ŒSº˜a’¬†—ˆ¢Œ´,2564-2,,
19384-0900-16.zip,202202141041,’†‹–€ŒSº˜a’¬†—ˆ¢Œ´,2560,,
19384-0900-16.zip,202202141041,’†‹–€ŒSº˜a’¬†—ˆ¢Œ´,2570,,
19384-0900-16.zip,202202141041,’†‹–€ŒSº˜a’¬†—ˆ¢Œ´,79-3,,
19384-0900-16.zip,202202141041,’†‹–€ŒSº˜a’¬†—ˆ¢Œ´,79-1,,
19384-0900-16.zip,202202141041,’†‹–€ŒSº˜a’¬†—ˆ¢Œ´,“¹-624,,
19384-0900-16.zip,202202141041,’†‹–€ŒSº˜a’¬†—ˆ¢Œ´,53-1,,
19384-0900-16.zip,202202141041,’†‹–€ŒSº˜a’¬†—ˆ¢Œ´,53-3,,
19384-0900-16.zip,202202141041,’†‹–€ŒSº˜a’¬†—ˆ¢Œ´,“¹-584,,
19384-0900-16.zip,202202141041,’†‹–€ŒSº˜a’¬†—ˆ¢Œ´,53-4,,
19384-0900-16.zip,202202141041,’†‹–€ŒSº˜a’¬†—ˆ¢Œ´,2-4,,
19384-0900-16.zip,202202141041,’†‹–€ŒSº˜a’¬†—ˆ¢Œ´,2-1,,
19384-0900-16.zip,202202141041,’†‹–€ŒSº˜a’¬†—ˆ¢Œ´,3-3,,
19384-0900-16.zip,202202141041,’†‹–€ŒSº˜a’¬†—ˆ¢Œ´,3-5,,
19384-0900-16.zip,202202141041,’†‹–€ŒSº˜a’¬†—ˆ¢Œ´,“¹-15,,
19384-0900-16.zip,202202141041,’†‹–€ŒSº˜a’¬†—ˆ¢Œ´,…-820,,
19384-0900-16.zip,202202141041,’†‹–€ŒSº˜a’¬†—ˆ¢Œ´,2-3,,
19384-0900-16.zip,202202141041,’†‹–€ŒSº˜a’¬†—ˆ¢Œ´,2-5,,
19384-0900-16.zip,202202141041,’†‹–€ŒSº˜a’¬†—ˆ¢Œ´,76-2,,
19384-0900-16.zip,202202141041,’†‹–€ŒSº˜a’¬†—ˆ¢Œ´,76,,
19384-0900-16.zip,202202141041,’†‹–€ŒSº˜a’¬†—ˆ¢Œ´,77-1,,
19384-0900-16.zip,202202141041,’†‹–€ŒSº˜a’¬†—ˆ¢Œ´,77-2,,
19384-0900-16.zip,202202141041,’†‹–€ŒSº˜a’¬†—ˆ¢Œ´,…-799,,
19384-0900-16.zip,202202141041,’†‹–€ŒSº˜a’¬†—ˆ¢Œ´,82,,
19384-0900-16.zip,202202141041,’†‹–€ŒSº˜a’¬†—ˆ¢Œ´,1700-4,,
19384-0900-16.zip,202202141041,’†‹–€ŒSº˜a’¬†—ˆ¢Œ´,1700-1,,
19384-0900-16.zip,202202141041,’†‹–€ŒSº˜a’¬†—ˆ¢Œ´,1700-3,,
19384-0900-16.zip,202202141041,’†‹–€ŒSº˜a’¬†—ˆ¢Œ´,…-764,,
19384-0900-16.zip,202202141041,’†‹–€ŒSº˜a’¬†—ˆ¢Œ´,1700-5,,
19384-0900-16.zip,202202141041,’†‹–€ŒSº˜a’¬†—ˆ¢Œ´,1700-2,,
19384-0900-16.zip,202202141041,’†‹–€ŒSº˜a’¬†—ˆ¢Œ´,1700-6,,
19384-0900-16.zip,202202141041,’†‹–€ŒSº˜a’¬†—ˆ¢Œ´,1564-3,,
19384-0900-16.zip,202202141041,’†‹–€ŒSº˜a’¬†—ˆ¢Œ´,1564-2,,
19384-0900-16.zip,202202141041,’†‹–€ŒSº˜a’¬†—ˆ¢Œ´,1565-2,,
19384-0900-16.zip,202202141041,’†‹–€ŒSº˜a’¬†—ˆ¢Œ´,1565-3,,
19384-0900-16.zip,202202141041,’†‹–€ŒSº˜a’¬†—ˆ¢Œ´,2538-2,,
19384-0900-16.zip,202202141041,’†‹–€ŒSº˜a’¬†—ˆ¢Œ´,2538-1,,
19384-0900-16.zip,202202141041,’†‹–€ŒSº˜a’¬†—ˆ¢Œ´,–³’n”Ô-35,,
19384-0900-16.zip,202202141041,’†‹–€ŒSº˜a’¬†—ˆ¢Œ´,2528,,
19384-0900-16.zip,202202141041,’†‹–€ŒSº˜a’¬†—ˆ¢Œ´,2541-1,,
19384-0900-16.zip,202202141041,’†‹–€ŒSº˜a’¬†—ˆ¢Œ´,2541-2,,
19384-0900-16.zip,202202141041,’†‹–€ŒSº˜a’¬†—ˆ¢Œ´,2546,,
19384-0900-16.zip,202202141041,’†‹–€ŒSº˜a’¬†—ˆ¢Œ´,1688-2,,
19384-0900-16.zip,202202141041,’†‹–€ŒSº˜a’¬†—ˆ¢Œ´,1688-8,,
19384-0900-16.zip,202202141041,’†‹–€ŒSº˜a’¬†—ˆ¢Œ´,1686-2,,
19384-0900-16.zip,202202141041,’†‹–€ŒSº˜a’¬†—ˆ¢Œ´,1686-3,,
19384-0900-16.zip,202202141041,’†‹–€ŒSº˜a’¬†—ˆ¢Œ´,1686-1,,
19384-0900-16.zip,202202141041,’†‹–€ŒSº˜a’¬†—ˆ¢Œ´,1787-3,,
19384-0900-16.zip,202202141041,’†‹–€ŒSº˜a’¬†—ˆ¢Œ´,1787-1,,
19384-0900-16.zip,202202141041,’†‹–€ŒSº˜a’¬†—ˆ¢Œ´,1779-1,,
19384-0900-16.zip,202202141041,’†‹–€ŒSº˜a’¬†—ˆ¢Œ´,1787-2,,
19384-0900-16.zip,202202141041,’†‹–€ŒSº˜a’¬†—ˆ¢Œ´,11-8,,
19384-0900-16.zip,202202141041,’†‹–€ŒSº˜a’¬†—ˆ¢Œ´,“¹-588,,
19384-0900-16.zip,202202141041,’†‹–€ŒSº˜a’¬†—ˆ¢Œ´,11-2,,
19384-0900-16.zip,202202141041,’†‹–€ŒSº˜a’¬†—ˆ¢Œ´,2448-6,,
19384-0900-16.zip,202202141041,’†‹–€ŒSº˜a’¬†—ˆ¢Œ´,2448-1,,
19384-0900-16.zip,202202141041,’†‹–€ŒSº˜a’¬†—ˆ¢Œ´,2448-2,,
19384-0900-16.zip,202202141041,’†‹–€ŒSº˜a’¬†—ˆ¢Œ´,2448-4,,
19384-0900-16.zip,202202141041,’†‹–€ŒSº˜a’¬†—ˆ¢Œ´,2448-3,,
19384-0900-16.zip,202202141041,’†‹–€ŒSº˜a’¬†—ˆ¢Œ´,2448-5,,
19384-0900-16.zip,202202141041,’†‹–€ŒSº˜a’¬†—ˆ¢Œ´,2460,,
19384-0900-16.zip,202202141041,’†‹–€ŒSº˜a’¬†—ˆ¢Œ´,2455-3,,
19384-0900-16.zip,202202141041,’†‹–€ŒSº˜a’¬†—ˆ¢Œ´,2455-2,,
19384-0900-16.zip,202202141041,’†‹–€ŒSº˜a’¬†—ˆ¢Œ´,2455-4,,
19384-0900-16.zip,202202141041,’†‹–€ŒSº˜a’¬†—ˆ¢Œ´,2455-5,,
19384-0900-16.zip,202202141041,’†‹–€ŒSº˜a’¬†—ˆ¢Œ´,2455-6,,
19384-0900-16.zip,202202141041,’†‹–€ŒSº˜a’¬†—ˆ¢Œ´,2496,,
19384-0900-16.zip,202202141041,’†‹–€ŒSº˜a’¬†—ˆ¢Œ´,2456,,
19384-0900-16.zip,202202141041,’†‹–€ŒSº˜a’¬†—ˆ¢Œ´,1687-3,,
19384-0900-16.zip,202202141041,’†‹–€ŒSº˜a’¬†—ˆ¢Œ´,“¹-582,,
19384-0900-16.zip,202202141041,’†‹–€ŒSº˜a’¬†—ˆ¢Œ´,…-822,,
19384-0900-16.zip,202202141041,’†‹–€ŒSº˜a’¬†—ˆ¢Œ´,1719-2,,
19384-0900-16.zip,202202141041,’†‹–€ŒSº˜a’¬†—ˆ¢Œ´,1688-7,,
19384-0900-16.zip,202202141041,’†‹–€ŒSº˜a’¬†—ˆ¢Œ´,1687-1,,
19384-0900-16.zip,202202141041,’†‹–€ŒSº˜a’¬†—ˆ¢Œ´,1770-1,,
19384-0900-16.zip,202202141041,’†‹–€ŒSº˜a’¬†—ˆ¢Œ´,1770-6,,
19384-0900-16.zip,202202141041,’†‹–€ŒSº˜a’¬†—ˆ¢Œ´,1770-7,,
19384-0900-16.zip,202202141041,’†‹–€ŒSº˜a’¬†—ˆ¢Œ´,…-798,,
19384-0900-16.zip,202202141041,’†‹–€ŒSº˜a’¬†—ˆ¢Œ´,1770-4,,
19384-0900-16.zip,202202141041,’†‹–€ŒSº˜a’¬†—ˆ¢Œ´,2337,,
19384-0900-16.zip,202202141041,’†‹–€ŒSº˜a’¬†—ˆ¢Œ´,2449-3,,
19384-0900-16.zip,202202141041,’†‹–€ŒSº˜a’¬†—ˆ¢Œ´,2449-2,,
19384-0900-16.zip,202202141041,’†‹–€ŒSº˜a’¬†—ˆ¢Œ´,2449-1,,
19384-0900-16.zip,202202141041,’†‹–€ŒSº˜a’¬†—ˆ¢Œ´,2449-4,,
19384-0900-16.zip,202202141041,’†‹–€ŒSº˜a’¬†—ˆ¢Œ´,2449-5,,
19384-0900-16.zip,202202141041,’†‹–€ŒSº˜a’¬†—ˆ¢Œ´,2446,,
19384-0900-16.zip,202202141041,’†‹–€ŒSº˜a’¬†—ˆ¢Œ´,2455-1,,
19384-0900-16.zip,202202141041,’†‹–€ŒSº˜a’¬†—ˆ¢Œ´,2453,,
19384-0900-16.zip,202202141041,’†‹–€ŒSº˜a’¬†—ˆ¢Œ´,2451,,
19384-0900-16.zip,202202141041,’†‹–€ŒSº˜a’¬†—ˆ¢Œ´,1643-3,,
19384-0900-16.zip,202202141041,’†‹–€ŒSº˜a’¬†—ˆ¢Œ´,1643-1,,
19384-0900-16.zip,202202141041,’†‹–€ŒSº˜a’¬†—ˆ¢Œ´,2675-1,,
19384-0900-16.zip,202202141041,’†‹–€ŒSº˜a’¬†—ˆ¢Œ´,1644-3,,
19384-0900-16.zip,202202141041,’†‹–€ŒSº˜a’¬†—ˆ¢Œ´,1644-1,,
19384-0900-16.zip,202202141041,’†‹–€ŒSº˜a’¬†—ˆ¢Œ´,1623-6,,
19384-0900-16.zip,202202141041,’†‹–€ŒSº˜a’¬†—ˆ¢Œ´,2726-2,,
19384-0900-16.zip,202202141041,’†‹–€ŒSº˜a’¬†—ˆ¢Œ´,2726-1,,
19384-0900-16.zip,202202141041,’†‹–€ŒSº˜a’¬†—ˆ¢Œ´,2739,,
19384-0900-16.zip,202202141041,’†‹–€ŒSº˜a’¬†—ˆ¢Œ´,2723,,
19384-0900-16.zip,202202141041,’†‹–€ŒSº˜a’¬†—ˆ¢Œ´,146-3,,
19384-0900-16.zip,202202141041,’†‹–€ŒSº˜a’¬†—ˆ¢Œ´,146-4,,
19384-0900-16.zip,202202141041,’†‹–€ŒSº˜a’¬†—ˆ¢Œ´,“¹-603,,
19384-0900-16.zip,202202141041,’†‹–€ŒSº˜a’¬†—ˆ¢Œ´,146-2,,
19384-0900-16.zip,202202141041,’†‹–€ŒSº˜a’¬†—ˆ¢Œ´,2484,,
19384-0900-16.zip,202202141041,’†‹–€ŒSº˜a’¬†—ˆ¢Œ´,171-9,,
19384-0900-16.zip,202202141041,’†‹–€ŒSº˜a’¬†—ˆ¢Œ´,171-7,,
19384-0900-16.zip,202202141041,’†‹–€ŒSº˜a’¬†—ˆ¢Œ´,171-8,,
19384-0900-16.zip,202202141041,’†‹–€ŒSº˜a’¬†—ˆ¢Œ´,171-3,,
19384-0900-16.zip,202202141041,’†‹–€ŒSº˜a’¬†—ˆ¢Œ´,78-1,,
19384-0900-16.zip,202202141041,’†‹–€ŒSº˜a’¬†—ˆ¢Œ´,78-4,,
19384-0900-16.zip,202202141041,’†‹–€ŒSº˜a’¬†—ˆ¢Œ´,78-3,,
19384-0900-16.zip,202202141041,’†‹–€ŒSº˜a’¬†—ˆ¢Œ´,172-2,,
19384-0900-16.zip,202202141041,’†‹–€ŒSº˜a’¬†—ˆ¢Œ´,172-1,,
19384-0900-16.zip,202202141041,’†‹–€ŒSº˜a’¬†—ˆ¢Œ´,172-3,,
19384-0900-17.zip,202202141041,’†‹–€ŒSº˜a’¬’z’nV‹,3-2,,
19384-0900-17.zip,202202141041,’†‹–€ŒSº˜a’¬’z’nV‹,3-5,,
19384-0900-17.zip,202202141041,’†‹–€ŒSº˜a’¬’z’nV‹,3-6,,
19384-0900-17.zip,202202141041,’†‹–€ŒSº˜a’¬’z’nV‹,3-7,,
19384-0900-17.zip,202202141041,’†‹–€ŒSº˜a’¬’z’nV‹,3-8,,
19384-0900-17.zip,202202141041,’†‹–€ŒSº˜a’¬’z’nV‹,3-9,,
19384-0900-17.zip,202202141041,’†‹–€ŒSº˜a’¬’z’nV‹,4,,
19384-0900-17.zip,202202141041,’†‹–€ŒSº˜a’¬’z’nV‹,5,,
19384-0900-17.zip,202202141041,’†‹–€ŒSº˜a’¬’z’nV‹,10-1,,
19384-0900-17.zip,202202141041,’†‹–€ŒSº˜a’¬’z’nV‹,13-2,,
19384-0900-17.zip,202202141041,’†‹–€ŒSº˜a’¬’z’nV‹,14-2,,
19384-0900-17.zip,202202141041,’†‹–€ŒSº˜a’¬’z’nV‹,14-3,,
19384-0900-17.zip,202202141041,’†‹–€ŒSº˜a’¬’z’nV‹,14-4,,
19384-0900-17.zip,202202141041,’†‹–€ŒSº˜a’¬’z’nV‹,14-6,,
19384-0900-17.zip,202202141041,’†‹–€ŒSº˜a’¬’z’nV‹,17,,
19384-0900-17.zip,202202141041,’†‹–€ŒSº˜a’¬’z’nV‹,18-1,,
19384-0900-17.zip,202202141041,’†‹–€ŒSº˜a’¬’z’nV‹,18-2,,
19384-0900-17.zip,202202141041,’†‹–€ŒSº˜a’¬’z’nV‹,21,,
19384-0900-17.zip,202202141041,’†‹–€ŒSº˜a’¬’z’nV‹,24-2,,
19384-0900-17.zip,202202141041,’†‹–€ŒSº˜a’¬’z’nV‹,29-1,,
19384-0900-17.zip,202202141041,’†‹–€ŒSº˜a’¬’z’nV‹,29-2,,
19384-0900-17.zip,202202141041,’†‹–€ŒSº˜a’¬’z’nV‹,29-3,,
19384-0900-17.zip,202202141041,’†‹–€ŒSº˜a’¬’z’nV‹,30,,
19384-0900-17.zip,202202141041,’†‹–€ŒSº˜a’¬’z’nV‹,30-2,,
19384-0900-17.zip,202202141041,’†‹–€ŒSº˜a’¬’z’nV‹,31,,
19384-0900-17.zip,202202141041,’†‹–€ŒSº˜a’¬’z’nV‹,51-4,,
19384-0900-17.zip,202202141041,’†‹–€ŒSº˜a’¬’z’nV‹,86-1,,
19384-0900-17.zip,202202141041,’†‹–€ŒSº˜a’¬’z’nV‹,“¹-5,,
19384-0900-17.zip,202202141041,’†‹–€ŒSº˜a’¬’z’nV‹,“¹-311,,
19384-0900-17.zip,202202141041,’†‹–€ŒSº˜a’¬’z’nV‹,…-7,,
19384-0900-17.zip,202202141041,’†‹–€ŒSº˜a’¬’z’nV‹,…-21,,
19384-0900-17.zip,202202141041,’†‹–€ŒSº˜a’¬’z’nV‹,…-380,,
19384-0900-17.zip,202202141041,’†‹–€ŒSº˜a’¬’z’nV‹,105-1,,
19384-0900-17.zip,202202141041,’†‹–€ŒSº˜a’¬’z’nV‹,105-2,,
19384-0900-17.zip,202202141041,’†‹–€ŒSº˜a’¬’z’nV‹,105-4,,
19384-0900-17.zip,202202141041,’†‹–€ŒSº˜a’¬’z’nV‹,105-5,,
19384-0900-17.zip,202202141041,’†‹–€ŒSº˜a’¬’z’nV‹,105-6,,
19384-0900-17.zip,202202141041,’†‹–€ŒSº˜a’¬’z’nV‹,106-1,,
19384-0900-17.zip,202202141041,’†‹–€ŒSº˜a’¬’z’nV‹,106-2,,
19384-0900-17.zip,202202141041,’†‹–€ŒSº˜a’¬’z’nV‹,117-2,,
19384-0900-17.zip,202202141041,’†‹–€ŒSº˜a’¬’z’nV‹,118-1,,
19384-0900-17.zip,202202141041,’†‹–€ŒSº˜a’¬’z’nV‹,118-2,,
19384-0900-17.zip,202202141041,’†‹–€ŒSº˜a’¬’z’nV‹,118-3,,
19384-0900-17.zip,202202141041,’†‹–€ŒSº˜a’¬’z’nV‹,118-4,,
19384-0900-17.zip,202202141041,’†‹–€ŒSº˜a’¬’z’nV‹,130-3,,
19384-0900-17.zip,202202141041,’†‹–€ŒSº˜a’¬’z’nV‹,–³’n”Ô-36,,
19384-0900-17.zip,202202141041,’†‹–€ŒSº˜a’¬’z’nV‹,“¹-306,,
19384-0900-17.zip,202202141041,’†‹–€ŒSº˜a’¬’z’nV‹,“¹-321,,
19384-0900-17.zip,202202141041,’†‹–€ŒSº˜a’¬’z’nV‹,…-395,,
19384-0900-17.zip,202202141041,’†‹–€ŒSº˜a’¬’z’nV‹,…-403,,
19384-0900-17.zip,202202141041,’†‹–€ŒSº˜a’¬’z’nV‹,160,,
19384-0900-17.zip,202202141041,’†‹–€ŒSº˜a’¬’z’nV‹,216-1,,
19384-0900-17.zip,202202141041,’†‹–€ŒSº˜a’¬’z’nV‹,216-2,,
19384-0900-17.zip,202202141041,’†‹–€ŒSº˜a’¬’z’nV‹,218,,
19384-0900-17.zip,202202141041,’†‹–€ŒSº˜a’¬’z’nV‹,219,,
19384-0900-17.zip,202202141041,’†‹–€ŒSº˜a’¬’z’nV‹,220,,
19384-0900-17.zip,202202141041,’†‹–€ŒSº˜a’¬’z’nV‹,221,,
19384-0900-17.zip,202202141041,’†‹–€ŒSº˜a’¬’z’nV‹,223-1,,
19384-0900-17.zip,202202141041,’†‹–€ŒSº˜a’¬’z’nV‹,223-2,,
19384-0900-17.zip,202202141041,’†‹–€ŒSº˜a’¬’z’nV‹,223-3,,
19384-0900-17.zip,202202141041,’†‹–€ŒSº˜a’¬’z’nV‹,223-4,,
19384-0900-17.zip,202202141041,’†‹–€ŒSº˜a’¬’z’nV‹,225-1,,
19384-0900-17.zip,202202141041,’†‹–€ŒSº˜a’¬’z’nV‹,225-2,,
19384-0900-17.zip,202202141041,’†‹–€ŒSº˜a’¬’z’nV‹,226,,
19384-0900-17.zip,202202141041,’†‹–€ŒSº˜a’¬’z’nV‹,228,,
19384-0900-17.zip,202202141041,’†‹–€ŒSº˜a’¬’z’nV‹,229-1,,
19384-0900-17.zip,202202141041,’†‹–€ŒSº˜a’¬’z’nV‹,229-2,,
19384-0900-17.zip,202202141041,’†‹–€ŒSº˜a’¬’z’nV‹,230-1,,
19384-0900-17.zip,202202141041,’†‹–€ŒSº˜a’¬’z’nV‹,230-2,,
19384-0900-17.zip,202202141041,’†‹–€ŒSº˜a’¬’z’nV‹,230-3,,
19384-0900-17.zip,202202141041,’†‹–€ŒSº˜a’¬’z’nV‹,231-1,,
19384-0900-17.zip,202202141041,’†‹–€ŒSº˜a’¬’z’nV‹,232-1,,
19384-0900-17.zip,202202141041,’†‹–€ŒSº˜a’¬’z’nV‹,232-4,,
19384-0900-17.zip,202202141041,’†‹–€ŒSº˜a’¬’z’nV‹,233-1,,
19384-0900-17.zip,202202141041,’†‹–€ŒSº˜a’¬’z’nV‹,234-1,,
19384-0900-17.zip,202202141041,’†‹–€ŒSº˜a’¬’z’nV‹,235-1,,
19384-0900-17.zip,202202141041,’†‹–€ŒSº˜a’¬’z’nV‹,235-2,,
19384-0900-17.zip,202202141041,’†‹–€ŒSº˜a’¬’z’nV‹,237-1,,
19384-0900-17.zip,202202141041,’†‹–€ŒSº˜a’¬’z’nV‹,237-2,,
19384-0900-17.zip,202202141041,’†‹–€ŒSº˜a’¬’z’nV‹,237-3,,
19384-0900-17.zip,202202141041,’†‹–€ŒSº˜a’¬’z’nV‹,239,,
19384-0900-17.zip,202202141041,’†‹–€ŒSº˜a’¬’z’nV‹,240,,
19384-0900-17.zip,202202141041,’†‹–€ŒSº˜a’¬’z’nV‹,248,,
19384-0900-17.zip,202202141041,’†‹–€ŒSº˜a’¬’z’nV‹,253-1,,
19384-0900-17.zip,202202141041,’†‹–€ŒSº˜a’¬’z’nV‹,253-2,,
19384-0900-17.zip,202202141041,’†‹–€ŒSº˜a’¬’z’nV‹,253-3,,
19384-0900-17.zip,202202141041,’†‹–€ŒSº˜a’¬’z’nV‹,256,,
19384-0900-17.zip,202202141041,’†‹–€ŒSº˜a’¬’z’nV‹,259-1,,
19384-0900-17.zip,202202141041,’†‹–€ŒSº˜a’¬’z’nV‹,259-2,,
19384-0900-17.zip,202202141041,’†‹–€ŒSº˜a’¬’z’nV‹,259-3,,
19384-0900-17.zip,202202141041,’†‹–€ŒSº˜a’¬’z’nV‹,259-4,,
19384-0900-17.zip,202202141041,’†‹–€ŒSº˜a’¬’z’nV‹,260-1,,
19384-0900-17.zip,202202141041,’†‹–€ŒSº˜a’¬’z’nV‹,260-2,,
19384-0900-17.zip,202202141041,’†‹–€ŒSº˜a’¬’z’nV‹,260-3,,
19384-0900-17.zip,202202141041,’†‹–€ŒSº˜a’¬’z’nV‹,260-4,,
19384-0900-17.zip,202202141041,’†‹–€ŒSº˜a’¬’z’nV‹,260-5,,
19384-0900-17.zip,202202141041,’†‹–€ŒSº˜a’¬’z’nV‹,260-6,,
19384-0900-17.zip,202202141041,’†‹–€ŒSº˜a’¬’z’nV‹,266,,
19384-0900-17.zip,202202141041,’†‹–€ŒSº˜a’¬’z’nV‹,266-2,,
19384-0900-17.zip,202202141041,’†‹–€ŒSº˜a’¬’z’nV‹,267,,
19384-0900-17.zip,202202141041,’†‹–€ŒSº˜a’¬’z’nV‹,268,,
19384-0900-17.zip,202202141041,’†‹–€ŒSº˜a’¬’z’nV‹,269,,
19384-0900-17.zip,202202141041,’†‹–€ŒSº˜a’¬’z’nV‹,270,,
19384-0900-17.zip,202202141041,’†‹–€ŒSº˜a’¬’z’nV‹,272,,
19384-0900-17.zip,202202141041,’†‹–€ŒSº˜a’¬’z’nV‹,279-2,,
19384-0900-17.zip,202202141041,’†‹–€ŒSº˜a’¬’z’nV‹,279-4,,
19384-0900-17.zip,202202141041,’†‹–€ŒSº˜a’¬’z’nV‹,279-5,,
19384-0900-17.zip,202202141041,’†‹–€ŒSº˜a’¬’z’nV‹,281-3,,
19384-0900-17.zip,202202141041,’†‹–€ŒSº˜a’¬’z’nV‹,282-3,,
19384-0900-17.zip,202202141041,’†‹–€ŒSº˜a’¬’z’nV‹,282-9,,
19384-0900-17.zip,202202141041,’†‹–€ŒSº˜a’¬’z’nV‹,283-1,,
19384-0900-17.zip,202202141041,’†‹–€ŒSº˜a’¬’z’nV‹,283-2,,
19384-0900-17.zip,202202141041,’†‹–€ŒSº˜a’¬’z’nV‹,287,,
19384-0900-17.zip,202202141041,’†‹–€ŒSº˜a’¬’z’nV‹,289,,
19384-0900-17.zip,202202141041,’†‹–€ŒSº˜a’¬’z’nV‹,290,,
19384-0900-17.zip,202202141041,’†‹–€ŒSº˜a’¬’z’nV‹,297-1,,
19384-0900-17.zip,202202141041,’†‹–€ŒSº˜a’¬’z’nV‹,297-2,,
19384-0900-17.zip,202202141041,’†‹–€ŒSº˜a’¬’z’nV‹,300-2,,
19384-0900-17.zip,202202141041,’†‹–€ŒSº˜a’¬’z’nV‹,300-3,,
19384-0900-17.zip,202202141041,’†‹–€ŒSº˜a’¬’z’nV‹,“¹-7,,
19384-0900-17.zip,202202141041,’†‹–€ŒSº˜a’¬’z’nV‹,“¹-294,,
19384-0900-17.zip,202202141041,’†‹–€ŒSº˜a’¬’z’nV‹,“¹-310,,
19384-0900-17.zip,202202141041,’†‹–€ŒSº˜a’¬’z’nV‹,“¹-319,,
19384-0900-17.zip,202202141041,’†‹–€ŒSº˜a’¬’z’nV‹,“¹-322,,
19384-0900-17.zip,202202141041,’†‹–€ŒSº˜a’¬’z’nV‹,“¹-325,,
19384-0900-17.zip,202202141041,’†‹–€ŒSº˜a’¬’z’nV‹,…-377,,
19384-0900-17.zip,202202141041,’†‹–€ŒSº˜a’¬’z’nV‹,308-1,,
19384-0900-17.zip,202202141041,’†‹–€ŒSº˜a’¬’z’nV‹,308-2,,
19384-0900-17.zip,202202141041,’†‹–€ŒSº˜a’¬’z’nV‹,308-3,,
19384-0900-17.zip,202202141041,’†‹–€ŒSº˜a’¬’z’nV‹,309-1,,
19384-0900-17.zip,202202141041,’†‹–€ŒSº˜a’¬’z’nV‹,309-2,,
19384-0900-17.zip,202202141041,’†‹–€ŒSº˜a’¬’z’nV‹,309-3,,
19384-0900-17.zip,202202141041,’†‹–€ŒSº˜a’¬’z’nV‹,310-2,,
19384-0900-17.zip,202202141041,’†‹–€ŒSº˜a’¬’z’nV‹,310-4,,
19384-0900-17.zip,202202141041,’†‹–€ŒSº˜a’¬’z’nV‹,310-5,,
19384-0900-17.zip,202202141041,’†‹–€ŒSº˜a’¬’z’nV‹,310-6,,
19384-0900-17.zip,202202141041,’†‹–€ŒSº˜a’¬’z’nV‹,310-7,,
19384-0900-17.zip,202202141041,’†‹–€ŒSº˜a’¬’z’nV‹,312-1,,
19384-0900-17.zip,202202141041,’†‹–€ŒSº˜a’¬’z’nV‹,312-2,,
19384-0900-17.zip,202202141041,’†‹–€ŒSº˜a’¬’z’nV‹,313,,
19384-0900-17.zip,202202141041,’†‹–€ŒSº˜a’¬’z’nV‹,314,,
19384-0900-17.zip,202202141041,’†‹–€ŒSº˜a’¬’z’nV‹,316,,
19384-0900-17.zip,202202141041,’†‹–€ŒSº˜a’¬’z’nV‹,317-1,,
19384-0900-17.zip,202202141041,’†‹–€ŒSº˜a’¬’z’nV‹,318-1,,
19384-0900-17.zip,202202141041,’†‹–€ŒSº˜a’¬’z’nV‹,318-3,,
19384-0900-17.zip,202202141041,’†‹–€ŒSº˜a’¬’z’nV‹,318-5,,
19384-0900-17.zip,202202141041,’†‹–€ŒSº˜a’¬’z’nV‹,319,,
19384-0900-17.zip,202202141041,’†‹–€ŒSº˜a’¬’z’nV‹,320-3,,
19384-0900-17.zip,202202141041,’†‹–€ŒSº˜a’¬’z’nV‹,326-1,,
19384-0900-17.zip,202202141041,’†‹–€ŒSº˜a’¬’z’nV‹,327-2,,
19384-0900-17.zip,202202141041,’†‹–€ŒSº˜a’¬’z’nV‹,338-2,,
19384-0900-17.zip,202202141041,’†‹–€ŒSº˜a’¬’z’nV‹,339-1,,
19384-0900-17.zip,202202141041,’†‹–€ŒSº˜a’¬’z’nV‹,340-1,,
19384-0900-17.zip,202202141041,’†‹–€ŒSº˜a’¬’z’nV‹,341-2,,
19384-0900-17.zip,202202141041,’†‹–€ŒSº˜a’¬’z’nV‹,341-6,,
19384-0900-17.zip,202202141041,’†‹–€ŒSº˜a’¬’z’nV‹,342-1,,
19384-0900-17.zip,202202141041,’†‹–€ŒSº˜a’¬’z’nV‹,342-2,,
19384-0900-17.zip,202202141041,’†‹–€ŒSº˜a’¬’z’nV‹,342-5,,
19384-0900-17.zip,202202141041,’†‹–€ŒSº˜a’¬’z’nV‹,342-6,,
19384-0900-17.zip,202202141041,’†‹–€ŒSº˜a’¬’z’nV‹,342-7,,
19384-0900-17.zip,202202141041,’†‹–€ŒSº˜a’¬’z’nV‹,342-8,,
19384-0900-17.zip,202202141041,’†‹–€ŒSº˜a’¬’z’nV‹,342-9,,
19384-0900-17.zip,202202141041,’†‹–€ŒSº˜a’¬’z’nV‹,342-10,,
19384-0900-17.zip,202202141041,’†‹–€ŒSº˜a’¬’z’nV‹,342-11,,
19384-0900-17.zip,202202141041,’†‹–€ŒSº˜a’¬’z’nV‹,342-12,,
19384-0900-17.zip,202202141041,’†‹–€ŒSº˜a’¬’z’nV‹,342-13,,
19384-0900-17.zip,202202141041,’†‹–€ŒSº˜a’¬’z’nV‹,342-16,,
19384-0900-17.zip,202202141041,’†‹–€ŒSº˜a’¬’z’nV‹,342-17,,
19384-0900-17.zip,202202141041,’†‹–€ŒSº˜a’¬’z’nV‹,342-28,,
19384-0900-17.zip,202202141041,’†‹–€ŒSº˜a’¬’z’nV‹,342-29,,
19384-0900-17.zip,202202141041,’†‹–€ŒSº˜a’¬’z’nV‹,342-30,,
19384-0900-17.zip,202202141041,’†‹–€ŒSº˜a’¬’z’nV‹,342-31,,
19384-0900-17.zip,202202141041,’†‹–€ŒSº˜a’¬’z’nV‹,342-33,,
19384-0900-17.zip,202202141041,’†‹–€ŒSº˜a’¬’z’nV‹,“¹-303,,
19384-0900-17.zip,202202141041,’†‹–€ŒSº˜a’¬’z’nV‹,“¹-308,,
19384-0900-17.zip,202202141041,’†‹–€ŒSº˜a’¬’z’nV‹,“¹-316,,
19384-0900-17.zip,202202141041,’†‹–€ŒSº˜a’¬’z’nV‹,…-394,,
19384-0900-17.zip,202202141041,’†‹–€ŒSº˜a’¬’z’nV‹,…-417,,
19384-0900-17.zip,202202141041,’†‹–€ŒSº˜a’¬’z’nV‹,425-1,,
19384-0900-17.zip,202202141041,’†‹–€ŒSº˜a’¬’z’nV‹,425-3,,
19384-0900-17.zip,202202141041,’†‹–€ŒSº˜a’¬’z’nV‹,425-4,,
19384-0900-17.zip,202202141041,’†‹–€ŒSº˜a’¬’z’nV‹,426-2,,
19384-0900-17.zip,202202141041,’†‹–€ŒSº˜a’¬’z’nV‹,426-3,,
19384-0900-17.zip,202202141041,’†‹–€ŒSº˜a’¬’z’nV‹,427-3,,
19384-0900-17.zip,202202141041,’†‹–€ŒSº˜a’¬’z’nV‹,427-5,,
19384-0900-17.zip,202202141041,’†‹–€ŒSº˜a’¬’z’nV‹,427-6,,
19384-0900-17.zip,202202141041,’†‹–€ŒSº˜a’¬’z’nV‹,433-4,,
19384-0900-17.zip,202202141041,’†‹–€ŒSº˜a’¬’z’nV‹,433-5,,
19384-0900-17.zip,202202141041,’†‹–€ŒSº˜a’¬’z’nV‹,433-6,,
19384-0900-17.zip,202202141041,’†‹–€ŒSº˜a’¬’z’nV‹,434-1,,
19384-0900-17.zip,202202141041,’†‹–€ŒSº˜a’¬’z’nV‹,434-3,,
19384-0900-17.zip,202202141041,’†‹–€ŒSº˜a’¬’z’nV‹,435,,
19384-0900-17.zip,202202141041,’†‹–€ŒSº˜a’¬’z’nV‹,435-1,,
19384-0900-17.zip,202202141041,’†‹–€ŒSº˜a’¬’z’nV‹,438-2,,
19384-0900-17.zip,202202141041,’†‹–€ŒSº˜a’¬’z’nV‹,439-1,,
19384-0900-17.zip,202202141041,’†‹–€ŒSº˜a’¬’z’nV‹,441-1,,
19384-0900-17.zip,202202141041,’†‹–€ŒSº˜a’¬’z’nV‹,495-1,,
19384-0900-17.zip,202202141041,’†‹–€ŒSº˜a’¬’z’nV‹,495-3,,
19384-0900-17.zip,202202141041,’†‹–€ŒSº˜a’¬’z’nV‹,526-1,,
19384-0900-17.zip,202202141041,’†‹–€ŒSº˜a’¬’z’nV‹,528-2,,
19384-0900-17.zip,202202141041,’†‹–€ŒSº˜a’¬’z’nV‹,528-3,,
19384-0900-17.zip,202202141041,’†‹–€ŒSº˜a’¬’z’nV‹,“¹-28,,
19384-0900-17.zip,202202141041,’†‹–€ŒSº˜a’¬’z’nV‹,“¹-297,,
19384-0900-17.zip,202202141041,’†‹–€ŒSº˜a’¬’z’nV‹,“¹-314,,
19384-0900-17.zip,202202141041,’†‹–€ŒSº˜a’¬’z’nV‹,…-10,,
19384-0900-17.zip,202202141041,’†‹–€ŒSº˜a’¬’z’nV‹,…-383,,
19384-0900-17.zip,202202141041,’†‹–€ŒSº˜a’¬’z’nV‹,…-400,,
19384-0900-17.zip,202202141041,’†‹–€ŒSº˜a’¬’z’nV‹,532-1,,
19384-0900-17.zip,202202141041,’†‹–€ŒSº˜a’¬’z’nV‹,532-2,,
19384-0900-17.zip,202202141041,’†‹–€ŒSº˜a’¬’z’nV‹,532-3,,
19384-0900-17.zip,202202141041,’†‹–€ŒSº˜a’¬’z’nV‹,532-5,,
19384-0900-17.zip,202202141041,’†‹–€ŒSº˜a’¬’z’nV‹,532-6,,
19384-0900-17.zip,202202141041,’†‹–€ŒSº˜a’¬’z’nV‹,533,,
19384-0900-17.zip,202202141041,’†‹–€ŒSº˜a’¬’z’nV‹,534,,
19384-0900-17.zip,202202141041,’†‹–€ŒSº˜a’¬’z’nV‹,535,,
19384-0900-17.zip,202202141041,’†‹–€ŒSº˜a’¬’z’nV‹,536,,
19384-0900-17.zip,202202141041,’†‹–€ŒSº˜a’¬’z’nV‹,537,,
19384-0900-17.zip,202202141041,’†‹–€ŒSº˜a’¬’z’nV‹,537-2,,
19384-0900-17.zip,202202141041,’†‹–€ŒSº˜a’¬’z’nV‹,538-1,,
19384-0900-17.zip,202202141041,’†‹–€ŒSº˜a’¬’z’nV‹,538-2,,
19384-0900-17.zip,202202141041,’†‹–€ŒSº˜a’¬’z’nV‹,540-1,,
19384-0900-17.zip,202202141041,’†‹–€ŒSº˜a’¬’z’nV‹,540-3,,
19384-0900-17.zip,202202141041,’†‹–€ŒSº˜a’¬’z’nV‹,540-7,,
19384-0900-17.zip,202202141041,’†‹–€ŒSº˜a’¬’z’nV‹,541-3,,
19384-0900-17.zip,202202141041,’†‹–€ŒSº˜a’¬’z’nV‹,541-5,,
19384-0900-17.zip,202202141041,’†‹–€ŒSº˜a’¬’z’nV‹,541-6,,
19384-0900-17.zip,202202141041,’†‹–€ŒSº˜a’¬’z’nV‹,541-7,,
19384-0900-17.zip,202202141041,’†‹–€ŒSº˜a’¬’z’nV‹,541-8,,
19384-0900-17.zip,202202141041,’†‹–€ŒSº˜a’¬’z’nV‹,541-9,,
19384-0900-17.zip,202202141041,’†‹–€ŒSº˜a’¬’z’nV‹,541-10,,
19384-0900-17.zip,202202141041,’†‹–€ŒSº˜a’¬’z’nV‹,543-4,,
19384-0900-17.zip,202202141041,’†‹–€ŒSº˜a’¬’z’nV‹,545-1,,
19384-0900-17.zip,202202141041,’†‹–€ŒSº˜a’¬’z’nV‹,545-4,,
19384-0900-17.zip,202202141041,’†‹–€ŒSº˜a’¬’z’nV‹,548,,
19384-0900-17.zip,202202141041,’†‹–€ŒSº˜a’¬’z’nV‹,550,,
19384-0900-17.zip,202202141041,’†‹–€ŒSº˜a’¬’z’nV‹,551-1,,
19384-0900-17.zip,202202141041,’†‹–€ŒSº˜a’¬’z’nV‹,551-2,,
19384-0900-17.zip,202202141041,’†‹–€ŒSº˜a’¬’z’nV‹,552-1,,
19384-0900-17.zip,202202141041,’†‹–€ŒSº˜a’¬’z’nV‹,555-1,,
19384-0900-17.zip,202202141041,’†‹–€ŒSº˜a’¬’z’nV‹,555-3,,
19384-0900-17.zip,202202141041,’†‹–€ŒSº˜a’¬’z’nV‹,555-4,,
19384-0900-17.zip,202202141041,’†‹–€ŒSº˜a’¬’z’nV‹,555-5,,
19384-0900-17.zip,202202141041,’†‹–€ŒSº˜a’¬’z’nV‹,555-6,,
19384-0900-17.zip,202202141041,’†‹–€ŒSº˜a’¬’z’nV‹,555-7,,
19384-0900-17.zip,202202141041,’†‹–€ŒSº˜a’¬’z’nV‹,555-8,,
19384-0900-17.zip,202202141041,’†‹–€ŒSº˜a’¬’z’nV‹,555-9,,
19384-0900-17.zip,202202141041,’†‹–€ŒSº˜a’¬’z’nV‹,555-10,,
19384-0900-17.zip,202202141041,’†‹–€ŒSº˜a’¬’z’nV‹,555-11,,
19384-0900-17.zip,202202141041,’†‹–€ŒSº˜a’¬’z’nV‹,561-1,,
19384-0900-17.zip,202202141041,’†‹–€ŒSº˜a’¬’z’nV‹,561-2,,
19384-0900-17.zip,202202141041,’†‹–€ŒSº˜a’¬’z’nV‹,561-3,,
19384-0900-17.zip,202202141041,’†‹–€ŒSº˜a’¬’z’nV‹,567,,
19384-0900-17.zip,202202141041,’†‹–€ŒSº˜a’¬’z’nV‹,570-3,,
19384-0900-17.zip,202202141041,’†‹–€ŒSº˜a’¬’z’nV‹,576-1,,
19384-0900-17.zip,202202141041,’†‹–€ŒSº˜a’¬’z’nV‹,576-2,,
19384-0900-17.zip,202202141041,’†‹–€ŒSº˜a’¬’z’nV‹,576-3,,
19384-0900-17.zip,202202141041,’†‹–€ŒSº˜a’¬’z’nV‹,576-4,,
19384-0900-17.zip,202202141041,’†‹–€ŒSº˜a’¬’z’nV‹,578,,
19384-0900-17.zip,202202141041,’†‹–€ŒSº˜a’¬’z’nV‹,578-2,,
19384-0900-17.zip,202202141041,’†‹–€ŒSº˜a’¬’z’nV‹,579-3,,
19384-0900-17.zip,202202141041,’†‹–€ŒSº˜a’¬’z’nV‹,581,,
19384-0900-17.zip,202202141041,’†‹–€ŒSº˜a’¬’z’nV‹,584,,
19384-0900-17.zip,202202141041,’†‹–€ŒSº˜a’¬’z’nV‹,585-1,,
19384-0900-17.zip,202202141041,’†‹–€ŒSº˜a’¬’z’nV‹,585-2,,
19384-0900-17.zip,202202141041,’†‹–€ŒSº˜a’¬’z’nV‹,587-1,,
19384-0900-17.zip,202202141041,’†‹–€ŒSº˜a’¬’z’nV‹,587-4,,
19384-0900-17.zip,202202141041,’†‹–€ŒSº˜a’¬’z’nV‹,587-9,,
19384-0900-17.zip,202202141041,’†‹–€ŒSº˜a’¬’z’nV‹,587-10,,
19384-0900-17.zip,202202141041,’†‹–€ŒSº˜a’¬’z’nV‹,587-11,,
19384-0900-17.zip,202202141041,’†‹–€ŒSº˜a’¬’z’nV‹,587-12,,
19384-0900-17.zip,202202141041,’†‹–€ŒSº˜a’¬’z’nV‹,588-1,,
19384-0900-17.zip,202202141041,’†‹–€ŒSº˜a’¬’z’nV‹,588-2,,
19384-0900-17.zip,202202141041,’†‹–€ŒSº˜a’¬’z’nV‹,588-3,,
19384-0900-17.zip,202202141041,’†‹–€ŒSº˜a’¬’z’nV‹,588-4,,
19384-0900-17.zip,202202141041,’†‹–€ŒSº˜a’¬’z’nV‹,588-5,,
19384-0900-17.zip,202202141041,’†‹–€ŒSº˜a’¬’z’nV‹,588-6,,
19384-0900-17.zip,202202141041,’†‹–€ŒSº˜a’¬’z’nV‹,588-10,,
19384-0900-17.zip,202202141041,’†‹–€ŒSº˜a’¬’z’nV‹,588-11,,
19384-0900-17.zip,202202141041,’†‹–€ŒSº˜a’¬’z’nV‹,588-12,,
19384-0900-17.zip,202202141041,’†‹–€ŒSº˜a’¬’z’nV‹,588-13,,
19384-0900-17.zip,202202141041,’†‹–€ŒSº˜a’¬’z’nV‹,589-1,,
19384-0900-17.zip,202202141041,’†‹–€ŒSº˜a’¬’z’nV‹,589-2,,
19384-0900-17.zip,202202141041,’†‹–€ŒSº˜a’¬’z’nV‹,589-3,,
19384-0900-17.zip,202202141041,’†‹–€ŒSº˜a’¬’z’nV‹,589-4,,
19384-0900-17.zip,202202141041,’†‹–€ŒSº˜a’¬’z’nV‹,589-5,,
19384-0900-17.zip,202202141041,’†‹–€ŒSº˜a’¬’z’nV‹,589-6,,
19384-0900-17.zip,202202141041,’†‹–€ŒSº˜a’¬’z’nV‹,590-1,,
19384-0900-17.zip,202202141041,’†‹–€ŒSº˜a’¬’z’nV‹,590-2,,
19384-0900-17.zip,202202141041,’†‹–€ŒSº˜a’¬’z’nV‹,594,,
19384-0900-17.zip,202202141041,’†‹–€ŒSº˜a’¬’z’nV‹,596,,
19384-0900-17.zip,202202141041,’†‹–€ŒSº˜a’¬’z’nV‹,597-1,,
19384-0900-17.zip,202202141041,’†‹–€ŒSº˜a’¬’z’nV‹,597-2,,
19384-0900-17.zip,202202141041,’†‹–€ŒSº˜a’¬’z’nV‹,597-3,,
19384-0900-17.zip,202202141041,’†‹–€ŒSº˜a’¬’z’nV‹,597-4,,
19384-0900-17.zip,202202141041,’†‹–€ŒSº˜a’¬’z’nV‹,597-5,,
19384-0900-17.zip,202202141041,’†‹–€ŒSº˜a’¬’z’nV‹,598,,
19384-0900-17.zip,202202141041,’†‹–€ŒSº˜a’¬’z’nV‹,599,,
19384-0900-17.zip,202202141041,’†‹–€ŒSº˜a’¬’z’nV‹,599-2,,
19384-0900-17.zip,202202141041,’†‹–€ŒSº˜a’¬’z’nV‹,600,,
19384-0900-17.zip,202202141041,’†‹–€ŒSº˜a’¬’z’nV‹,“¹-1,,
19384-0900-17.zip,202202141041,’†‹–€ŒSº˜a’¬’z’nV‹,“¹-32,,
19384-0900-17.zip,202202141041,’†‹–€ŒSº˜a’¬’z’nV‹,“¹-67,,
19384-0900-17.zip,202202141041,’†‹–€ŒSº˜a’¬’z’nV‹,“¹-222,,
19384-0900-17.zip,202202141041,’†‹–€ŒSº˜a’¬’z’nV‹,“¹-320,,
19384-0900-17.zip,202202141041,’†‹–€ŒSº˜a’¬’z’nV‹,“¹-329,,
19384-0900-17.zip,202202141041,’†‹–€ŒSº˜a’¬’z’nV‹,“¹-335,,
19384-0900-17.zip,202202141041,’†‹–€ŒSº˜a’¬’z’nV‹,“¹-336,,
19384-0900-17.zip,202202141041,’†‹–€ŒSº˜a’¬’z’nV‹,“¹-339,,
19384-0900-17.zip,202202141041,’†‹–€ŒSº˜a’¬’z’nV‹,…-2,,
19384-0900-17.zip,202202141041,’†‹–€ŒSº˜a’¬’z’nV‹,…-100,,
19384-0900-17.zip,202202141041,’†‹–€ŒSº˜a’¬’z’nV‹,…-100-1,,
19384-0900-17.zip,202202141041,’†‹–€ŒSº˜a’¬’z’nV‹,…-382,,
19384-0900-17.zip,202202141041,’†‹–€ŒSº˜a’¬’z’nV‹,…-407,,
19384-0900-17.zip,202202141041,’†‹–€ŒSº˜a’¬’z’nV‹,…-431,,
19384-0900-17.zip,202202141041,’†‹–€ŒSº˜a’¬’z’nV‹,’·‹·•¨•s–¾-14,,
19384-0900-17.zip,202202141041,’†‹–€ŒSº˜a’¬’z’nV‹,’·‹·•¨•s–¾-15,,
19384-0900-17.zip,202202141041,’†‹–€ŒSº˜a’¬’z’nV‹,’·‹·•¨•s–¾-16,,
19384-0900-17.zip,202202141041,’†‹–€ŒSº˜a’¬’z’nV‹,’·‹·•¨•s–¾-137,,
19384-0900-17.zip,202202141041,’†‹–€ŒSº˜a’¬’z’nV‹,603,,
19384-0900-17.zip,202202141041,’†‹–€ŒSº˜a’¬’z’nV‹,606-1,,
19384-0900-17.zip,202202141041,’†‹–€ŒSº˜a’¬’z’nV‹,606-3,,
19384-0900-17.zip,202202141041,’†‹–€ŒSº˜a’¬’z’nV‹,606-4,,
19384-0900-17.zip,202202141041,’†‹–€ŒSº˜a’¬’z’nV‹,609-1,,
19384-0900-17.zip,202202141041,’†‹–€ŒSº˜a’¬’z’nV‹,610,,
19384-0900-17.zip,202202141041,’†‹–€ŒSº˜a’¬’z’nV‹,611,,
19384-0900-17.zip,202202141041,’†‹–€ŒSº˜a’¬’z’nV‹,612-1,,
19384-0900-17.zip,202202141041,’†‹–€ŒSº˜a’¬’z’nV‹,613-1,,
19384-0900-17.zip,202202141041,’†‹–€ŒSº˜a’¬’z’nV‹,613-2,,
19384-0900-17.zip,202202141041,’†‹–€ŒSº˜a’¬’z’nV‹,613-3,,
19384-0900-17.zip,202202141041,’†‹–€ŒSº˜a’¬’z’nV‹,614,,
19384-0900-17.zip,202202141041,’†‹–€ŒSº˜a’¬’z’nV‹,615,,
19384-0900-17.zip,202202141041,’†‹–€ŒSº˜a’¬’z’nV‹,616,,
19384-0900-17.zip,202202141041,’†‹–€ŒSº˜a’¬’z’nV‹,617,,
19384-0900-17.zip,202202141041,’†‹–€ŒSº˜a’¬’z’nV‹,619,,
19384-0900-17.zip,202202141041,’†‹–€ŒSº˜a’¬’z’nV‹,620,,
19384-0900-17.zip,202202141041,’†‹–€ŒSº˜a’¬’z’nV‹,621,,
19384-0900-17.zip,202202141041,’†‹–€ŒSº˜a’¬’z’nV‹,622,,
19384-0900-17.zip,202202141041,’†‹–€ŒSº˜a’¬’z’nV‹,626,,
19384-0900-17.zip,202202141041,’†‹–€ŒSº˜a’¬’z’nV‹,627,,
19384-0900-17.zip,202202141041,’†‹–€ŒSº˜a’¬’z’nV‹,628,,
19384-0900-17.zip,202202141041,’†‹–€ŒSº˜a’¬’z’nV‹,630-1,,
19384-0900-17.zip,202202141041,’†‹–€ŒSº˜a’¬’z’nV‹,631-1,,
19384-0900-17.zip,202202141041,’†‹–€ŒSº˜a’¬’z’nV‹,631-6,,
19384-0900-17.zip,202202141041,’†‹–€ŒSº˜a’¬’z’nV‹,633,,
19384-0900-17.zip,202202141041,’†‹–€ŒSº˜a’¬’z’nV‹,633-2,,
19384-0900-17.zip,202202141041,’†‹–€ŒSº˜a’¬’z’nV‹,634-1,,
19384-0900-17.zip,202202141041,’†‹–€ŒSº˜a’¬’z’nV‹,634-3,,
19384-0900-17.zip,202202141041,’†‹–€ŒSº˜a’¬’z’nV‹,636-1,,
19384-0900-17.zip,202202141041,’†‹–€ŒSº˜a’¬’z’nV‹,638,,
19384-0900-17.zip,202202141041,’†‹–€ŒSº˜a’¬’z’nV‹,640-1,,
19384-0900-17.zip,202202141041,’†‹–€ŒSº˜a’¬’z’nV‹,640-3,,
19384-0900-17.zip,202202141041,’†‹–€ŒSº˜a’¬’z’nV‹,640-6,,
19384-0900-17.zip,202202141041,’†‹–€ŒSº˜a’¬’z’nV‹,640-7,,
19384-0900-17.zip,202202141041,’†‹–€ŒSº˜a’¬’z’nV‹,641-1,,
19384-0900-17.zip,202202141041,’†‹–€ŒSº˜a’¬’z’nV‹,641-2,,
19384-0900-17.zip,202202141041,’†‹–€ŒSº˜a’¬’z’nV‹,641-4,,
19384-0900-17.zip,202202141041,’†‹–€ŒSº˜a’¬’z’nV‹,641-5,,
19384-0900-17.zip,202202141041,’†‹–€ŒSº˜a’¬’z’nV‹,643-1,,
19384-0900-17.zip,202202141041,’†‹–€ŒSº˜a’¬’z’nV‹,643-2,,
19384-0900-17.zip,202202141041,’†‹–€ŒSº˜a’¬’z’nV‹,644,,
19384-0900-17.zip,202202141041,’†‹–€ŒSº˜a’¬’z’nV‹,645,,
19384-0900-17.zip,202202141041,’†‹–€ŒSº˜a’¬’z’nV‹,646,,
19384-0900-17.zip,202202141041,’†‹–€ŒSº˜a’¬’z’nV‹,647,,
19384-0900-17.zip,202202141041,’†‹–€ŒSº˜a’¬’z’nV‹,648,,
19384-0900-17.zip,202202141041,’†‹–€ŒSº˜a’¬’z’nV‹,…-6,,
19384-0900-17.zip,202202141041,’†‹–€ŒSº˜a’¬’z’nV‹,…-379,,
19384-0900-17.zip,202202141041,’†‹–€ŒSº˜a’¬’z’nV‹,…-386,,
19384-0900-17.zip,202202141041,’†‹–€ŒSº˜a’¬’z’nV‹,…-409,,
19384-0900-17.zip,202202141041,’†‹–€ŒSº˜a’¬’z’nV‹,…-414,,
19384-0900-17.zip,202202141041,’†‹–€ŒSº˜a’¬’z’nV‹,650-2,,
19384-0900-17.zip,202202141041,’†‹–€ŒSº˜a’¬’z’nV‹,651,,
19384-0900-17.zip,202202141041,’†‹–€ŒSº˜a’¬’z’nV‹,652-1,,
19384-0900-17.zip,202202141041,’†‹–€ŒSº˜a’¬’z’nV‹,652-2,,
19384-0900-17.zip,202202141041,’†‹–€ŒSº˜a’¬’z’nV‹,653,,
19384-0900-17.zip,202202141041,’†‹–€ŒSº˜a’¬’z’nV‹,654-1,,
19384-0900-17.zip,202202141041,’†‹–€ŒSº˜a’¬’z’nV‹,654-4,,
19384-0900-17.zip,202202141041,’†‹–€ŒSº˜a’¬’z’nV‹,654-5,,
19384-0900-17.zip,202202141041,’†‹–€ŒSº˜a’¬’z’nV‹,654-6,,
19384-0900-17.zip,202202141041,’†‹–€ŒSº˜a’¬’z’nV‹,654-7,,
19384-0900-17.zip,202202141041,’†‹–€ŒSº˜a’¬’z’nV‹,655-1,,
19384-0900-17.zip,202202141041,’†‹–€ŒSº˜a’¬’z’nV‹,655-3,,
19384-0900-17.zip,202202141041,’†‹–€ŒSº˜a’¬’z’nV‹,656-1,,
19384-0900-17.zip,202202141041,’†‹–€ŒSº˜a’¬’z’nV‹,658-1,,
19384-0900-17.zip,202202141041,’†‹–€ŒSº˜a’¬’z’nV‹,658-3,,
19384-0900-17.zip,202202141041,’†‹–€ŒSº˜a’¬’z’nV‹,658-4,,
19384-0900-17.zip,202202141041,’†‹–€ŒSº˜a’¬’z’nV‹,658-6,,
19384-0900-17.zip,202202141041,’†‹–€ŒSº˜a’¬’z’nV‹,659-1,,
19384-0900-17.zip,202202141041,’†‹–€ŒSº˜a’¬’z’nV‹,659-2,,
19384-0900-17.zip,202202141041,’†‹–€ŒSº˜a’¬’z’nV‹,659-3,,
19384-0900-17.zip,202202141041,’†‹–€ŒSº˜a’¬’z’nV‹,659-4,,
19384-0900-17.zip,202202141041,’†‹–€ŒSº˜a’¬’z’nV‹,659-5,,
19384-0900-17.zip,202202141041,’†‹–€ŒSº˜a’¬’z’nV‹,659-6,,
19384-0900-17.zip,202202141041,’†‹–€ŒSº˜a’¬’z’nV‹,659-7,,
19384-0900-17.zip,202202141041,’†‹–€ŒSº˜a’¬’z’nV‹,660-1,,
19384-0900-17.zip,202202141041,’†‹–€ŒSº˜a’¬’z’nV‹,661-1,,
19384-0900-17.zip,202202141041,’†‹–€ŒSº˜a’¬’z’nV‹,661-3,,
19384-0900-17.zip,202202141041,’†‹–€ŒSº˜a’¬’z’nV‹,661-4,,
19384-0900-17.zip,202202141041,’†‹–€ŒSº˜a’¬’z’nV‹,661-5,,
19384-0900-17.zip,202202141041,’†‹–€ŒSº˜a’¬’z’nV‹,661-6,,
19384-0900-17.zip,202202141041,’†‹–€ŒSº˜a’¬’z’nV‹,661-7,,
19384-0900-17.zip,202202141041,’†‹–€ŒSº˜a’¬’z’nV‹,661-8,,
19384-0900-17.zip,202202141041,’†‹–€ŒSº˜a’¬’z’nV‹,661-10,,
19384-0900-17.zip,202202141041,’†‹–€ŒSº˜a’¬’z’nV‹,663-1,,
19384-0900-17.zip,202202141041,’†‹–€ŒSº˜a’¬’z’nV‹,663-3,,
19384-0900-17.zip,202202141041,’†‹–€ŒSº˜a’¬’z’nV‹,663-4,,
19384-0900-17.zip,202202141041,’†‹–€ŒSº˜a’¬’z’nV‹,663-5,,
19384-0900-17.zip,202202141041,’†‹–€ŒSº˜a’¬’z’nV‹,664-1,,
19384-0900-17.zip,202202141041,’†‹–€ŒSº˜a’¬’z’nV‹,664-3,,
19384-0900-17.zip,202202141041,’†‹–€ŒSº˜a’¬’z’nV‹,665,,
19384-0900-17.zip,202202141041,’†‹–€ŒSº˜a’¬’z’nV‹,668,,
19384-0900-17.zip,202202141041,’†‹–€ŒSº˜a’¬’z’nV‹,669-1,,
19384-0900-17.zip,202202141041,’†‹–€ŒSº˜a’¬’z’nV‹,669-2,,
19384-0900-17.zip,202202141041,’†‹–€ŒSº˜a’¬’z’nV‹,670,,
19384-0900-17.zip,202202141041,’†‹–€ŒSº˜a’¬’z’nV‹,670-2,,
19384-0900-17.zip,202202141041,’†‹–€ŒSº˜a’¬’z’nV‹,670-3,,
19384-0900-17.zip,202202141041,’†‹–€ŒSº˜a’¬’z’nV‹,670-4,,
19384-0900-17.zip,202202141041,’†‹–€ŒSº˜a’¬’z’nV‹,671-1,,
19384-0900-17.zip,202202141041,’†‹–€ŒSº˜a’¬’z’nV‹,671-2,,
19384-0900-17.zip,202202141041,’†‹–€ŒSº˜a’¬’z’nV‹,671-3,,
19384-0900-17.zip,202202141041,’†‹–€ŒSº˜a’¬’z’nV‹,671-4,,
19384-0900-17.zip,202202141041,’†‹–€ŒSº˜a’¬’z’nV‹,672-1,,
19384-0900-17.zip,202202141041,’†‹–€ŒSº˜a’¬’z’nV‹,673-2,,
19384-0900-17.zip,202202141041,’†‹–€ŒSº˜a’¬’z’nV‹,673-3,,
19384-0900-17.zip,202202141041,’†‹–€ŒSº˜a’¬’z’nV‹,673-4,,
19384-0900-17.zip,202202141041,’†‹–€ŒSº˜a’¬’z’nV‹,673-11,,
19384-0900-17.zip,202202141041,’†‹–€ŒSº˜a’¬’z’nV‹,674-1,,
19384-0900-17.zip,202202141041,’†‹–€ŒSº˜a’¬’z’nV‹,674-2,,
19384-0900-17.zip,202202141041,’†‹–€ŒSº˜a’¬’z’nV‹,674-3,,
19384-0900-17.zip,202202141041,’†‹–€ŒSº˜a’¬’z’nV‹,674-4,,
19384-0900-17.zip,202202141041,’†‹–€ŒSº˜a’¬’z’nV‹,674-5,,
19384-0900-17.zip,202202141041,’†‹–€ŒSº˜a’¬’z’nV‹,678-1,,
19384-0900-17.zip,202202141041,’†‹–€ŒSº˜a’¬’z’nV‹,678-2,,
19384-0900-17.zip,202202141041,’†‹–€ŒSº˜a’¬’z’nV‹,678-3,,
19384-0900-17.zip,202202141041,’†‹–€ŒSº˜a’¬’z’nV‹,678-4,,
19384-0900-17.zip,202202141041,’†‹–€ŒSº˜a’¬’z’nV‹,678-5,,
19384-0900-17.zip,202202141041,’†‹–€ŒSº˜a’¬’z’nV‹,678-7,,
19384-0900-17.zip,202202141041,’†‹–€ŒSº˜a’¬’z’nV‹,678-8,,
19384-0900-17.zip,202202141041,’†‹–€ŒSº˜a’¬’z’nV‹,678-9,,
19384-0900-17.zip,202202141041,’†‹–€ŒSº˜a’¬’z’nV‹,678-10,,
19384-0900-17.zip,202202141041,’†‹–€ŒSº˜a’¬’z’nV‹,681,,
19384-0900-17.zip,202202141041,’†‹–€ŒSº˜a’¬’z’nV‹,682,,
19384-0900-17.zip,202202141041,’†‹–€ŒSº˜a’¬’z’nV‹,683-1,,
19384-0900-17.zip,202202141041,’†‹–€ŒSº˜a’¬’z’nV‹,683-2,,
19384-0900-17.zip,202202141041,’†‹–€ŒSº˜a’¬’z’nV‹,686,,
19384-0900-17.zip,202202141041,’†‹–€ŒSº˜a’¬’z’nV‹,688,,
19384-0900-17.zip,202202141041,’†‹–€ŒSº˜a’¬’z’nV‹,689-1,,
19384-0900-17.zip,202202141041,’†‹–€ŒSº˜a’¬’z’nV‹,689-2,,
19384-0900-17.zip,202202141041,’†‹–€ŒSº˜a’¬’z’nV‹,690-1,,
19384-0900-17.zip,202202141041,’†‹–€ŒSº˜a’¬’z’nV‹,690-2,,
19384-0900-17.zip,202202141041,’†‹–€ŒSº˜a’¬’z’nV‹,691,,
19384-0900-17.zip,202202141041,’†‹–€ŒSº˜a’¬’z’nV‹,692-1,,
19384-0900-17.zip,202202141041,’†‹–€ŒSº˜a’¬’z’nV‹,692-2,,
19384-0900-17.zip,202202141041,’†‹–€ŒSº˜a’¬’z’nV‹,693,,
19384-0900-17.zip,202202141041,’†‹–€ŒSº˜a’¬’z’nV‹,694-1,,
19384-0900-17.zip,202202141041,’†‹–€ŒSº˜a’¬’z’nV‹,694-2,,
19384-0900-17.zip,202202141041,’†‹–€ŒSº˜a’¬’z’nV‹,694-3,,
19384-0900-17.zip,202202141041,’†‹–€ŒSº˜a’¬’z’nV‹,694-4,,
19384-0900-17.zip,202202141041,’†‹–€ŒSº˜a’¬’z’nV‹,694-5,,
19384-0900-17.zip,202202141041,’†‹–€ŒSº˜a’¬’z’nV‹,694-6,,
19384-0900-17.zip,202202141041,’†‹–€ŒSº˜a’¬’z’nV‹,694-7,,
19384-0900-17.zip,202202141041,’†‹–€ŒSº˜a’¬’z’nV‹,695,,
19384-0900-17.zip,202202141041,’†‹–€ŒSº˜a’¬’z’nV‹,696-1,,
19384-0900-17.zip,202202141041,’†‹–€ŒSº˜a’¬’z’nV‹,696-3,,
19384-0900-17.zip,202202141041,’†‹–€ŒSº˜a’¬’z’nV‹,696-4,,
19384-0900-17.zip,202202141041,’†‹–€ŒSº˜a’¬’z’nV‹,696-5,,
19384-0900-17.zip,202202141041,’†‹–€ŒSº˜a’¬’z’nV‹,697,,
19384-0900-17.zip,202202141041,’†‹–€ŒSº˜a’¬’z’nV‹,698,,
19384-0900-17.zip,202202141041,’†‹–€ŒSº˜a’¬’z’nV‹,699,,
19384-0900-17.zip,202202141041,’†‹–€ŒSº˜a’¬’z’nV‹,700-1,,
19384-0900-17.zip,202202141041,’†‹–€ŒSº˜a’¬’z’nV‹,700-2,,
19384-0900-17.zip,202202141041,’†‹–€ŒSº˜a’¬’z’nV‹,701-2,,
19384-0900-17.zip,202202141041,’†‹–€ŒSº˜a’¬’z’nV‹,703-2,,
19384-0900-17.zip,202202141041,’†‹–€ŒSº˜a’¬’z’nV‹,703-3,,
19384-0900-17.zip,202202141041,’†‹–€ŒSº˜a’¬’z’nV‹,705-2,,
19384-0900-17.zip,202202141041,’†‹–€ŒSº˜a’¬’z’nV‹,705-3,,
19384-0900-17.zip,202202141041,’†‹–€ŒSº˜a’¬’z’nV‹,706,,
19384-0900-17.zip,202202141041,’†‹–€ŒSº˜a’¬’z’nV‹,707-1,,
19384-0900-17.zip,202202141041,’†‹–€ŒSº˜a’¬’z’nV‹,707-2,,
19384-0900-17.zip,202202141041,’†‹–€ŒSº˜a’¬’z’nV‹,707-3,,
19384-0900-17.zip,202202141041,’†‹–€ŒSº˜a’¬’z’nV‹,708,,
19384-0900-17.zip,202202141041,’†‹–€ŒSº˜a’¬’z’nV‹,709-1,,
19384-0900-17.zip,202202141041,’†‹–€ŒSº˜a’¬’z’nV‹,709-2,,
19384-0900-17.zip,202202141041,’†‹–€ŒSº˜a’¬’z’nV‹,709-3,,
19384-0900-17.zip,202202141041,’†‹–€ŒSº˜a’¬’z’nV‹,710-1,,
19384-0900-17.zip,202202141041,’†‹–€ŒSº˜a’¬’z’nV‹,710-2,,
19384-0900-17.zip,202202141041,’†‹–€ŒSº˜a’¬’z’nV‹,711-2,,
19384-0900-17.zip,202202141041,’†‹–€ŒSº˜a’¬’z’nV‹,711-3,,
19384-0900-17.zip,202202141041,’†‹–€ŒSº˜a’¬’z’nV‹,712-1,,
19384-0900-17.zip,202202141041,’†‹–€ŒSº˜a’¬’z’nV‹,712-3,,
19384-0900-17.zip,202202141041,’†‹–€ŒSº˜a’¬’z’nV‹,712-4,,
19384-0900-17.zip,202202141041,’†‹–€ŒSº˜a’¬’z’nV‹,713-1,,
19384-0900-17.zip,202202141041,’†‹–€ŒSº˜a’¬’z’nV‹,713-3,,
19384-0900-17.zip,202202141041,’†‹–€ŒSº˜a’¬’z’nV‹,715-1,,
19384-0900-17.zip,202202141041,’†‹–€ŒSº˜a’¬’z’nV‹,715-3,,
19384-0900-17.zip,202202141041,’†‹–€ŒSº˜a’¬’z’nV‹,715-4,,
19384-0900-17.zip,202202141041,’†‹–€ŒSº˜a’¬’z’nV‹,715-5,,
19384-0900-17.zip,202202141041,’†‹–€ŒSº˜a’¬’z’nV‹,716-1,,
19384-0900-17.zip,202202141041,’†‹–€ŒSº˜a’¬’z’nV‹,716-2,,
19384-0900-17.zip,202202141041,’†‹–€ŒSº˜a’¬’z’nV‹,716-3,,
19384-0900-17.zip,202202141041,’†‹–€ŒSº˜a’¬’z’nV‹,716-4,,
19384-0900-17.zip,202202141041,’†‹–€ŒSº˜a’¬’z’nV‹,716-5,,
19384-0900-17.zip,202202141041,’†‹–€ŒSº˜a’¬’z’nV‹,716-6,,
19384-0900-17.zip,202202141041,’†‹–€ŒSº˜a’¬’z’nV‹,716-7,,
19384-0900-17.zip,202202141041,’†‹–€ŒSº˜a’¬’z’nV‹,718-1,,
19384-0900-17.zip,202202141041,’†‹–€ŒSº˜a’¬’z’nV‹,718-2,,
19384-0900-17.zip,202202141041,’†‹–€ŒSº˜a’¬’z’nV‹,718-3,,
19384-0900-17.zip,202202141041,’†‹–€ŒSº˜a’¬’z’nV‹,718-4,,
19384-0900-17.zip,202202141041,’†‹–€ŒSº˜a’¬’z’nV‹,718-5,,
19384-0900-17.zip,202202141041,’†‹–€ŒSº˜a’¬’z’nV‹,719-1,,
19384-0900-17.zip,202202141041,’†‹–€ŒSº˜a’¬’z’nV‹,719-3,,
19384-0900-17.zip,202202141041,’†‹–€ŒSº˜a’¬’z’nV‹,719-4,,
19384-0900-17.zip,202202141041,’†‹–€ŒSº˜a’¬’z’nV‹,719-6,,
19384-0900-17.zip,202202141041,’†‹–€ŒSº˜a’¬’z’nV‹,719-7,,
19384-0900-17.zip,202202141041,’†‹–€ŒSº˜a’¬’z’nV‹,719-8,,
19384-0900-17.zip,202202141041,’†‹–€ŒSº˜a’¬’z’nV‹,719-9,,
19384-0900-17.zip,202202141041,’†‹–€ŒSº˜a’¬’z’nV‹,719-10,,
19384-0900-17.zip,202202141041,’†‹–€ŒSº˜a’¬’z’nV‹,719-11,,
19384-0900-17.zip,202202141041,’†‹–€ŒSº˜a’¬’z’nV‹,719-13,,
19384-0900-17.zip,202202141041,’†‹–€ŒSº˜a’¬’z’nV‹,719-14,,
19384-0900-17.zip,202202141041,’†‹–€ŒSº˜a’¬’z’nV‹,719-16,,
19384-0900-17.zip,202202141041,’†‹–€ŒSº˜a’¬’z’nV‹,719-17,,
19384-0900-17.zip,202202141041,’†‹–€ŒSº˜a’¬’z’nV‹,719-18,,
19384-0900-17.zip,202202141041,’†‹–€ŒSº˜a’¬’z’nV‹,720-1,,
19384-0900-17.zip,202202141041,’†‹–€ŒSº˜a’¬’z’nV‹,720-2,,
19384-0900-17.zip,202202141041,’†‹–€ŒSº˜a’¬’z’nV‹,720-3,,
19384-0900-17.zip,202202141041,’†‹–€ŒSº˜a’¬’z’nV‹,720-4,,
19384-0900-17.zip,202202141041,’†‹–€ŒSº˜a’¬’z’nV‹,720-5,,
19384-0900-17.zip,202202141041,’†‹–€ŒSº˜a’¬’z’nV‹,720-6,,
19384-0900-17.zip,202202141041,’†‹–€ŒSº˜a’¬’z’nV‹,720-7,,
19384-0900-17.zip,202202141041,’†‹–€ŒSº˜a’¬’z’nV‹,720-8,,
19384-0900-17.zip,202202141041,’†‹–€ŒSº˜a’¬’z’nV‹,720-9,,
19384-0900-17.zip,202202141041,’†‹–€ŒSº˜a’¬’z’nV‹,720-10,,
19384-0900-17.zip,202202141041,’†‹–€ŒSº˜a’¬’z’nV‹,720-11,,
19384-0900-17.zip,202202141041,’†‹–€ŒSº˜a’¬’z’nV‹,720-12,,
19384-0900-17.zip,202202141041,’†‹–€ŒSº˜a’¬’z’nV‹,720-13,,
19384-0900-17.zip,202202141041,’†‹–€ŒSº˜a’¬’z’nV‹,720-14,,
19384-0900-17.zip,202202141041,’†‹–€ŒSº˜a’¬’z’nV‹,722-3,,
19384-0900-17.zip,202202141041,’†‹–€ŒSº˜a’¬’z’nV‹,722-6,,
19384-0900-17.zip,202202141041,’†‹–€ŒSº˜a’¬’z’nV‹,726,,
19384-0900-17.zip,202202141041,’†‹–€ŒSº˜a’¬’z’nV‹,727,,
19384-0900-17.zip,202202141041,’†‹–€ŒSº˜a’¬’z’nV‹,728-1,,
19384-0900-17.zip,202202141041,’†‹–€ŒSº˜a’¬’z’nV‹,728-2,,
19384-0900-17.zip,202202141041,’†‹–€ŒSº˜a’¬’z’nV‹,728-3,,
19384-0900-17.zip,202202141041,’†‹–€ŒSº˜a’¬’z’nV‹,729-1,,
19384-0900-17.zip,202202141041,’†‹–€ŒSº˜a’¬’z’nV‹,729-2,,
19384-0900-17.zip,202202141041,’†‹–€ŒSº˜a’¬’z’nV‹,730-1,,
19384-0900-17.zip,202202141041,’†‹–€ŒSº˜a’¬’z’nV‹,732-1,,
19384-0900-17.zip,202202141041,’†‹–€ŒSº˜a’¬’z’nV‹,732-2,,
19384-0900-17.zip,202202141041,’†‹–€ŒSº˜a’¬’z’nV‹,734-1,,
19384-0900-17.zip,202202141041,’†‹–€ŒSº˜a’¬’z’nV‹,734-2,,
19384-0900-17.zip,202202141041,’†‹–€ŒSº˜a’¬’z’nV‹,735-1,,
19384-0900-17.zip,202202141041,’†‹–€ŒSº˜a’¬’z’nV‹,735-2,,
19384-0900-17.zip,202202141041,’†‹–€ŒSº˜a’¬’z’nV‹,736-1,,
19384-0900-17.zip,202202141041,’†‹–€ŒSº˜a’¬’z’nV‹,736-2,,
19384-0900-17.zip,202202141041,’†‹–€ŒSº˜a’¬’z’nV‹,737-1,,
19384-0900-17.zip,202202141041,’†‹–€ŒSº˜a’¬’z’nV‹,737-2,,
19384-0900-17.zip,202202141041,’†‹–€ŒSº˜a’¬’z’nV‹,738-1,,
19384-0900-17.zip,202202141041,’†‹–€ŒSº˜a’¬’z’nV‹,738-2,,
19384-0900-17.zip,202202141041,’†‹–€ŒSº˜a’¬’z’nV‹,739-1,,
19384-0900-17.zip,202202141041,’†‹–€ŒSº˜a’¬’z’nV‹,739-2,,
19384-0900-17.zip,202202141041,’†‹–€ŒSº˜a’¬’z’nV‹,740-1,,
19384-0900-17.zip,202202141041,’†‹–€ŒSº˜a’¬’z’nV‹,741-1,,
19384-0900-17.zip,202202141041,’†‹–€ŒSº˜a’¬’z’nV‹,741-2,,
19384-0900-17.zip,202202141041,’†‹–€ŒSº˜a’¬’z’nV‹,742-1,,
19384-0900-17.zip,202202141041,’†‹–€ŒSº˜a’¬’z’nV‹,743-1,,
19384-0900-17.zip,202202141041,’†‹–€ŒSº˜a’¬’z’nV‹,743-2,,
19384-0900-17.zip,202202141041,’†‹–€ŒSº˜a’¬’z’nV‹,744,,
19384-0900-17.zip,202202141041,’†‹–€ŒSº˜a’¬’z’nV‹,745-1,,
19384-0900-17.zip,202202141041,’†‹–€ŒSº˜a’¬’z’nV‹,745-2,,
19384-0900-17.zip,202202141041,’†‹–€ŒSº˜a’¬’z’nV‹,746-1,,
19384-0900-17.zip,202202141041,’†‹–€ŒSº˜a’¬’z’nV‹,746-2,,
19384-0900-17.zip,202202141041,’†‹–€ŒSº˜a’¬’z’nV‹,747-1,,
19384-0900-17.zip,202202141041,’†‹–€ŒSº˜a’¬’z’nV‹,747-3,,
19384-0900-17.zip,202202141041,’†‹–€ŒSº˜a’¬’z’nV‹,750,,
19384-0900-17.zip,202202141041,’†‹–€ŒSº˜a’¬’z’nV‹,751-1,,
19384-0900-17.zip,202202141041,’†‹–€ŒSº˜a’¬’z’nV‹,751-5,,
19384-0900-17.zip,202202141041,’†‹–€ŒSº˜a’¬’z’nV‹,751-7,,
19384-0900-17.zip,202202141041,’†‹–€ŒSº˜a’¬’z’nV‹,751-8,,
19384-0900-17.zip,202202141041,’†‹–€ŒSº˜a’¬’z’nV‹,751-9,,
19384-0900-17.zip,202202141041,’†‹–€ŒSº˜a’¬’z’nV‹,751-14,,
19384-0900-17.zip,202202141041,’†‹–€ŒSº˜a’¬’z’nV‹,751-15,,
19384-0900-17.zip,202202141041,’†‹–€ŒSº˜a’¬’z’nV‹,751-16,,
19384-0900-17.zip,202202141041,’†‹–€ŒSº˜a’¬’z’nV‹,751-17,,
19384-0900-17.zip,202202141041,’†‹–€ŒSº˜a’¬’z’nV‹,751-18,,
19384-0900-17.zip,202202141041,’†‹–€ŒSº˜a’¬’z’nV‹,751-19,,
19384-0900-17.zip,202202141041,’†‹–€ŒSº˜a’¬’z’nV‹,751-20,,
19384-0900-17.zip,202202141041,’†‹–€ŒSº˜a’¬’z’nV‹,751-21,,
19384-0900-17.zip,202202141041,’†‹–€ŒSº˜a’¬’z’nV‹,751-23,,
19384-0900-17.zip,202202141041,’†‹–€ŒSº˜a’¬’z’nV‹,751-24,,
19384-0900-17.zip,202202141041,’†‹–€ŒSº˜a’¬’z’nV‹,751-25,,
19384-0900-17.zip,202202141041,’†‹–€ŒSº˜a’¬’z’nV‹,751-26,,
19384-0900-17.zip,202202141041,’†‹–€ŒSº˜a’¬’z’nV‹,751-27,,
19384-0900-17.zip,202202141041,’†‹–€ŒSº˜a’¬’z’nV‹,751-28,,
19384-0900-17.zip,202202141041,’†‹–€ŒSº˜a’¬’z’nV‹,761-2,,
19384-0900-17.zip,202202141041,’†‹–€ŒSº˜a’¬’z’nV‹,761-3,,
19384-0900-17.zip,202202141041,’†‹–€ŒSº˜a’¬’z’nV‹,761-4,,
19384-0900-17.zip,202202141041,’†‹–€ŒSº˜a’¬’z’nV‹,761-5,,
19384-0900-17.zip,202202141041,’†‹–€ŒSº˜a’¬’z’nV‹,761-6,,
19384-0900-17.zip,202202141041,’†‹–€ŒSº˜a’¬’z’nV‹,761-7,,
19384-0900-17.zip,202202141041,’†‹–€ŒSº˜a’¬’z’nV‹,761-8,,
19384-0900-17.zip,202202141041,’†‹–€ŒSº˜a’¬’z’nV‹,761-12,,
19384-0900-17.zip,202202141041,’†‹–€ŒSº˜a’¬’z’nV‹,761-13,,
19384-0900-17.zip,202202141041,’†‹–€ŒSº˜a’¬’z’nV‹,761-14,,
19384-0900-17.zip,202202141041,’†‹–€ŒSº˜a’¬’z’nV‹,761-15,,
19384-0900-17.zip,202202141041,’†‹–€ŒSº˜a’¬’z’nV‹,761-16,,
19384-0900-17.zip,202202141041,’†‹–€ŒSº˜a’¬’z’nV‹,761-17,,
19384-0900-17.zip,202202141041,’†‹–€ŒSº˜a’¬’z’nV‹,761-18,,
19384-0900-17.zip,202202141041,’†‹–€ŒSº˜a’¬’z’nV‹,761-24,,
19384-0900-17.zip,202202141041,’†‹–€ŒSº˜a’¬’z’nV‹,761-25,,
19384-0900-17.zip,202202141041,’†‹–€ŒSº˜a’¬’z’nV‹,761-27,,
19384-0900-17.zip,202202141041,’†‹–€ŒSº˜a’¬’z’nV‹,776-3,,
19384-0900-17.zip,202202141041,’†‹–€ŒSº˜a’¬’z’nV‹,776-8,,
19384-0900-17.zip,202202141041,’†‹–€ŒSº˜a’¬’z’nV‹,793,,
19384-0900-17.zip,202202141041,’†‹–€ŒSº˜a’¬’z’nV‹,795,,
19384-0900-17.zip,202202141041,’†‹–€ŒSº˜a’¬’z’nV‹,796,,
19384-0900-17.zip,202202141041,’†‹–€ŒSº˜a’¬’z’nV‹,799,,
19384-0900-17.zip,202202141041,’†‹–€ŒSº˜a’¬’z’nV‹,801,,
19384-0900-17.zip,202202141041,’†‹–€ŒSº˜a’¬’z’nV‹,803,,
19384-0900-17.zip,202202141041,’†‹–€ŒSº˜a’¬’z’nV‹,805-1,,
19384-0900-17.zip,202202141041,’†‹–€ŒSº˜a’¬’z’nV‹,805-4,,
19384-0900-17.zip,202202141041,’†‹–€ŒSº˜a’¬’z’nV‹,805-5,,
19384-0900-17.zip,202202141041,’†‹–€ŒSº˜a’¬’z’nV‹,805-6,,
19384-0900-17.zip,202202141041,’†‹–€ŒSº˜a’¬’z’nV‹,806-2,,
19384-0900-17.zip,202202141041,’†‹–€ŒSº˜a’¬’z’nV‹,806-4,,
19384-0900-17.zip,202202141041,’†‹–€ŒSº˜a’¬’z’nV‹,807-1,,
19384-0900-17.zip,202202141041,’†‹–€ŒSº˜a’¬’z’nV‹,807-2,,
19384-0900-17.zip,202202141041,’†‹–€ŒSº˜a’¬’z’nV‹,807-3,,
19384-0900-17.zip,202202141041,’†‹–€ŒSº˜a’¬’z’nV‹,807-4,,
19384-0900-17.zip,202202141041,’†‹–€ŒSº˜a’¬’z’nV‹,807-6,,
19384-0900-17.zip,202202141041,’†‹–€ŒSº˜a’¬’z’nV‹,808-2,,
19384-0900-17.zip,202202141041,’†‹–€ŒSº˜a’¬’z’nV‹,808-3,,
19384-0900-17.zip,202202141041,’†‹–€ŒSº˜a’¬’z’nV‹,808-4,,
19384-0900-17.zip,202202141041,’†‹–€ŒSº˜a’¬’z’nV‹,808-5,,
19384-0900-17.zip,202202141041,’†‹–€ŒSº˜a’¬’z’nV‹,808-6,,
19384-0900-17.zip,202202141041,’†‹–€ŒSº˜a’¬’z’nV‹,808-7,,
19384-0900-17.zip,202202141041,’†‹–€ŒSº˜a’¬’z’nV‹,808-8,,
19384-0900-17.zip,202202141041,’†‹–€ŒSº˜a’¬’z’nV‹,808-9,,
19384-0900-17.zip,202202141041,’†‹–€ŒSº˜a’¬’z’nV‹,809-1,,
19384-0900-17.zip,202202141041,’†‹–€ŒSº˜a’¬’z’nV‹,809-2,,
19384-0900-17.zip,202202141041,’†‹–€ŒSº˜a’¬’z’nV‹,809-3,,
19384-0900-17.zip,202202141041,’†‹–€ŒSº˜a’¬’z’nV‹,810-1,,
19384-0900-17.zip,202202141041,’†‹–€ŒSº˜a’¬’z’nV‹,810-2,,
19384-0900-17.zip,202202141041,’†‹–€ŒSº˜a’¬’z’nV‹,810-3,,
19384-0900-17.zip,202202141041,’†‹–€ŒSº˜a’¬’z’nV‹,810-4,,
19384-0900-17.zip,202202141041,’†‹–€ŒSº˜a’¬’z’nV‹,810-5,,
19384-0900-17.zip,202202141041,’†‹–€ŒSº˜a’¬’z’nV‹,810-6,,
19384-0900-17.zip,202202141041,’†‹–€ŒSº˜a’¬’z’nV‹,811-1,,
19384-0900-17.zip,202202141041,’†‹–€ŒSº˜a’¬’z’nV‹,811-2,,
19384-0900-17.zip,202202141041,’†‹–€ŒSº˜a’¬’z’nV‹,811-3,,
19384-0900-17.zip,202202141041,’†‹–€ŒSº˜a’¬’z’nV‹,812-1,,
19384-0900-17.zip,202202141041,’†‹–€ŒSº˜a’¬’z’nV‹,812-2,,
19384-0900-17.zip,202202141041,’†‹–€ŒSº˜a’¬’z’nV‹,813,,
19384-0900-17.zip,202202141041,’†‹–€ŒSº˜a’¬’z’nV‹,814-1,,
19384-0900-17.zip,202202141041,’†‹–€ŒSº˜a’¬’z’nV‹,814-2,,
19384-0900-17.zip,202202141041,’†‹–€ŒSº˜a’¬’z’nV‹,814-3,,
19384-0900-17.zip,202202141041,’†‹–€ŒSº˜a’¬’z’nV‹,814-4,,
19384-0900-17.zip,202202141041,’†‹–€ŒSº˜a’¬’z’nV‹,815,,
19384-0900-17.zip,202202141041,’†‹–€ŒSº˜a’¬’z’nV‹,817-1,,
19384-0900-17.zip,202202141041,’†‹–€ŒSº˜a’¬’z’nV‹,817-2,,
19384-0900-17.zip,202202141041,’†‹–€ŒSº˜a’¬’z’nV‹,817-4,,
19384-0900-17.zip,202202141041,’†‹–€ŒSº˜a’¬’z’nV‹,817-5,,
19384-0900-17.zip,202202141041,’†‹–€ŒSº˜a’¬’z’nV‹,817-6,,
19384-0900-17.zip,202202141041,’†‹–€ŒSº˜a’¬’z’nV‹,817-7,,
19384-0900-17.zip,202202141041,’†‹–€ŒSº˜a’¬’z’nV‹,817-8,,
19384-0900-17.zip,202202141041,’†‹–€ŒSº˜a’¬’z’nV‹,817-9,,
19384-0900-17.zip,202202141041,’†‹–€ŒSº˜a’¬’z’nV‹,819-1,,
19384-0900-17.zip,202202141041,’†‹–€ŒSº˜a’¬’z’nV‹,819-2,,
19384-0900-17.zip,202202141041,’†‹–€ŒSº˜a’¬’z’nV‹,819-3,,
19384-0900-17.zip,202202141041,’†‹–€ŒSº˜a’¬’z’nV‹,819-5,,
19384-0900-17.zip,202202141041,’†‹–€ŒSº˜a’¬’z’nV‹,819-6,,
19384-0900-17.zip,202202141041,’†‹–€ŒSº˜a’¬’z’nV‹,819-7,,
19384-0900-17.zip,202202141041,’†‹–€ŒSº˜a’¬’z’nV‹,821-1,,
19384-0900-17.zip,202202141041,’†‹–€ŒSº˜a’¬’z’nV‹,821-2,,
19384-0900-17.zip,202202141041,’†‹–€ŒSº˜a’¬’z’nV‹,918-5,,
19384-0900-17.zip,202202141041,’†‹–€ŒSº˜a’¬’z’nV‹,1568-1,,
19384-0900-17.zip,202202141041,’†‹–€ŒSº˜a’¬’z’nV‹,1568-2,,
19384-0900-17.zip,202202141041,’†‹–€ŒSº˜a’¬’z’nV‹,1570-3,,
19384-0900-17.zip,202202141041,’†‹–€ŒSº˜a’¬’z’nV‹,1570-4,,
19384-0900-17.zip,202202141041,’†‹–€ŒSº˜a’¬’z’nV‹,1570-5,,
19384-0900-17.zip,202202141041,’†‹–€ŒSº˜a’¬’z’nV‹,1570-8,,
19384-0900-17.zip,202202141041,’†‹–€ŒSº˜a’¬’z’nV‹,1570-9,,
19384-0900-17.zip,202202141041,’†‹–€ŒSº˜a’¬’z’nV‹,1570-13,,
19384-0900-17.zip,202202141041,’†‹–€ŒSº˜a’¬’z’nV‹,1570-14,,
19384-0900-17.zip,202202141041,’†‹–€ŒSº˜a’¬’z’nV‹,1570-15,,
19384-0900-17.zip,202202141041,’†‹–€ŒSº˜a’¬’z’nV‹,1570-16,,
19384-0900-17.zip,202202141041,’†‹–€ŒSº˜a’¬’z’nV‹,1570-17,,
19384-0900-17.zip,202202141041,’†‹–€ŒSº˜a’¬’z’nV‹,1570-19,,
19384-0900-17.zip,202202141041,’†‹–€ŒSº˜a’¬’z’nV‹,1570-20,,
19384-0900-17.zip,202202141041,’†‹–€ŒSº˜a’¬’z’nV‹,1570-26,,
19384-0900-17.zip,202202141041,’†‹–€ŒSº˜a’¬’z’nV‹,1584-1,,
19384-0900-17.zip,202202141041,’†‹–€ŒSº˜a’¬’z’nV‹,1584-2,,
19384-0900-17.zip,202202141041,’†‹–€ŒSº˜a’¬’z’nV‹,1584-8,,
19384-0900-17.zip,202202141041,’†‹–€ŒSº˜a’¬’z’nV‹,1584-9,,
19384-0900-17.zip,202202141041,’†‹–€ŒSº˜a’¬’z’nV‹,1584-10,,
19384-0900-17.zip,202202141041,’†‹–€ŒSº˜a’¬’z’nV‹,1584-11,,
19384-0900-17.zip,202202141041,’†‹–€ŒSº˜a’¬’z’nV‹,1584-12,,
19384-0900-17.zip,202202141041,’†‹–€ŒSº˜a’¬’z’nV‹,1584-13,,
19384-0900-17.zip,202202141041,’†‹–€ŒSº˜a’¬’z’nV‹,1588-1,,
19384-0900-17.zip,202202141041,’†‹–€ŒSº˜a’¬’z’nV‹,1590-1,,
19384-0900-17.zip,202202141041,’†‹–€ŒSº˜a’¬’z’nV‹,1590-2,,
19384-0900-17.zip,202202141041,’†‹–€ŒSº˜a’¬’z’nV‹,1590-4,,
19384-0900-17.zip,202202141041,’†‹–€ŒSº˜a’¬’z’nV‹,1592-1,,
19384-0900-17.zip,202202141041,’†‹–€ŒSº˜a’¬’z’nV‹,1592-2,,
19384-0900-17.zip,202202141041,’†‹–€ŒSº˜a’¬’z’nV‹,1592-3,,
19384-0900-17.zip,202202141041,’†‹–€ŒSº˜a’¬’z’nV‹,1594,,
19384-0900-17.zip,202202141041,’†‹–€ŒSº˜a’¬’z’nV‹,1596,,
19384-0900-17.zip,202202141041,’†‹–€ŒSº˜a’¬’z’nV‹,1598-1,,
19384-0900-17.zip,202202141041,’†‹–€ŒSº˜a’¬’z’nV‹,1598-2,,
19384-0900-17.zip,202202141041,’†‹–€ŒSº˜a’¬’z’nV‹,1598-3,,
19384-0900-17.zip,202202141041,’†‹–€ŒSº˜a’¬’z’nV‹,1598-4,,
19384-0900-17.zip,202202141041,’†‹–€ŒSº˜a’¬’z’nV‹,1598-5,,
19384-0900-17.zip,202202141041,’†‹–€ŒSº˜a’¬’z’nV‹,1598-6,,
19384-0900-17.zip,202202141041,’†‹–€ŒSº˜a’¬’z’nV‹,1598-7,,
19384-0900-17.zip,202202141041,’†‹–€ŒSº˜a’¬’z’nV‹,1598-9,,
19384-0900-17.zip,202202141041,’†‹–€ŒSº˜a’¬’z’nV‹,1641-6,,
19384-0900-17.zip,202202141041,’†‹–€ŒSº˜a’¬’z’nV‹,1648-7,,
19384-0900-17.zip,202202141041,’†‹–€ŒSº˜a’¬’z’nV‹,1648-8,,
19384-0900-17.zip,202202141041,’†‹–€ŒSº˜a’¬’z’nV‹,1648-9,,
19384-0900-17.zip,202202141041,’†‹–€ŒSº˜a’¬’z’nV‹,1669-1,,
19384-0900-17.zip,202202141041,’†‹–€ŒSº˜a’¬’z’nV‹,1669-5,,
19384-0900-17.zip,202202141041,’†‹–€ŒSº˜a’¬’z’nV‹,1669-6,,
19384-0900-17.zip,202202141041,’†‹–€ŒSº˜a’¬’z’nV‹,1669-9,,
19384-0900-17.zip,202202141041,’†‹–€ŒSº˜a’¬’z’nV‹,1669-13,,
19384-0900-17.zip,202202141041,’†‹–€ŒSº˜a’¬’z’nV‹,1683-1,,
19384-0900-17.zip,202202141041,’†‹–€ŒSº˜a’¬’z’nV‹,1683-4,,
19384-0900-17.zip,202202141041,’†‹–€ŒSº˜a’¬’z’nV‹,1683-12,,
19384-0900-17.zip,202202141041,’†‹–€ŒSº˜a’¬’z’nV‹,1697-1,,
19384-0900-17.zip,202202141041,’†‹–€ŒSº˜a’¬’z’nV‹,1697-3,,
19384-0900-17.zip,202202141041,’†‹–€ŒSº˜a’¬’z’nV‹,1697-4,,
19384-0900-17.zip,202202141041,’†‹–€ŒSº˜a’¬’z’nV‹,1697-5,,
19384-0900-17.zip,202202141041,’†‹–€ŒSº˜a’¬’z’nV‹,2048-3,,
19384-0900-17.zip,202202141041,’†‹–€ŒSº˜a’¬’z’nV‹,2048-4,,
19384-0900-17.zip,202202141041,’†‹–€ŒSº˜a’¬’z’nV‹,2048-5,,
19384-0900-17.zip,202202141041,’†‹–€ŒSº˜a’¬’z’nV‹,2048-6,,
19384-0900-17.zip,202202141041,’†‹–€ŒSº˜a’¬’z’nV‹,2060-2,,
19384-0900-17.zip,202202141041,’†‹–€ŒSº˜a’¬’z’nV‹,2060-3,,
19384-0900-17.zip,202202141041,’†‹–€ŒSº˜a’¬’z’nV‹,2060-4,,
19384-0900-17.zip,202202141041,’†‹–€ŒSº˜a’¬’z’nV‹,2088,,
19384-0900-17.zip,202202141041,’†‹–€ŒSº˜a’¬’z’nV‹,2090-1,,
19384-0900-17.zip,202202141041,’†‹–€ŒSº˜a’¬’z’nV‹,2090-2,,
19384-0900-17.zip,202202141041,’†‹–€ŒSº˜a’¬’z’nV‹,2090-3,,
19384-0900-17.zip,202202141041,’†‹–€ŒSº˜a’¬’z’nV‹,2090-4,,
19384-0900-17.zip,202202141041,’†‹–€ŒSº˜a’¬’z’nV‹,2091-21,,
19384-0900-17.zip,202202141041,’†‹–€ŒSº˜a’¬’z’nV‹,2091-31,,
19384-0900-17.zip,202202141041,’†‹–€ŒSº˜a’¬’z’nV‹,2091-35,,
19384-0900-17.zip,202202141041,’†‹–€ŒSº˜a’¬’z’nV‹,2091-36,,
19384-0900-17.zip,202202141041,’†‹–€ŒSº˜a’¬’z’nV‹,2091-43,,
19384-0900-17.zip,202202141041,’†‹–€ŒSº˜a’¬’z’nV‹,2091-44,,
19384-0900-17.zip,202202141041,’†‹–€ŒSº˜a’¬’z’nV‹,2091-45,,
19384-0900-17.zip,202202141041,’†‹–€ŒSº˜a’¬’z’nV‹,2091-49,,
19384-0900-17.zip,202202141041,’†‹–€ŒSº˜a’¬’z’nV‹,2091-50,,
19384-0900-17.zip,202202141041,’†‹–€ŒSº˜a’¬’z’nV‹,2091-51,,
19384-0900-17.zip,202202141041,’†‹–€ŒSº˜a’¬’z’nV‹,2091-53,,
19384-0900-17.zip,202202141041,’†‹–€ŒSº˜a’¬’z’nV‹,2091-54,,
19384-0900-17.zip,202202141041,’†‹–€ŒSº˜a’¬’z’nV‹,2091-55,,
19384-0900-17.zip,202202141041,’†‹–€ŒSº˜a’¬’z’nV‹,2091-56,,
19384-0900-17.zip,202202141041,’†‹–€ŒSº˜a’¬’z’nV‹,2091-57,,
19384-0900-17.zip,202202141041,’†‹–€ŒSº˜a’¬’z’nV‹,2091-58,,
19384-0900-17.zip,202202141041,’†‹–€ŒSº˜a’¬’z’nV‹,2091-59,,
19384-0900-17.zip,202202141041,’†‹–€ŒSº˜a’¬’z’nV‹,2091-60,,
19384-0900-17.zip,202202141041,’†‹–€ŒSº˜a’¬’z’nV‹,2091-61,,
19384-0900-17.zip,202202141041,’†‹–€ŒSº˜a’¬’z’nV‹,2091-63,,
19384-0900-17.zip,202202141041,’†‹–€ŒSº˜a’¬’z’nV‹,2091-64,,
19384-0900-17.zip,202202141041,’†‹–€ŒSº˜a’¬’z’nV‹,2091-65,,
19384-0900-17.zip,202202141041,’†‹–€ŒSº˜a’¬’z’nV‹,2091-66,,
19384-0900-17.zip,202202141041,’†‹–€ŒSº˜a’¬’z’nV‹,2091-68,,
19384-0900-17.zip,202202141041,’†‹–€ŒSº˜a’¬’z’nV‹,2091-69,,
19384-0900-17.zip,202202141041,’†‹–€ŒSº˜a’¬’z’nV‹,2091-70,,
19384-0900-17.zip,202202141041,’†‹–€ŒSº˜a’¬’z’nV‹,2091-71,,
19384-0900-17.zip,202202141041,’†‹–€ŒSº˜a’¬’z’nV‹,2091-72,,
19384-0900-17.zip,202202141041,’†‹–€ŒSº˜a’¬’z’nV‹,2091-73,,
19384-0900-17.zip,202202141041,’†‹–€ŒSº˜a’¬’z’nV‹,2091-74,,
19384-0900-17.zip,202202141041,’†‹–€ŒSº˜a’¬’z’nV‹,2091-75,,
19384-0900-17.zip,202202141041,’†‹–€ŒSº˜a’¬’z’nV‹,2091-98,,
19384-0900-17.zip,202202141041,’†‹–€ŒSº˜a’¬’z’nV‹,2091-108,,
19384-0900-17.zip,202202141041,’†‹–€ŒSº˜a’¬’z’nV‹,2307,,
19384-0900-17.zip,202202141041,’†‹–€ŒSº˜a’¬’z’nV‹,2308,,
19384-0900-17.zip,202202141041,’†‹–€ŒSº˜a’¬’z’nV‹,2316,,
19384-0900-17.zip,202202141041,’†‹–€ŒSº˜a’¬’z’nV‹,–³’n”Ô-20,,
19384-0900-17.zip,202202141041,’†‹–€ŒSº˜a’¬’z’nV‹,–³’n”Ô-42,,
19384-0900-17.zip,202202141041,’†‹–€ŒSº˜a’¬’z’nV‹,•MŠE–¢’è’n-78,’†‹–€ŒSº˜a’¬’z’nV‹,656-2
19384-0900-17.zip,202202141041,’†‹–€ŒSº˜a’¬’z’nV‹,•MŠE–¢’è’n-78,’†‹–€ŒSº˜a’¬’z’nV‹,657-1
19384-0900-17.zip,202202141041,’†‹–€ŒSº˜a’¬’z’nV‹,“¹-9,,
19384-0900-17.zip,202202141041,’†‹–€ŒSº˜a’¬’z’nV‹,“¹-298,,
19384-0900-17.zip,202202141041,’†‹–€ŒSº˜a’¬’z’nV‹,“¹-301,,
19384-0900-17.zip,202202141041,’†‹–€ŒSº˜a’¬’z’nV‹,“¹-313,,
19384-0900-17.zip,202202141041,’†‹–€ŒSº˜a’¬’z’nV‹,“¹-315,,
19384-0900-17.zip,202202141041,’†‹–€ŒSº˜a’¬’z’nV‹,“¹-323,,
19384-0900-17.zip,202202141041,’†‹–€ŒSº˜a’¬’z’nV‹,“¹-330,,
19384-0900-17.zip,202202141041,’†‹–€ŒSº˜a’¬’z’nV‹,“¹-337,,
19384-0900-17.zip,202202141041,’†‹–€ŒSº˜a’¬’z’nV‹,“¹-340,,
19384-0900-17.zip,202202141041,’†‹–€ŒSº˜a’¬’z’nV‹,…-5,,
19384-0900-17.zip,202202141041,’†‹–€ŒSº˜a’¬’z’nV‹,…-9,,
19384-0900-17.zip,202202141041,’†‹–€ŒSº˜a’¬’z’nV‹,…-11,,
19384-0900-17.zip,202202141041,’†‹–€ŒSº˜a’¬’z’nV‹,…-14,,
19384-0900-17.zip,202202141041,’†‹–€ŒSº˜a’¬’z’nV‹,…-396,,
19384-0900-17.zip,202202141041,’†‹–€ŒSº˜a’¬’z’nV‹,…-413,,
19384-0900-17.zip,202202141041,’†‹–€ŒSº˜a’¬’z’nV‹,…-415,,
19384-0900-17.zip,202202141041,’†‹–€ŒSº˜a’¬’z’nV‹,…-418,,
19384-0900-17.zip,202202141041,’†‹–€ŒSº˜a’¬’z’nV‹,…-421,,
19384-0900-17.zip,202202141041,’†‹–€ŒSº˜a’¬’z’nV‹,’·‹·•¨•s–¾-11,,
19384-0900-17.zip,202202141041,’†‹–€ŒSº˜a’¬’z’nV‹,’·‹·•¨•s–¾-12,,
19384-0900-17.zip,202202141041,’†‹–€ŒSº˜a’¬’z’nV‹,’·‹·•¨•s–¾-13,,
19384-0900-17.zip,202202141041,’†‹–€ŒSº˜a’¬’z’nV‹,’·‹·•¨•s–¾-142,,
19384-0900-17.zip,202202141041,’†‹–€ŒSº˜a’¬’z’nV‹,823,,
19384-0900-17.zip,202202141041,’†‹–€ŒSº˜a’¬’z’nV‹,824,,
19384-0900-17.zip,202202141041,’†‹–€ŒSº˜a’¬’z’nV‹,825-1,,
19384-0900-17.zip,202202141041,’†‹–€ŒSº˜a’¬’z’nV‹,825-3,,
19384-0900-17.zip,202202141041,’†‹–€ŒSº˜a’¬’z’nV‹,826-1,,
19384-0900-17.zip,202202141041,’†‹–€ŒSº˜a’¬’z’nV‹,826-2,,
19384-0900-17.zip,202202141041,’†‹–€ŒSº˜a’¬’z’nV‹,826-3,,
19384-0900-17.zip,202202141041,’†‹–€ŒSº˜a’¬’z’nV‹,826-4,,
19384-0900-17.zip,202202141041,’†‹–€ŒSº˜a’¬’z’nV‹,827-1,,
19384-0900-17.zip,202202141041,’†‹–€ŒSº˜a’¬’z’nV‹,827-3,,
19384-0900-17.zip,202202141041,’†‹–€ŒSº˜a’¬’z’nV‹,828-1,,
19384-0900-17.zip,202202141041,’†‹–€ŒSº˜a’¬’z’nV‹,828-2,,
19384-0900-17.zip,202202141041,’†‹–€ŒSº˜a’¬’z’nV‹,828-3,,
19384-0900-17.zip,202202141041,’†‹–€ŒSº˜a’¬’z’nV‹,828-4,,
19384-0900-17.zip,202202141041,’†‹–€ŒSº˜a’¬’z’nV‹,828-5,,
19384-0900-17.zip,202202141041,’†‹–€ŒSº˜a’¬’z’nV‹,829-1,,
19384-0900-17.zip,202202141041,’†‹–€ŒSº˜a’¬’z’nV‹,830-1,,
19384-0900-17.zip,202202141041,’†‹–€ŒSº˜a’¬’z’nV‹,830-2,,
19384-0900-17.zip,202202141041,’†‹–€ŒSº˜a’¬’z’nV‹,830-4,,
19384-0900-17.zip,202202141041,’†‹–€ŒSº˜a’¬’z’nV‹,830-5,,
19384-0900-17.zip,202202141041,’†‹–€ŒSº˜a’¬’z’nV‹,830-6,,
19384-0900-17.zip,202202141041,’†‹–€ŒSº˜a’¬’z’nV‹,831-1,,
19384-0900-17.zip,202202141041,’†‹–€ŒSº˜a’¬’z’nV‹,831-4,,
19384-0900-17.zip,202202141041,’†‹–€ŒSº˜a’¬’z’nV‹,832-1,,
19384-0900-17.zip,202202141041,’†‹–€ŒSº˜a’¬’z’nV‹,832-2,,
19384-0900-17.zip,202202141041,’†‹–€ŒSº˜a’¬’z’nV‹,832-3,,
19384-0900-17.zip,202202141041,’†‹–€ŒSº˜a’¬’z’nV‹,832-5,,
19384-0900-17.zip,202202141041,’†‹–€ŒSº˜a’¬’z’nV‹,835,,
19384-0900-17.zip,202202141041,’†‹–€ŒSº˜a’¬’z’nV‹,836-1,,
19384-0900-17.zip,202202141041,’†‹–€ŒSº˜a’¬’z’nV‹,836-2,,
19384-0900-17.zip,202202141041,’†‹–€ŒSº˜a’¬’z’nV‹,837,,
19384-0900-17.zip,202202141041,’†‹–€ŒSº˜a’¬’z’nV‹,838,,
19384-0900-17.zip,202202141041,’†‹–€ŒSº˜a’¬’z’nV‹,839,,
19384-0900-17.zip,202202141041,’†‹–€ŒSº˜a’¬’z’nV‹,840-1,,
19384-0900-17.zip,202202141041,’†‹–€ŒSº˜a’¬’z’nV‹,840-2,,
19384-0900-17.zip,202202141041,’†‹–€ŒSº˜a’¬’z’nV‹,840-3,,
19384-0900-17.zip,202202141041,’†‹–€ŒSº˜a’¬’z’nV‹,841,,
19384-0900-17.zip,202202141041,’†‹–€ŒSº˜a’¬’z’nV‹,842-1,,
19384-0900-17.zip,202202141041,’†‹–€ŒSº˜a’¬’z’nV‹,842-2,,
19384-0900-17.zip,202202141041,’†‹–€ŒSº˜a’¬’z’nV‹,843-1,,
19384-0900-17.zip,202202141041,’†‹–€ŒSº˜a’¬’z’nV‹,843-2,,
19384-0900-17.zip,202202141041,’†‹–€ŒSº˜a’¬’z’nV‹,844-1,,
19384-0900-17.zip,202202141041,’†‹–€ŒSº˜a’¬’z’nV‹,844-2,,
19384-0900-17.zip,202202141041,’†‹–€ŒSº˜a’¬’z’nV‹,845-1,,
19384-0900-17.zip,202202141041,’†‹–€ŒSº˜a’¬’z’nV‹,845-2,,
19384-0900-17.zip,202202141041,’†‹–€ŒSº˜a’¬’z’nV‹,846-1,,
19384-0900-17.zip,202202141041,’†‹–€ŒSº˜a’¬’z’nV‹,846-2,,
19384-0900-17.zip,202202141041,’†‹–€ŒSº˜a’¬’z’nV‹,846-3,,
19384-0900-17.zip,202202141041,’†‹–€ŒSº˜a’¬’z’nV‹,847-1,,
19384-0900-17.zip,202202141041,’†‹–€ŒSº˜a’¬’z’nV‹,847-2,,
19384-0900-17.zip,202202141041,’†‹–€ŒSº˜a’¬’z’nV‹,847-3,,
19384-0900-17.zip,202202141041,’†‹–€ŒSº˜a’¬’z’nV‹,847-4,,
19384-0900-17.zip,202202141041,’†‹–€ŒSº˜a’¬’z’nV‹,847-5,,
19384-0900-17.zip,202202141041,’†‹–€ŒSº˜a’¬’z’nV‹,847-6,,
19384-0900-17.zip,202202141041,’†‹–€ŒSº˜a’¬’z’nV‹,847-7,,
19384-0900-17.zip,202202141041,’†‹–€ŒSº˜a’¬’z’nV‹,847-8,,
19384-0900-17.zip,202202141041,’†‹–€ŒSº˜a’¬’z’nV‹,848,,
19384-0900-17.zip,202202141041,’†‹–€ŒSº˜a’¬’z’nV‹,848-2,,
19384-0900-17.zip,202202141041,’†‹–€ŒSº˜a’¬’z’nV‹,849-2,,
19384-0900-17.zip,202202141041,’†‹–€ŒSº˜a’¬’z’nV‹,850,,
19384-0900-17.zip,202202141041,’†‹–€ŒSº˜a’¬’z’nV‹,851-2,,
19384-0900-17.zip,202202141041,’†‹–€ŒSº˜a’¬’z’nV‹,851-3,,
19384-0900-17.zip,202202141041,’†‹–€ŒSº˜a’¬’z’nV‹,852-1,,
19384-0900-17.zip,202202141041,’†‹–€ŒSº˜a’¬’z’nV‹,852-2,,
19384-0900-17.zip,202202141041,’†‹–€ŒSº˜a’¬’z’nV‹,853-2,,
19384-0900-17.zip,202202141041,’†‹–€ŒSº˜a’¬’z’nV‹,854,,
19384-0900-17.zip,202202141041,’†‹–€ŒSº˜a’¬’z’nV‹,855-2,,
19384-0900-17.zip,202202141041,’†‹–€ŒSº˜a’¬’z’nV‹,856,,
19384-0900-17.zip,202202141041,’†‹–€ŒSº˜a’¬’z’nV‹,857-3,,
19384-0900-17.zip,202202141041,’†‹–€ŒSº˜a’¬’z’nV‹,858-1,,
19384-0900-17.zip,202202141041,’†‹–€ŒSº˜a’¬’z’nV‹,858-2,,
19384-0900-17.zip,202202141041,’†‹–€ŒSº˜a’¬’z’nV‹,859,,
19384-0900-17.zip,202202141041,’†‹–€ŒSº˜a’¬’z’nV‹,860-1,,
19384-0900-17.zip,202202141041,’†‹–€ŒSº˜a’¬’z’nV‹,860-2,,
19384-0900-17.zip,202202141041,’†‹–€ŒSº˜a’¬’z’nV‹,860-3,,
19384-0900-17.zip,202202141041,’†‹–€ŒSº˜a’¬’z’nV‹,860-4,,
19384-0900-17.zip,202202141041,’†‹–€ŒSº˜a’¬’z’nV‹,860-5,,
19384-0900-17.zip,202202141041,’†‹–€ŒSº˜a’¬’z’nV‹,861-1,,
19384-0900-17.zip,202202141041,’†‹–€ŒSº˜a’¬’z’nV‹,861-2,,
19384-0900-17.zip,202202141041,’†‹–€ŒSº˜a’¬’z’nV‹,861-3,,
19384-0900-17.zip,202202141041,’†‹–€ŒSº˜a’¬’z’nV‹,861-4,,
19384-0900-17.zip,202202141041,’†‹–€ŒSº˜a’¬’z’nV‹,863,,
19384-0900-17.zip,202202141041,’†‹–€ŒSº˜a’¬’z’nV‹,864-1,,
19384-0900-17.zip,202202141041,’†‹–€ŒSº˜a’¬’z’nV‹,864-2,,
19384-0900-17.zip,202202141041,’†‹–€ŒSº˜a’¬’z’nV‹,865-1,,
19384-0900-17.zip,202202141041,’†‹–€ŒSº˜a’¬’z’nV‹,865-2,,
19384-0900-17.zip,202202141041,’†‹–€ŒSº˜a’¬’z’nV‹,865-3,,
19384-0900-17.zip,202202141041,’†‹–€ŒSº˜a’¬’z’nV‹,866-2,,
19384-0900-17.zip,202202141041,’†‹–€ŒSº˜a’¬’z’nV‹,868,,
19384-0900-17.zip,202202141041,’†‹–€ŒSº˜a’¬’z’nV‹,870,,
19384-0900-17.zip,202202141041,’†‹–€ŒSº˜a’¬’z’nV‹,872,,
19384-0900-17.zip,202202141041,’†‹–€ŒSº˜a’¬’z’nV‹,874,,
19384-0900-17.zip,202202141041,’†‹–€ŒSº˜a’¬’z’nV‹,876,,
19384-0900-17.zip,202202141041,’†‹–€ŒSº˜a’¬’z’nV‹,878-1,,
19384-0900-17.zip,202202141041,’†‹–€ŒSº˜a’¬’z’nV‹,878-2,,
19384-0900-17.zip,202202141041,’†‹–€ŒSº˜a’¬’z’nV‹,879,,
19384-0900-17.zip,202202141041,’†‹–€ŒSº˜a’¬’z’nV‹,880,,
19384-0900-17.zip,202202141041,’†‹–€ŒSº˜a’¬’z’nV‹,881-1,,
19384-0900-17.zip,202202141041,’†‹–€ŒSº˜a’¬’z’nV‹,881-2,,
19384-0900-17.zip,202202141041,’†‹–€ŒSº˜a’¬’z’nV‹,881-3,,
19384-0900-17.zip,202202141041,’†‹–€ŒSº˜a’¬’z’nV‹,881-4,,
19384-0900-17.zip,202202141041,’†‹–€ŒSº˜a’¬’z’nV‹,881-5,,
19384-0900-17.zip,202202141041,’†‹–€ŒSº˜a’¬’z’nV‹,882-1,,
19384-0900-17.zip,202202141041,’†‹–€ŒSº˜a’¬’z’nV‹,882-2,,
19384-0900-17.zip,202202141041,’†‹–€ŒSº˜a’¬’z’nV‹,882-3,,
19384-0900-17.zip,202202141041,’†‹–€ŒSº˜a’¬’z’nV‹,882-4,,
19384-0900-17.zip,202202141041,’†‹–€ŒSº˜a’¬’z’nV‹,882-5,,
19384-0900-17.zip,202202141041,’†‹–€ŒSº˜a’¬’z’nV‹,883-1,,
19384-0900-17.zip,202202141041,’†‹–€ŒSº˜a’¬’z’nV‹,883-2,,
19384-0900-17.zip,202202141041,’†‹–€ŒSº˜a’¬’z’nV‹,884,,
19384-0900-17.zip,202202141041,’†‹–€ŒSº˜a’¬’z’nV‹,887,,
19384-0900-17.zip,202202141041,’†‹–€ŒSº˜a’¬’z’nV‹,888,,
19384-0900-17.zip,202202141041,’†‹–€ŒSº˜a’¬’z’nV‹,889-1,,
19384-0900-17.zip,202202141041,’†‹–€ŒSº˜a’¬’z’nV‹,889-2,,
19384-0900-17.zip,202202141041,’†‹–€ŒSº˜a’¬’z’nV‹,893,,
19384-0900-17.zip,202202141041,’†‹–€ŒSº˜a’¬’z’nV‹,895,,
19384-0900-17.zip,202202141041,’†‹–€ŒSº˜a’¬’z’nV‹,897-1,,
19384-0900-17.zip,202202141041,’†‹–€ŒSº˜a’¬’z’nV‹,897-2,,
19384-0900-17.zip,202202141041,’†‹–€ŒSº˜a’¬’z’nV‹,899-1,,
19384-0900-17.zip,202202141041,’†‹–€ŒSº˜a’¬’z’nV‹,899-2,,
19384-0900-17.zip,202202141041,’†‹–€ŒSº˜a’¬’z’nV‹,899-3,,
19384-0900-17.zip,202202141041,’†‹–€ŒSº˜a’¬’z’nV‹,900-2,,
19384-0900-17.zip,202202141041,’†‹–€ŒSº˜a’¬’z’nV‹,900-3,,
19384-0900-17.zip,202202141041,’†‹–€ŒSº˜a’¬’z’nV‹,903,,
19384-0900-17.zip,202202141041,’†‹–€ŒSº˜a’¬’z’nV‹,904,,
19384-0900-17.zip,202202141041,’†‹–€ŒSº˜a’¬’z’nV‹,905,,
19384-0900-17.zip,202202141041,’†‹–€ŒSº˜a’¬’z’nV‹,906,,
19384-0900-17.zip,202202141041,’†‹–€ŒSº˜a’¬’z’nV‹,907-1,,
19384-0900-17.zip,202202141041,’†‹–€ŒSº˜a’¬’z’nV‹,907-2,,
19384-0900-17.zip,202202141041,’†‹–€ŒSº˜a’¬’z’nV‹,908,,
19384-0900-17.zip,202202141041,’†‹–€ŒSº˜a’¬’z’nV‹,909-1,,
19384-0900-17.zip,202202141041,’†‹–€ŒSº˜a’¬’z’nV‹,909-2,,
19384-0900-17.zip,202202141041,’†‹–€ŒSº˜a’¬’z’nV‹,910-2,,
19384-0900-17.zip,202202141041,’†‹–€ŒSº˜a’¬’z’nV‹,910-3,,
19384-0900-17.zip,202202141041,’†‹–€ŒSº˜a’¬’z’nV‹,917-1,,
19384-0900-17.zip,202202141041,’†‹–€ŒSº˜a’¬’z’nV‹,917-2,,
19384-0900-17.zip,202202141041,’†‹–€ŒSº˜a’¬’z’nV‹,917-3,,
19384-0900-17.zip,202202141041,’†‹–€ŒSº˜a’¬’z’nV‹,938-2,,
19384-0900-17.zip,202202141041,’†‹–€ŒSº˜a’¬’z’nV‹,938-3,,
19384-0900-17.zip,202202141041,’†‹–€ŒSº˜a’¬’z’nV‹,940,,
19384-0900-17.zip,202202141041,’†‹–€ŒSº˜a’¬’z’nV‹,941,,
19384-0900-17.zip,202202141041,’†‹–€ŒSº˜a’¬’z’nV‹,946,,
19384-0900-17.zip,202202141041,’†‹–€ŒSº˜a’¬’z’nV‹,947,,
19384-0900-17.zip,202202141041,’†‹–€ŒSº˜a’¬’z’nV‹,948,,
19384-0900-17.zip,202202141041,’†‹–€ŒSº˜a’¬’z’nV‹,949,,
19384-0900-17.zip,202202141041,’†‹–€ŒSº˜a’¬’z’nV‹,950,,
19384-0900-17.zip,202202141041,’†‹–€ŒSº˜a’¬’z’nV‹,952,,
19384-0900-17.zip,202202141041,’†‹–€ŒSº˜a’¬’z’nV‹,953,,
19384-0900-17.zip,202202141041,’†‹–€ŒSº˜a’¬’z’nV‹,954,,
19384-0900-17.zip,202202141041,’†‹–€ŒSº˜a’¬’z’nV‹,955-1,,
19384-0900-17.zip,202202141041,’†‹–€ŒSº˜a’¬’z’nV‹,955-2,,
19384-0900-17.zip,202202141041,’†‹–€ŒSº˜a’¬’z’nV‹,956,,
19384-0900-17.zip,202202141041,’†‹–€ŒSº˜a’¬’z’nV‹,957-1,,
19384-0900-17.zip,202202141041,’†‹–€ŒSº˜a’¬’z’nV‹,957-2,,
19384-0900-17.zip,202202141041,’†‹–€ŒSº˜a’¬’z’nV‹,957-3,,
19384-0900-17.zip,202202141041,’†‹–€ŒSº˜a’¬’z’nV‹,958-1,,
19384-0900-17.zip,202202141041,’†‹–€ŒSº˜a’¬’z’nV‹,958-2,,
19384-0900-17.zip,202202141041,’†‹–€ŒSº˜a’¬’z’nV‹,959-1,,
19384-0900-17.zip,202202141041,’†‹–€ŒSº˜a’¬’z’nV‹,959-2,,
19384-0900-17.zip,202202141041,’†‹–€ŒSº˜a’¬’z’nV‹,960-1,,
19384-0900-17.zip,202202141041,’†‹–€ŒSº˜a’¬’z’nV‹,960-2,,
19384-0900-17.zip,202202141041,’†‹–€ŒSº˜a’¬’z’nV‹,962-1,,
19384-0900-17.zip,202202141041,’†‹–€ŒSº˜a’¬’z’nV‹,962-2,,
19384-0900-17.zip,202202141041,’†‹–€ŒSº˜a’¬’z’nV‹,964-1,,
19384-0900-17.zip,202202141041,’†‹–€ŒSº˜a’¬’z’nV‹,964-2,,
19384-0900-17.zip,202202141041,’†‹–€ŒSº˜a’¬’z’nV‹,966,,
19384-0900-17.zip,202202141041,’†‹–€ŒSº˜a’¬’z’nV‹,968,,
19384-0900-17.zip,202202141041,’†‹–€ŒSº˜a’¬’z’nV‹,970,,
19384-0900-17.zip,202202141041,’†‹–€ŒSº˜a’¬’z’nV‹,974,,
19384-0900-17.zip,202202141041,’†‹–€ŒSº˜a’¬’z’nV‹,1188-1,,
19384-0900-17.zip,202202141041,’†‹–€ŒSº˜a’¬’z’nV‹,1188-3,,
19384-0900-17.zip,202202141041,’†‹–€ŒSº˜a’¬’z’nV‹,1188-5,,
19384-0900-17.zip,202202141041,’†‹–€ŒSº˜a’¬’z’nV‹,1188-6,,
19384-0900-17.zip,202202141041,’†‹–€ŒSº˜a’¬’z’nV‹,1189-2,,
19384-0900-17.zip,202202141041,’†‹–€ŒSº˜a’¬’z’nV‹,1199-1,,
19384-0900-17.zip,202202141041,’†‹–€ŒSº˜a’¬’z’nV‹,1361-4,,
19384-0900-17.zip,202202141041,’†‹–€ŒSº˜a’¬’z’nV‹,1361-6,,
19384-0900-17.zip,202202141041,’†‹–€ŒSº˜a’¬’z’nV‹,1361-7,,
19384-0900-17.zip,202202141041,’†‹–€ŒSº˜a’¬’z’nV‹,1361-8,,
19384-0900-17.zip,202202141041,’†‹–€ŒSº˜a’¬’z’nV‹,1361-9,,
19384-0900-17.zip,202202141041,’†‹–€ŒSº˜a’¬’z’nV‹,1361-10,,
19384-0900-17.zip,202202141041,’†‹–€ŒSº˜a’¬’z’nV‹,1361-11,,
19384-0900-17.zip,202202141041,’†‹–€ŒSº˜a’¬’z’nV‹,1361-13,,
19384-0900-17.zip,202202141041,’†‹–€ŒSº˜a’¬’z’nV‹,1361-14,,
19384-0900-17.zip,202202141041,’†‹–€ŒSº˜a’¬’z’nV‹,1361-16,,
19384-0900-17.zip,202202141041,’†‹–€ŒSº˜a’¬’z’nV‹,1537-3,,
19384-0900-17.zip,202202141041,’†‹–€ŒSº˜a’¬’z’nV‹,1537-4,,
19384-0900-17.zip,202202141041,’†‹–€ŒSº˜a’¬’z’nV‹,1712-1,,
19384-0900-17.zip,202202141041,’†‹–€ŒSº˜a’¬’z’nV‹,1712-2,,
19384-0900-17.zip,202202141041,’†‹–€ŒSº˜a’¬’z’nV‹,1713-1,,
19384-0900-17.zip,202202141041,’†‹–€ŒSº˜a’¬’z’nV‹,1713-2,,
19384-0900-17.zip,202202141041,’†‹–€ŒSº˜a’¬’z’nV‹,1714,,
19384-0900-17.zip,202202141041,’†‹–€ŒSº˜a’¬’z’nV‹,1715,,
19384-0900-17.zip,202202141041,’†‹–€ŒSº˜a’¬’z’nV‹,1716-1,,
19384-0900-17.zip,202202141041,’†‹–€ŒSº˜a’¬’z’nV‹,1716-2,,
19384-0900-17.zip,202202141041,’†‹–€ŒSº˜a’¬’z’nV‹,1716-3,,
19384-0900-17.zip,202202141041,’†‹–€ŒSº˜a’¬’z’nV‹,1717,,
19384-0900-17.zip,202202141041,’†‹–€ŒSº˜a’¬’z’nV‹,1718,,
19384-0900-17.zip,202202141041,’†‹–€ŒSº˜a’¬’z’nV‹,1719-1,,
19384-0900-17.zip,202202141041,’†‹–€ŒSº˜a’¬’z’nV‹,1727-1,,
19384-0900-17.zip,202202141041,’†‹–€ŒSº˜a’¬’z’nV‹,1741-1,,
19384-0900-17.zip,202202141041,’†‹–€ŒSº˜a’¬’z’nV‹,1741-4,,
19384-0900-17.zip,202202141041,’†‹–€ŒSº˜a’¬’z’nV‹,1741-5,,
19384-0900-17.zip,202202141041,’†‹–€ŒSº˜a’¬’z’nV‹,1741-8,,
19384-0900-17.zip,202202141041,’†‹–€ŒSº˜a’¬’z’nV‹,1741-9,,
19384-0900-17.zip,202202141041,’†‹–€ŒSº˜a’¬’z’nV‹,1741-10,,
19384-0900-17.zip,202202141041,’†‹–€ŒSº˜a’¬’z’nV‹,1741-11,,
19384-0900-17.zip,202202141041,’†‹–€ŒSº˜a’¬’z’nV‹,1742-1,,
19384-0900-17.zip,202202141041,’†‹–€ŒSº˜a’¬’z’nV‹,1742-2,,
19384-0900-17.zip,202202141041,’†‹–€ŒSº˜a’¬’z’nV‹,1743,,
19384-0900-17.zip,202202141041,’†‹–€ŒSº˜a’¬’z’nV‹,1744-1,,
19384-0900-17.zip,202202141041,’†‹–€ŒSº˜a’¬’z’nV‹,1744-2,,
19384-0900-17.zip,202202141041,’†‹–€ŒSº˜a’¬’z’nV‹,1744-3,,
19384-0900-17.zip,202202141041,’†‹–€ŒSº˜a’¬’z’nV‹,1746-1,,
19384-0900-17.zip,202202141041,’†‹–€ŒSº˜a’¬’z’nV‹,1746-4,,
19384-0900-17.zip,202202141041,’†‹–€ŒSº˜a’¬’z’nV‹,1746-5,,
19384-0900-17.zip,202202141041,’†‹–€ŒSº˜a’¬’z’nV‹,1746-6,,
19384-0900-17.zip,202202141041,’†‹–€ŒSº˜a’¬’z’nV‹,1746-7,,
19384-0900-17.zip,202202141041,’†‹–€ŒSº˜a’¬’z’nV‹,1754-1,,
19384-0900-17.zip,202202141041,’†‹–€ŒSº˜a’¬’z’nV‹,1768-1,,
19384-0900-17.zip,202202141041,’†‹–€ŒSº˜a’¬’z’nV‹,1768-2,,
19384-0900-17.zip,202202141041,’†‹–€ŒSº˜a’¬’z’nV‹,1769-1,,
19384-0900-17.zip,202202141041,’†‹–€ŒSº˜a’¬’z’nV‹,1769-2,,
19384-0900-17.zip,202202141041,’†‹–€ŒSº˜a’¬’z’nV‹,1770-1,,
19384-0900-17.zip,202202141041,’†‹–€ŒSº˜a’¬’z’nV‹,1770-2,,
19384-0900-17.zip,202202141041,’†‹–€ŒSº˜a’¬’z’nV‹,1771,,
19384-0900-17.zip,202202141041,’†‹–€ŒSº˜a’¬’z’nV‹,1772-1,,
19384-0900-17.zip,202202141041,’†‹–€ŒSº˜a’¬’z’nV‹,1772-2,,
19384-0900-17.zip,202202141041,’†‹–€ŒSº˜a’¬’z’nV‹,1773,,
19384-0900-17.zip,202202141041,’†‹–€ŒSº˜a’¬’z’nV‹,1774-1,,
19384-0900-17.zip,202202141041,’†‹–€ŒSº˜a’¬’z’nV‹,1774-4,,
19384-0900-17.zip,202202141041,’†‹–€ŒSº˜a’¬’z’nV‹,1774-5,,
19384-0900-17.zip,202202141041,’†‹–€ŒSº˜a’¬’z’nV‹,1782-1,,
19384-0900-17.zip,202202141041,’†‹–€ŒSº˜a’¬’z’nV‹,1796-1,,
19384-0900-17.zip,202202141041,’†‹–€ŒSº˜a’¬’z’nV‹,1796-2,,
19384-0900-17.zip,202202141041,’†‹–€ŒSº˜a’¬’z’nV‹,1802-1,,
19384-0900-17.zip,202202141041,’†‹–€ŒSº˜a’¬’z’nV‹,1802-4,,
19384-0900-17.zip,202202141041,’†‹–€ŒSº˜a’¬’z’nV‹,1802-5,,
19384-0900-17.zip,202202141041,’†‹–€ŒSº˜a’¬’z’nV‹,1802-6,,
19384-0900-17.zip,202202141041,’†‹–€ŒSº˜a’¬’z’nV‹,1802-7,,
19384-0900-17.zip,202202141041,’†‹–€ŒSº˜a’¬’z’nV‹,1802-8,,
19384-0900-17.zip,202202141041,’†‹–€ŒSº˜a’¬’z’nV‹,1802-9,,
19384-0900-17.zip,202202141041,’†‹–€ŒSº˜a’¬’z’nV‹,1802-10,,
19384-0900-17.zip,202202141041,’†‹–€ŒSº˜a’¬’z’nV‹,1802-11,,
19384-0900-17.zip,202202141041,’†‹–€ŒSº˜a’¬’z’nV‹,1802-12,,
19384-0900-17.zip,202202141041,’†‹–€ŒSº˜a’¬’z’nV‹,1802-13,,
19384-0900-17.zip,202202141041,’†‹–€ŒSº˜a’¬’z’nV‹,1824-1,,
19384-0900-17.zip,202202141041,’†‹–€ŒSº˜a’¬’z’nV‹,1824-2,,
19384-0900-17.zip,202202141041,’†‹–€ŒSº˜a’¬’z’nV‹,1824-3,,
19384-0900-17.zip,202202141041,’†‹–€ŒSº˜a’¬’z’nV‹,1852-1,,
19384-0900-17.zip,202202141041,’†‹–€ŒSº˜a’¬’z’nV‹,1852-2,,
19384-0900-17.zip,202202141041,’†‹–€ŒSº˜a’¬’z’nV‹,1852-3,,
19384-0900-17.zip,202202141041,’†‹–€ŒSº˜a’¬’z’nV‹,1853-1,,
19384-0900-17.zip,202202141041,’†‹–€ŒSº˜a’¬’z’nV‹,1853-2,,
19384-0900-17.zip,202202141041,’†‹–€ŒSº˜a’¬’z’nV‹,1854-1,,
19384-0900-17.zip,202202141041,’†‹–€ŒSº˜a’¬’z’nV‹,1854-2,,
19384-0900-17.zip,202202141041,’†‹–€ŒSº˜a’¬’z’nV‹,1855,,
19384-0900-17.zip,202202141041,’†‹–€ŒSº˜a’¬’z’nV‹,1856-1,,
19384-0900-17.zip,202202141041,’†‹–€ŒSº˜a’¬’z’nV‹,1856-2,,
19384-0900-17.zip,202202141041,’†‹–€ŒSº˜a’¬’z’nV‹,1857,,
19384-0900-17.zip,202202141041,’†‹–€ŒSº˜a’¬’z’nV‹,1882,,
19384-0900-17.zip,202202141041,’†‹–€ŒSº˜a’¬’z’nV‹,1883,,
19384-0900-17.zip,202202141041,’†‹–€ŒSº˜a’¬’z’nV‹,1884-1,,
19384-0900-17.zip,202202141041,’†‹–€ŒSº˜a’¬’z’nV‹,1884-2,,
19384-0900-17.zip,202202141041,’†‹–€ŒSº˜a’¬’z’nV‹,1885-1,,
19384-0900-17.zip,202202141041,’†‹–€ŒSº˜a’¬’z’nV‹,1885-2,,
19384-0900-17.zip,202202141041,’†‹–€ŒSº˜a’¬’z’nV‹,1885-3,,
19384-0900-17.zip,202202141041,’†‹–€ŒSº˜a’¬’z’nV‹,1893-4,,
19384-0900-17.zip,202202141041,’†‹–€ŒSº˜a’¬’z’nV‹,1893-5,,
19384-0900-17.zip,202202141041,’†‹–€ŒSº˜a’¬’z’nV‹,1893-6,,
19384-0900-17.zip,202202141041,’†‹–€ŒSº˜a’¬’z’nV‹,1893-7,,
19384-0900-17.zip,202202141041,’†‹–€ŒSº˜a’¬’z’nV‹,1893-8,,
19384-0900-17.zip,202202141041,’†‹–€ŒSº˜a’¬’z’nV‹,1893-9,,
19384-0900-17.zip,202202141041,’†‹–€ŒSº˜a’¬’z’nV‹,2000-1,,
19384-0900-17.zip,202202141041,’†‹–€ŒSº˜a’¬’z’nV‹,2000-3,,
19384-0900-17.zip,202202141041,’†‹–€ŒSº˜a’¬’z’nV‹,2000-4,,
19384-0900-17.zip,202202141041,’†‹–€ŒSº˜a’¬’z’nV‹,2000-5,,
19384-0900-17.zip,202202141041,’†‹–€ŒSº˜a’¬’z’nV‹,2000-6,,
19384-0900-17.zip,202202141041,’†‹–€ŒSº˜a’¬’z’nV‹,2000-7,,
19384-0900-17.zip,202202141041,’†‹–€ŒSº˜a’¬’z’nV‹,2047-1,,
19384-0900-17.zip,202202141041,’†‹–€ŒSº˜a’¬’z’nV‹,2047-35,,
19384-0900-17.zip,202202141041,’†‹–€ŒSº˜a’¬’z’nV‹,2047-36,,
19384-0900-17.zip,202202141041,’†‹–€ŒSº˜a’¬’z’nV‹,2047-37,,
19384-0900-17.zip,202202141041,’†‹–€ŒSº˜a’¬’z’nV‹,2047-38,,
19384-0900-17.zip,202202141041,’†‹–€ŒSº˜a’¬’z’nV‹,2047-39,,
19384-0900-17.zip,202202141041,’†‹–€ŒSº˜a’¬’z’nV‹,2047-40,,
19384-0900-17.zip,202202141041,’†‹–€ŒSº˜a’¬’z’nV‹,2047-44,,
19384-0900-17.zip,202202141041,’†‹–€ŒSº˜a’¬’z’nV‹,2047-45,,
19384-0900-17.zip,202202141041,’†‹–€ŒSº˜a’¬’z’nV‹,2047-46,,
19384-0900-17.zip,202202141041,’†‹–€ŒSº˜a’¬’z’nV‹,2047-47,,
19384-0900-17.zip,202202141041,’†‹–€ŒSº˜a’¬’z’nV‹,2047-48,,
19384-0900-17.zip,202202141041,’†‹–€ŒSº˜a’¬’z’nV‹,2047-49,,
19384-0900-17.zip,202202141041,’†‹–€ŒSº˜a’¬’z’nV‹,2047-50,,
19384-0900-17.zip,202202141041,’†‹–€ŒSº˜a’¬’z’nV‹,2047-51,,
19384-0900-17.zip,202202141041,’†‹–€ŒSº˜a’¬’z’nV‹,2047-52,,
19384-0900-17.zip,202202141041,’†‹–€ŒSº˜a’¬’z’nV‹,2047-53,,
19384-0900-17.zip,202202141041,’†‹–€ŒSº˜a’¬’z’nV‹,2047-57,,
19384-0900-17.zip,202202141041,’†‹–€ŒSº˜a’¬’z’nV‹,2047-58,,
19384-0900-17.zip,202202141041,’†‹–€ŒSº˜a’¬’z’nV‹,2047-59,,
19384-0900-17.zip,202202141041,’†‹–€ŒSº˜a’¬’z’nV‹,2047-60,,
19384-0900-17.zip,202202141041,’†‹–€ŒSº˜a’¬’z’nV‹,2047-61,,
19384-0900-17.zip,202202141041,’†‹–€ŒSº˜a’¬’z’nV‹,2047-62,,
19384-0900-17.zip,202202141041,’†‹–€ŒSº˜a’¬’z’nV‹,2047-64,,
19384-0900-17.zip,202202141041,’†‹–€ŒSº˜a’¬’z’nV‹,2047-65,,
19384-0900-17.zip,202202141041,’†‹–€ŒSº˜a’¬’z’nV‹,2047-66,,
19384-0900-17.zip,202202141041,’†‹–€ŒSº˜a’¬’z’nV‹,2047-86,,
19384-0900-17.zip,202202141041,’†‹–€ŒSº˜a’¬’z’nV‹,2047-88,,
19384-0900-17.zip,202202141041,’†‹–€ŒSº˜a’¬’z’nV‹,2047-94,,
19384-0900-17.zip,202202141041,’†‹–€ŒSº˜a’¬’z’nV‹,2047-99,,
19384-0900-17.zip,202202141041,’†‹–€ŒSº˜a’¬’z’nV‹,2047-100,,
19384-0900-17.zip,202202141041,’†‹–€ŒSº˜a’¬’z’nV‹,2047-101,,
19384-0900-17.zip,202202141041,’†‹–€ŒSº˜a’¬’z’nV‹,2047-102,,
19384-0900-17.zip,202202141041,’†‹–€ŒSº˜a’¬’z’nV‹,2047-103,,
19384-0900-17.zip,202202141041,’†‹–€ŒSº˜a’¬’z’nV‹,2047-104,,
19384-0900-17.zip,202202141041,’†‹–€ŒSº˜a’¬’z’nV‹,2047-105,,
19384-0900-17.zip,202202141041,’†‹–€ŒSº˜a’¬’z’nV‹,2047-106,,
19384-0900-17.zip,202202141041,’†‹–€ŒSº˜a’¬’z’nV‹,2047-107,,
19384-0900-17.zip,202202141041,’†‹–€ŒSº˜a’¬’z’nV‹,2047-108,,
19384-0900-17.zip,202202141041,’†‹–€ŒSº˜a’¬’z’nV‹,2047-109,,
19384-0900-17.zip,202202141041,’†‹–€ŒSº˜a’¬’z’nV‹,2047-110,,
19384-0900-17.zip,202202141041,’†‹–€ŒSº˜a’¬’z’nV‹,2047-111,,
19384-0900-17.zip,202202141041,’†‹–€ŒSº˜a’¬’z’nV‹,2047-113,,
19384-0900-17.zip,202202141041,’†‹–€ŒSº˜a’¬’z’nV‹,2047-114,,
19384-0900-17.zip,202202141041,’†‹–€ŒSº˜a’¬’z’nV‹,2047-115,,
19384-0900-17.zip,202202141041,’†‹–€ŒSº˜a’¬’z’nV‹,2047-116,,
19384-0900-17.zip,202202141041,’†‹–€ŒSº˜a’¬’z’nV‹,2047-198,,
19384-0900-17.zip,202202141041,’†‹–€ŒSº˜a’¬’z’nV‹,2047-199,,
19384-0900-17.zip,202202141041,’†‹–€ŒSº˜a’¬’z’nV‹,2047-200,,
19384-0900-17.zip,202202141041,’†‹–€ŒSº˜a’¬’z’nV‹,2047-201,,
19384-0900-17.zip,202202141041,’†‹–€ŒSº˜a’¬’z’nV‹,2047-202,,
19384-0900-17.zip,202202141041,’†‹–€ŒSº˜a’¬’z’nV‹,2047-203,,
19384-0900-17.zip,202202141041,’†‹–€ŒSº˜a’¬’z’nV‹,2047-204,,
19384-0900-17.zip,202202141041,’†‹–€ŒSº˜a’¬’z’nV‹,2047-205,,
19384-0900-17.zip,202202141041,’†‹–€ŒSº˜a’¬’z’nV‹,2047-206,,
19384-0900-17.zip,202202141041,’†‹–€ŒSº˜a’¬’z’nV‹,2047-207,,
19384-0900-17.zip,202202141041,’†‹–€ŒSº˜a’¬’z’nV‹,–³’n”Ô-1004,,
19384-0900-17.zip,202202141041,’†‹–€ŒSº˜a’¬’z’nV‹,“¹-296,,
19384-0900-17.zip,202202141041,’†‹–€ŒSº˜a’¬’z’nV‹,…-378,,
19384-0900-17.zip,202202141041,’†‹–€ŒSº˜a’¬’z’nV‹,…-397,,
19384-0900-17.zip,202202141041,’†‹–€ŒSº˜a’¬’z’nV‹,…-412,,
19384-0900-17.zip,202202141041,’†‹–€ŒSº˜a’¬’z’nV‹,2092-1,,
19384-0900-17.zip,202202141041,’†‹–€ŒSº˜a’¬’z’nV‹,2092-2,,
19384-0900-17.zip,202202141041,’†‹–€ŒSº˜a’¬’z’nV‹,2092-3,,
19384-0900-17.zip,202202141041,’†‹–€ŒSº˜a’¬’z’nV‹,2094,,
19384-0900-17.zip,202202141041,’†‹–€ŒSº˜a’¬’z’nV‹,2095-1,,
19384-0900-17.zip,202202141041,’†‹–€ŒSº˜a’¬’z’nV‹,2096,,
19384-0900-17.zip,202202141041,’†‹–€ŒSº˜a’¬’z’nV‹,2097-1,,
19384-0900-17.zip,202202141041,’†‹–€ŒSº˜a’¬’z’nV‹,2097-2,,
19384-0900-17.zip,202202141041,’†‹–€ŒSº˜a’¬’z’nV‹,2098,,
19384-0900-17.zip,202202141041,’†‹–€ŒSº˜a’¬’z’nV‹,2098-2,,
19384-0900-17.zip,202202141041,’†‹–€ŒSº˜a’¬’z’nV‹,2099,,
19384-0900-17.zip,202202141041,’†‹–€ŒSº˜a’¬’z’nV‹,2101-1,,
19384-0900-17.zip,202202141041,’†‹–€ŒSº˜a’¬’z’nV‹,2101-2,,
19384-0900-17.zip,202202141041,’†‹–€ŒSº˜a’¬’z’nV‹,2103-1,,
19384-0900-17.zip,202202141041,’†‹–€ŒSº˜a’¬’z’nV‹,2103-2,,
19384-0900-17.zip,202202141041,’†‹–€ŒSº˜a’¬’z’nV‹,2104-1,,
19384-0900-17.zip,202202141041,’†‹–€ŒSº˜a’¬’z’nV‹,2104-2,,
19384-0900-17.zip,202202141041,’†‹–€ŒSº˜a’¬’z’nV‹,2105,,
19384-0900-17.zip,202202141041,’†‹–€ŒSº˜a’¬’z’nV‹,2107,,
19384-0900-17.zip,202202141041,’†‹–€ŒSº˜a’¬’z’nV‹,2108,,
19384-0900-17.zip,202202141041,’†‹–€ŒSº˜a’¬’z’nV‹,2113-1,,
19384-0900-17.zip,202202141041,’†‹–€ŒSº˜a’¬’z’nV‹,2113-2,,
19384-0900-17.zip,202202141041,’†‹–€ŒSº˜a’¬’z’nV‹,2114,,
19384-0900-17.zip,202202141041,’†‹–€ŒSº˜a’¬’z’nV‹,2117-1,,
19384-0900-17.zip,202202141041,’†‹–€ŒSº˜a’¬’z’nV‹,2117-2,,
19384-0900-17.zip,202202141041,’†‹–€ŒSº˜a’¬’z’nV‹,2118,,
19384-0900-17.zip,202202141041,’†‹–€ŒSº˜a’¬’z’nV‹,2120,,
19384-0900-17.zip,202202141041,’†‹–€ŒSº˜a’¬’z’nV‹,2121,,
19384-0900-17.zip,202202141041,’†‹–€ŒSº˜a’¬’z’nV‹,2124-2,,
19384-0900-17.zip,202202141041,’†‹–€ŒSº˜a’¬’z’nV‹,2125-2,,
19384-0900-17.zip,202202141041,’†‹–€ŒSº˜a’¬’z’nV‹,2130,,
19384-0900-17.zip,202202141041,’†‹–€ŒSº˜a’¬’z’nV‹,2136-1,,
19384-0900-17.zip,202202141041,’†‹–€ŒSº˜a’¬’z’nV‹,2136-2,,
19384-0900-17.zip,202202141041,’†‹–€ŒSº˜a’¬’z’nV‹,2137,,
19384-0900-17.zip,202202141041,’†‹–€ŒSº˜a’¬’z’nV‹,“¹-29,,
19384-0900-17.zip,202202141041,’†‹–€ŒSº˜a’¬’z’nV‹,“¹-295,,
19384-0900-17.zip,202202141041,’†‹–€ŒSº˜a’¬’z’nV‹,“¹-304,,
19384-0900-17.zip,202202141041,’†‹–€ŒSº˜a’¬’z’nV‹,“¹-309,,
19384-0900-17.zip,202202141041,’†‹–€ŒSº˜a’¬’z’nV‹,…-384,,
19384-0900-17.zip,202202141041,’†‹–€ŒSº˜a’¬’z’nV‹,…-388,,
19384-0900-17.zip,202202141041,’†‹–€ŒSº˜a’¬’z’nV‹,2138-1,,
19384-0900-17.zip,202202141041,’†‹–€ŒSº˜a’¬’z’nV‹,2138-2,,
19384-0900-17.zip,202202141041,’†‹–€ŒSº˜a’¬’z’nV‹,2142,,
19384-0900-17.zip,202202141041,’†‹–€ŒSº˜a’¬’z’nV‹,2143,,
19384-0900-17.zip,202202141041,’†‹–€ŒSº˜a’¬’z’nV‹,2144,,
19384-0900-17.zip,202202141041,’†‹–€ŒSº˜a’¬’z’nV‹,2145,,
19384-0900-17.zip,202202141041,’†‹–€ŒSº˜a’¬’z’nV‹,2149-1,,
19384-0900-17.zip,202202141041,’†‹–€ŒSº˜a’¬’z’nV‹,2149-2,,
19384-0900-17.zip,202202141041,’†‹–€ŒSº˜a’¬’z’nV‹,2149-3,,
19384-0900-17.zip,202202141041,’†‹–€ŒSº˜a’¬’z’nV‹,2149-4,,
19384-0900-17.zip,202202141041,’†‹–€ŒSº˜a’¬’z’nV‹,2151,,
19384-0900-17.zip,202202141041,’†‹–€ŒSº˜a’¬’z’nV‹,2152,,
19384-0900-17.zip,202202141041,’†‹–€ŒSº˜a’¬’z’nV‹,2153-1,,
19384-0900-17.zip,202202141041,’†‹–€ŒSº˜a’¬’z’nV‹,2154-1,,
19384-0900-17.zip,202202141041,’†‹–€ŒSº˜a’¬’z’nV‹,2156-1,,
19384-0900-17.zip,202202141041,’†‹–€ŒSº˜a’¬’z’nV‹,2157,,
19384-0900-17.zip,202202141041,’†‹–€ŒSº˜a’¬’z’nV‹,2158,,
19384-0900-17.zip,202202141041,’†‹–€ŒSº˜a’¬’z’nV‹,2159,,
19384-0900-17.zip,202202141041,’†‹–€ŒSº˜a’¬’z’nV‹,2163,,
19384-0900-17.zip,202202141041,’†‹–€ŒSº˜a’¬’z’nV‹,2164,,
19384-0900-17.zip,202202141041,’†‹–€ŒSº˜a’¬’z’nV‹,2167,,
19384-0900-17.zip,202202141041,’†‹–€ŒSº˜a’¬’z’nV‹,2168,,
19384-0900-17.zip,202202141041,’†‹–€ŒSº˜a’¬’z’nV‹,2170,,
19384-0900-17.zip,202202141041,’†‹–€ŒSº˜a’¬’z’nV‹,2171,,
19384-0900-17.zip,202202141041,’†‹–€ŒSº˜a’¬’z’nV‹,2175,,
19384-0900-17.zip,202202141041,’†‹–€ŒSº˜a’¬’z’nV‹,2178,,
19384-0900-17.zip,202202141041,’†‹–€ŒSº˜a’¬’z’nV‹,2180,,
19384-0900-17.zip,202202141041,’†‹–€ŒSº˜a’¬’z’nV‹,2181-2,,
19384-0900-17.zip,202202141041,’†‹–€ŒSº˜a’¬’z’nV‹,2182,,
19384-0900-17.zip,202202141041,’†‹–€ŒSº˜a’¬’z’nV‹,2183,,
19384-0900-17.zip,202202141041,’†‹–€ŒSº˜a’¬’z’nV‹,2184,,
19384-0900-17.zip,202202141041,’†‹–€ŒSº˜a’¬’z’nV‹,2185,,
19384-0900-17.zip,202202141041,’†‹–€ŒSº˜a’¬’z’nV‹,2185-2,,
19384-0900-17.zip,202202141041,’†‹–€ŒSº˜a’¬’z’nV‹,2186,,
19384-0900-17.zip,202202141041,’†‹–€ŒSº˜a’¬’z’nV‹,2188-1,,
19384-0900-17.zip,202202141041,’†‹–€ŒSº˜a’¬’z’nV‹,2189-1,,
19384-0900-17.zip,202202141041,’†‹–€ŒSº˜a’¬’z’nV‹,2191-1,,
19384-0900-17.zip,202202141041,’†‹–€ŒSº˜a’¬’z’nV‹,2197,,
19384-0900-17.zip,202202141041,’†‹–€ŒSº˜a’¬’z’nV‹,2198,,
19384-0900-17.zip,202202141041,’†‹–€ŒSº˜a’¬’z’nV‹,2199,,
19384-0900-17.zip,202202141041,’†‹–€ŒSº˜a’¬’z’nV‹,2200-1,,
19384-0900-17.zip,202202141041,’†‹–€ŒSº˜a’¬’z’nV‹,2200-2,,
19384-0900-17.zip,202202141041,’†‹–€ŒSº˜a’¬’z’nV‹,2202-1,,
19384-0900-17.zip,202202141041,’†‹–€ŒSº˜a’¬’z’nV‹,2202-2,,
19384-0900-17.zip,202202141041,’†‹–€ŒSº˜a’¬’z’nV‹,2202-3,,
19384-0900-17.zip,202202141041,’†‹–€ŒSº˜a’¬’z’nV‹,2202-4,,
19384-0900-17.zip,202202141041,’†‹–€ŒSº˜a’¬’z’nV‹,2202-5,,
19384-0900-17.zip,202202141041,’†‹–€ŒSº˜a’¬’z’nV‹,2202-6,,
19384-0900-17.zip,202202141041,’†‹–€ŒSº˜a’¬’z’nV‹,2203-1,,
19384-0900-17.zip,202202141041,’†‹–€ŒSº˜a’¬’z’nV‹,2203-4,,
19384-0900-17.zip,202202141041,’†‹–€ŒSº˜a’¬’z’nV‹,2204,,
19384-0900-17.zip,202202141041,’†‹–€ŒSº˜a’¬’z’nV‹,2205,,
19384-0900-17.zip,202202141041,’†‹–€ŒSº˜a’¬’z’nV‹,2206,,
19384-0900-17.zip,202202141041,’†‹–€ŒSº˜a’¬’z’nV‹,2208,,
19384-0900-17.zip,202202141041,’†‹–€ŒSº˜a’¬’z’nV‹,2209,,
19384-0900-17.zip,202202141041,’†‹–€ŒSº˜a’¬’z’nV‹,2210,,
19384-0900-17.zip,202202141041,’†‹–€ŒSº˜a’¬’z’nV‹,2212-1,,
19384-0900-17.zip,202202141041,’†‹–€ŒSº˜a’¬’z’nV‹,2212-2,,
19384-0900-17.zip,202202141041,’†‹–€ŒSº˜a’¬’z’nV‹,2212-3,,
19384-0900-17.zip,202202141041,’†‹–€ŒSº˜a’¬’z’nV‹,2212-4,,
19384-0900-17.zip,202202141041,’†‹–€ŒSº˜a’¬’z’nV‹,2212-5,,
19384-0900-17.zip,202202141041,’†‹–€ŒSº˜a’¬’z’nV‹,2213,,
19384-0900-17.zip,202202141041,’†‹–€ŒSº˜a’¬’z’nV‹,2214-1,,
19384-0900-17.zip,202202141041,’†‹–€ŒSº˜a’¬’z’nV‹,2214-2,,
19384-0900-17.zip,202202141041,’†‹–€ŒSº˜a’¬’z’nV‹,2214-3,,
19384-0900-17.zip,202202141041,’†‹–€ŒSº˜a’¬’z’nV‹,2214-4,,
19384-0900-17.zip,202202141041,’†‹–€ŒSº˜a’¬’z’nV‹,2215-1,,
19384-0900-17.zip,202202141041,’†‹–€ŒSº˜a’¬’z’nV‹,2215-2,,
19384-0900-17.zip,202202141041,’†‹–€ŒSº˜a’¬’z’nV‹,2215-3,,
19384-0900-17.zip,202202141041,’†‹–€ŒSº˜a’¬’z’nV‹,2215-4,,
19384-0900-17.zip,202202141041,’†‹–€ŒSº˜a’¬’z’nV‹,2215-5,,
19384-0900-17.zip,202202141041,’†‹–€ŒSº˜a’¬’z’nV‹,2215-6,,
19384-0900-17.zip,202202141041,’†‹–€ŒSº˜a’¬’z’nV‹,2215-7,,
19384-0900-17.zip,202202141041,’†‹–€ŒSº˜a’¬’z’nV‹,2215-8,,
19384-0900-17.zip,202202141041,’†‹–€ŒSº˜a’¬’z’nV‹,2215-9,,
19384-0900-17.zip,202202141041,’†‹–€ŒSº˜a’¬’z’nV‹,2216-2,,
19384-0900-17.zip,202202141041,’†‹–€ŒSº˜a’¬’z’nV‹,2217-1,,
19384-0900-17.zip,202202141041,’†‹–€ŒSº˜a’¬’z’nV‹,2217-2,,
19384-0900-17.zip,202202141041,’†‹–€ŒSº˜a’¬’z’nV‹,2217-3,,
19384-0900-17.zip,202202141041,’†‹–€ŒSº˜a’¬’z’nV‹,2219,,
19384-0900-17.zip,202202141041,’†‹–€ŒSº˜a’¬’z’nV‹,2220-1,,
19384-0900-17.zip,202202141041,’†‹–€ŒSº˜a’¬’z’nV‹,2220-2,,
19384-0900-17.zip,202202141041,’†‹–€ŒSº˜a’¬’z’nV‹,2221-3,,
19384-0900-17.zip,202202141041,’†‹–€ŒSº˜a’¬’z’nV‹,2221-4,,
19384-0900-17.zip,202202141041,’†‹–€ŒSº˜a’¬’z’nV‹,2221-5,,
19384-0900-17.zip,202202141041,’†‹–€ŒSº˜a’¬’z’nV‹,2221-6,,
19384-0900-17.zip,202202141041,’†‹–€ŒSº˜a’¬’z’nV‹,2222-3,,
19384-0900-17.zip,202202141041,’†‹–€ŒSº˜a’¬’z’nV‹,2224-1,,
19384-0900-17.zip,202202141041,’†‹–€ŒSº˜a’¬’z’nV‹,2226,,
19384-0900-17.zip,202202141041,’†‹–€ŒSº˜a’¬’z’nV‹,2227,,
19384-0900-17.zip,202202141041,’†‹–€ŒSº˜a’¬’z’nV‹,2228,,
19384-0900-17.zip,202202141041,’†‹–€ŒSº˜a’¬’z’nV‹,2229-1,,
19384-0900-17.zip,202202141041,’†‹–€ŒSº˜a’¬’z’nV‹,2229-3,,
19384-0900-17.zip,202202141041,’†‹–€ŒSº˜a’¬’z’nV‹,2229-4,,
19384-0900-17.zip,202202141041,’†‹–€ŒSº˜a’¬’z’nV‹,2229-5,,
19384-0900-17.zip,202202141041,’†‹–€ŒSº˜a’¬’z’nV‹,2229-6,,
19384-0900-17.zip,202202141041,’†‹–€ŒSº˜a’¬’z’nV‹,2229-7,,
19384-0900-17.zip,202202141041,’†‹–€ŒSº˜a’¬’z’nV‹,2229-8,,
19384-0900-17.zip,202202141041,’†‹–€ŒSº˜a’¬’z’nV‹,2230-1,,
19384-0900-17.zip,202202141041,’†‹–€ŒSº˜a’¬’z’nV‹,2230-2,,
19384-0900-17.zip,202202141041,’†‹–€ŒSº˜a’¬’z’nV‹,2230-3,,
19384-0900-17.zip,202202141041,’†‹–€ŒSº˜a’¬’z’nV‹,2230-4,,
19384-0900-17.zip,202202141041,’†‹–€ŒSº˜a’¬’z’nV‹,2230-5,,
19384-0900-17.zip,202202141041,’†‹–€ŒSº˜a’¬’z’nV‹,2232,,
19384-0900-17.zip,202202141041,’†‹–€ŒSº˜a’¬’z’nV‹,2233-1,,
19384-0900-17.zip,202202141041,’†‹–€ŒSº˜a’¬’z’nV‹,2233-2,,
19384-0900-17.zip,202202141041,’†‹–€ŒSº˜a’¬’z’nV‹,2234,,
19384-0900-17.zip,202202141041,’†‹–€ŒSº˜a’¬’z’nV‹,2235-1,,
19384-0900-17.zip,202202141041,’†‹–€ŒSº˜a’¬’z’nV‹,2235-2,,
19384-0900-17.zip,202202141041,’†‹–€ŒSº˜a’¬’z’nV‹,2235-3,,
19384-0900-17.zip,202202141041,’†‹–€ŒSº˜a’¬’z’nV‹,2235-4,,
19384-0900-17.zip,202202141041,’†‹–€ŒSº˜a’¬’z’nV‹,2236-3,,
19384-0900-17.zip,202202141041,’†‹–€ŒSº˜a’¬’z’nV‹,2236-4,,
19384-0900-17.zip,202202141041,’†‹–€ŒSº˜a’¬’z’nV‹,2236-6,,
19384-0900-17.zip,202202141041,’†‹–€ŒSº˜a’¬’z’nV‹,2238-2,,
19384-0900-17.zip,202202141041,’†‹–€ŒSº˜a’¬’z’nV‹,2238-3,,
19384-0900-17.zip,202202141041,’†‹–€ŒSº˜a’¬’z’nV‹,2243-1,,
19384-0900-17.zip,202202141041,’†‹–€ŒSº˜a’¬’z’nV‹,2243-4,,
19384-0900-17.zip,202202141041,’†‹–€ŒSº˜a’¬’z’nV‹,2245-1,,
19384-0900-17.zip,202202141041,’†‹–€ŒSº˜a’¬’z’nV‹,2245-2,,
19384-0900-17.zip,202202141041,’†‹–€ŒSº˜a’¬’z’nV‹,2246-1,,
19384-0900-17.zip,202202141041,’†‹–€ŒSº˜a’¬’z’nV‹,2246-2,,
19384-0900-17.zip,202202141041,’†‹–€ŒSº˜a’¬’z’nV‹,2246-4,,
19384-0900-17.zip,202202141041,’†‹–€ŒSº˜a’¬’z’nV‹,2246-5,,
19384-0900-17.zip,202202141041,’†‹–€ŒSº˜a’¬’z’nV‹,2246-6,,
19384-0900-17.zip,202202141041,’†‹–€ŒSº˜a’¬’z’nV‹,2246-7,,
19384-0900-17.zip,202202141041,’†‹–€ŒSº˜a’¬’z’nV‹,2246-8,,
19384-0900-17.zip,202202141041,’†‹–€ŒSº˜a’¬’z’nV‹,2246-9,,
19384-0900-17.zip,202202141041,’†‹–€ŒSº˜a’¬’z’nV‹,2246-11,,
19384-0900-17.zip,202202141041,’†‹–€ŒSº˜a’¬’z’nV‹,2246-12,,
19384-0900-17.zip,202202141041,’†‹–€ŒSº˜a’¬’z’nV‹,2250,,
19384-0900-17.zip,202202141041,’†‹–€ŒSº˜a’¬’z’nV‹,2253,,
19384-0900-17.zip,202202141041,’†‹–€ŒSº˜a’¬’z’nV‹,2254,,
19384-0900-17.zip,202202141041,’†‹–€ŒSº˜a’¬’z’nV‹,2255,,
19384-0900-17.zip,202202141041,’†‹–€ŒSº˜a’¬’z’nV‹,2258,,
19384-0900-17.zip,202202141041,’†‹–€ŒSº˜a’¬’z’nV‹,2259-1,,
19384-0900-17.zip,202202141041,’†‹–€ŒSº˜a’¬’z’nV‹,2259-2,,
19384-0900-17.zip,202202141041,’†‹–€ŒSº˜a’¬’z’nV‹,2261-1,,
19384-0900-17.zip,202202141041,’†‹–€ŒSº˜a’¬’z’nV‹,2261-2,,
19384-0900-17.zip,202202141041,’†‹–€ŒSº˜a’¬’z’nV‹,2261-3,,
19384-0900-17.zip,202202141041,’†‹–€ŒSº˜a’¬’z’nV‹,2264-1,,
19384-0900-17.zip,202202141041,’†‹–€ŒSº˜a’¬’z’nV‹,2264-2,,
19384-0900-17.zip,202202141041,’†‹–€ŒSº˜a’¬’z’nV‹,2265-1,,
19384-0900-17.zip,202202141041,’†‹–€ŒSº˜a’¬’z’nV‹,2265-2,,
19384-0900-17.zip,202202141041,’†‹–€ŒSº˜a’¬’z’nV‹,2268-1,,
19384-0900-17.zip,202202141041,’†‹–€ŒSº˜a’¬’z’nV‹,2268-2,,
19384-0900-17.zip,202202141041,’†‹–€ŒSº˜a’¬’z’nV‹,2268-3,,
19384-0900-17.zip,202202141041,’†‹–€ŒSº˜a’¬’z’nV‹,2269-1,,
19384-0900-17.zip,202202141041,’†‹–€ŒSº˜a’¬’z’nV‹,2269-2,,
19384-0900-17.zip,202202141041,’†‹–€ŒSº˜a’¬’z’nV‹,2269-3,,
19384-0900-17.zip,202202141041,’†‹–€ŒSº˜a’¬’z’nV‹,2274-1,,
19384-0900-17.zip,202202141041,’†‹–€ŒSº˜a’¬’z’nV‹,2274-2,,
19384-0900-17.zip,202202141041,’†‹–€ŒSº˜a’¬’z’nV‹,2276-1,,
19384-0900-17.zip,202202141041,’†‹–€ŒSº˜a’¬’z’nV‹,2276-3,,
19384-0900-17.zip,202202141041,’†‹–€ŒSº˜a’¬’z’nV‹,2279,,
19384-0900-17.zip,202202141041,’†‹–€ŒSº˜a’¬’z’nV‹,2280,,
19384-0900-17.zip,202202141041,’†‹–€ŒSº˜a’¬’z’nV‹,2282,,
19384-0900-17.zip,202202141041,’†‹–€ŒSº˜a’¬’z’nV‹,2283,,
19384-0900-17.zip,202202141041,’†‹–€ŒSº˜a’¬’z’nV‹,“¹-3,,
19384-0900-17.zip,202202141041,’†‹–€ŒSº˜a’¬’z’nV‹,“¹-10,,
19384-0900-17.zip,202202141041,’†‹–€ŒSº˜a’¬’z’nV‹,“¹-13,,
19384-0900-17.zip,202202141041,’†‹–€ŒSº˜a’¬’z’nV‹,“¹-14,,
19384-0900-17.zip,202202141041,’†‹–€ŒSº˜a’¬’z’nV‹,“¹-16,,
19384-0900-17.zip,202202141041,’†‹–€ŒSº˜a’¬’z’nV‹,“¹-100,,
19384-0900-17.zip,202202141041,’†‹–€ŒSº˜a’¬’z’nV‹,“¹-300,,
19384-0900-17.zip,202202141041,’†‹–€ŒSº˜a’¬’z’nV‹,“¹-318,,
19384-0900-17.zip,202202141041,’†‹–€ŒSº˜a’¬’z’nV‹,“¹-324,,
19384-0900-17.zip,202202141041,’†‹–€ŒSº˜a’¬’z’nV‹,“¹-327,,
19384-0900-17.zip,202202141041,’†‹–€ŒSº˜a’¬’z’nV‹,“¹-334,,
19384-0900-17.zip,202202141041,’†‹–€ŒSº˜a’¬’z’nV‹,…-4,,
19384-0900-17.zip,202202141041,’†‹–€ŒSº˜a’¬’z’nV‹,…-8,,
19384-0900-17.zip,202202141041,’†‹–€ŒSº˜a’¬’z’nV‹,…-385,,
19384-0900-17.zip,202202141041,’†‹–€ŒSº˜a’¬’z’nV‹,…-423,,
19384-0900-17.zip,202202141041,’†‹–€ŒSº˜a’¬’z’nV‹,667-2,,
19384-0900-17.zip,202202141041,’†‹–€ŒSº˜a’¬’z’nV‹,667-1,,
19384-0900-17.zip,202202141041,’†‹–€ŒSº˜a’¬’z’nV‹,667-3,,
19384-0900-17.zip,202202141041,’†‹–€ŒSº˜a’¬’z’nV‹,667-6,,
19384-0900-17.zip,202202141041,’†‹–€ŒSº˜a’¬’z’nV‹,667-4,,
19384-0900-17.zip,202202141041,’†‹–€ŒSº˜a’¬’z’nV‹,667-5,,
19384-0900-17.zip,202202141041,’†‹–€ŒSº˜a’¬’z’nV‹,’·‹·•¨•s–¾-20,,
19384-0900-17.zip,202202141041,’†‹–€ŒSº˜a’¬’z’nV‹,…-426,,
19384-0900-17.zip,202202141041,’†‹–€ŒSº˜a’¬’z’nV‹,1-14,,
19384-0900-17.zip,202202141041,’†‹–€ŒSº˜a’¬’z’nV‹,2-2,,
19384-0900-17.zip,202202141041,’†‹–€ŒSº˜a’¬’z’nV‹,…-408,,
19384-0900-17.zip,202202141041,’†‹–€ŒSº˜a’¬’z’nV‹,533-2,,
19384-0900-17.zip,202202141041,’†‹–€ŒSº˜a’¬’z’nV‹,714-3,,
19384-0900-17.zip,202202141041,’†‹–€ŒSº˜a’¬’z’nV‹,714-1,,
19384-0900-17.zip,202202141041,’†‹–€ŒSº˜a’¬’z’nV‹,714-5,,
19384-0900-17.zip,202202141041,’†‹–€ŒSº˜a’¬’z’nV‹,714-4,,
19384-0900-17.zip,202202141041,’†‹–€ŒSº˜a’¬’z’nV‹,2091-46,,
19384-0900-17.zip,202202141041,’†‹–€ŒSº˜a’¬’z’nV‹,…-390,,
19384-0900-17.zip,202202141041,’†‹–€ŒSº˜a’¬’z’nV‹,605-5,,
19384-0900-17.zip,202202141041,’†‹–€ŒSº˜a’¬’z’nV‹,605-3,,
19384-0900-17.zip,202202141041,’†‹–€ŒSº˜a’¬’z’nV‹,798-1,,
19384-0900-17.zip,202202141041,’†‹–€ŒSº˜a’¬’z’nV‹,798-2,,
19384-0900-17.zip,202202141041,’†‹–€ŒSº˜a’¬’z’nV‹,797,,
19384-0900-17.zip,202202141041,’†‹–€ŒSº˜a’¬’z’nV‹,748-1,,
19384-0900-17.zip,202202141041,’†‹–€ŒSº˜a’¬’z’nV‹,748-2,,
19384-0900-17.zip,202202141041,’†‹–€ŒSº˜a’¬’z’nV‹,749,,
19384-0900-17.zip,202202141041,’†‹–€ŒSº˜a’¬’z’nV‹,2091-67,,
19384-0900-17.zip,202202141041,’†‹–€ŒSº˜a’¬’z’nV‹,730-3,,
19384-0900-17.zip,202202141041,’†‹–€ŒSº˜a’¬’z’nV‹,730-5,,
19384-0900-17.zip,202202141041,’†‹–€ŒSº˜a’¬’z’nV‹,730-2,,
19384-0900-17.zip,202202141041,’†‹–€ŒSº˜a’¬’z’nV‹,730-4,,
19384-0900-17.zip,202202141041,’†‹–€ŒSº˜a’¬’z’nV‹,751-2,,
19384-0900-17.zip,202202141041,’†‹–€ŒSº˜a’¬’z’nV‹,857-2,,
19384-0900-17.zip,202202141041,’†‹–€ŒSº˜a’¬’z’nV‹,857-4,,
19384-0900-17.zip,202202141041,’†‹–€ŒSº˜a’¬’z’nV‹,1741-3,,
19384-0900-17.zip,202202141041,’†‹–€ŒSº˜a’¬’z’nV‹,1741-13,,
19384-0900-17.zip,202202141041,’†‹–€ŒSº˜a’¬’z’nV‹,1741-6,,
19384-0900-17.zip,202202141041,’†‹–€ŒSº˜a’¬’z’nV‹,1741-14,,
19384-0900-17.zip,202202141041,’†‹–€ŒSº˜a’¬’z’nV‹,1741-7,,
19384-0900-17.zip,202202141041,’†‹–€ŒSº˜a’¬’z’nV‹,1741-12,,
19384-0900-17.zip,202202141041,’†‹–€ŒSº˜a’¬’z’nV‹,731-1,,
19384-0900-17.zip,202202141041,’†‹–€ŒSº˜a’¬’z’nV‹,731-3,,
19384-0900-17.zip,202202141041,’†‹–€ŒSº˜a’¬’z’nV‹,731-2,,
19384-0900-17.zip,202202141041,’†‹–€ŒSº˜a’¬’z’nV‹,263-7,,
19384-0900-17.zip,202202141041,’†‹–€ŒSº˜a’¬’z’nV‹,263-6,,
19384-0900-17.zip,202202141041,’†‹–€ŒSº˜a’¬’z’nV‹,263-5,,
19384-0900-17.zip,202202141041,’†‹–€ŒSº˜a’¬’z’nV‹,263-4,,
19384-0900-17.zip,202202141041,’†‹–€ŒSº˜a’¬’z’nV‹,263-3,,
19384-0900-17.zip,202202141041,’†‹–€ŒSº˜a’¬’z’nV‹,263-1,,
19384-0900-17.zip,202202141041,’†‹–€ŒSº˜a’¬’z’nV‹,265,,
19384-0900-17.zip,202202141041,’†‹–€ŒSº˜a’¬’z’nV‹,274,,
19384-0900-17.zip,202202141041,’†‹–€ŒSº˜a’¬’z’nV‹,262,,
19384-0900-17.zip,202202141041,’†‹–€ŒSº˜a’¬’z’nV‹,639-5,,
19384-0900-17.zip,202202141041,’†‹–€ŒSº˜a’¬’z’nV‹,639-1,,
19384-0900-17.zip,202202141041,’†‹–€ŒSº˜a’¬’z’nV‹,…-402,,
19384-0900-17.zip,202202141041,’†‹–€ŒSº˜a’¬’z’nV‹,642,,
19384-0900-17.zip,202202141041,’†‹–€ŒSº˜a’¬’z’nV‹,2221-7,,
19384-0900-17.zip,202202141041,’†‹–€ŒSº˜a’¬’z’nV‹,2221-1,,
19384-0900-17.zip,202202141041,’†‹–€ŒSº˜a’¬’z’nV‹,2222-4,,
19384-0900-17.zip,202202141041,’†‹–€ŒSº˜a’¬’z’nV‹,2222-1,,
19384-0900-17.zip,202202141041,’†‹–€ŒSº˜a’¬’z’nV‹,2222-2,,
19384-0900-17.zip,202202141041,’†‹–€ŒSº˜a’¬’z’nV‹,2240-1,,
19384-0900-17.zip,202202141041,’†‹–€ŒSº˜a’¬’z’nV‹,2240-2,,
19384-0900-17.zip,202202141041,’†‹–€ŒSº˜a’¬’z’nV‹,2225-1,,
19384-0900-17.zip,202202141041,’†‹–€ŒSº˜a’¬’z’nV‹,2225-3,,
19384-0900-17.zip,202202141041,’†‹–€ŒSº˜a’¬’z’nV‹,…-3,,
19384-0900-17.zip,202202141041,’†‹–€ŒSº˜a’¬’z’nV‹,2277-1,,
19384-0900-17.zip,202202141041,’†‹–€ŒSº˜a’¬’z’nV‹,2277-3,,
19384-0900-17.zip,202202141041,’†‹–€ŒSº˜a’¬’z’nV‹,“¹-11,,
19384-0900-17.zip,202202141041,’†‹–€ŒSº˜a’¬’z’nV‹,2277-2,,
19384-0900-17.zip,202202141041,’†‹–€ŒSº˜a’¬’z’nV‹,673-5,,
19384-0900-17.zip,202202141041,’†‹–€ŒSº˜a’¬’z’nV‹,673-12,,
19384-0900-17.zip,202202141041,’†‹–€ŒSº˜a’¬’z’nV‹,2224-4,,
19384-0900-17.zip,202202141041,’†‹–€ŒSº˜a’¬’z’nV‹,2224-3,,
19384-0900-17.zip,202202141041,’†‹–€ŒSº˜a’¬’z’nV‹,427-4,,
19384-0900-17.zip,202202141041,’†‹–€ŒSº˜a’¬’z’nV‹,427-7,,
19384-0900-17.zip,202202141041,’†‹–€ŒSº˜a’¬’z’nV‹,“¹-326,,
19384-0900-17.zip,202202141041,’†‹–€ŒSº˜a’¬’z’nV‹,834-4,,
19384-0900-17.zip,202202141041,’†‹–€ŒSº˜a’¬’z’nV‹,834-5,,
19384-0900-17.zip,202202141041,’†‹–€ŒSº˜a’¬’z’nV‹,834-2,,
19384-0900-17.zip,202202141041,’†‹–€ŒSº˜a’¬’z’nV‹,833-1,,
19384-0900-17.zip,202202141041,’†‹–€ŒSº˜a’¬’z’nV‹,832-4,,
19384-0900-17.zip,202202141041,’†‹–€ŒSº˜a’¬’z’nV‹,2243-2,,
19384-0900-17.zip,202202141041,’†‹–€ŒSº˜a’¬’z’nV‹,2243-5,,
19384-0900-17.zip,202202141041,’†‹–€ŒSº˜a’¬’z’nV‹,“¹-30,,
19384-0900-17.zip,202202141041,’†‹–€ŒSº˜a’¬’z’nV‹,“¹-331,,
19384-0900-17.zip,202202141041,’†‹–€ŒSº˜a’¬’z’nV‹,834-1,,
19384-0900-17.zip,202202141041,’†‹–€ŒSº˜a’¬’z’nV‹,834-6,,
19384-0900-17.zip,202202141041,’†‹–€ŒSº˜a’¬’z’nV‹,2047-112,,
19384-0900-17.zip,202202141041,’†‹–€ŒSº˜a’¬’z’nV‹,834-3,,
19384-0900-17.zip,202202141041,’†‹–€ŒSº˜a’¬’z’nV‹,2091-84,,
19384-0900-17.zip,202202141041,’†‹–€ŒSº˜a’¬’z’nV‹,2091-81,,
19384-0900-17.zip,202202141041,’†‹–€ŒSº˜a’¬’z’nV‹,2047-34,,
19384-0900-17.zip,202202141041,’†‹–€ŒSº˜a’¬’z’nV‹,2047-117,,
19384-0900-17.zip,202202141041,’†‹–€ŒSº˜a’¬’z’nV‹,2047-41,,
19384-0900-17.zip,202202141041,’†‹–€ŒSº˜a’¬’z’nV‹,2311-2,,
19384-0900-17.zip,202202141041,’†‹–€ŒSº˜a’¬’z’nV‹,2311-1,,
19384-0900-17.zip,202202141041,’†‹–€ŒSº˜a’¬’z’nV‹,2306,,
19384-0900-17.zip,202202141041,’†‹–€ŒSº˜a’¬’z’nV‹,3-3,,
19384-0900-17.zip,202202141041,’†‹–€ŒSº˜a’¬’z’nV‹,3-10,,
19384-0900-17.zip,202202141041,’†‹–€ŒSº˜a’¬’z’nV‹,…-429,,
19384-0900-17.zip,202202141041,’†‹–€ŒSº˜a’¬’z’nV‹,…-15,,
19384-0900-17.zip,202202141041,’†‹–€ŒSº˜a’¬’z’nV‹,658-2,,
19384-0900-17.zip,202202141041,’†‹–€ŒSº˜a’¬’z’nV‹,802-2,,
19384-0900-17.zip,202202141041,’†‹–€ŒSº˜a’¬’z’nV‹,802-1,,
19384-0900-17.zip,202202141041,’†‹–€ŒSº˜a’¬’z’nV‹,804-2,,
19384-0900-17.zip,202202141041,’†‹–€ŒSº˜a’¬’z’nV‹,804-1,,
19384-0900-17.zip,202202141041,’†‹–€ŒSº˜a’¬’z’nV‹,…-1,,
19384-0900-17.zip,202202141041,’†‹–€ŒSº˜a’¬’z’nV‹,800,,
19384-0900-17.zip,202202141041,’†‹–€ŒSº˜a’¬’z’nV‹,2047-56,,
19384-0900-17.zip,202202141041,’†‹–€ŒSº˜a’¬’z’nV‹,972,,
19384-0900-17.zip,202202141041,’†‹–€ŒSº˜a’¬’z’nV‹,974-2,,
19384-0900-17.zip,202202141041,’†‹–€ŒSº˜a’¬’z’nV‹,972-2,,
19384-0900-17.zip,202202141041,’†‹–€ŒSº˜a’¬’z’nV‹,2047-43,,
19384-0900-17.zip,202202141041,’†‹–€ŒSº˜a’¬’z’nV‹,2047-215,,
19384-0900-17.zip,202202141041,’†‹–€ŒSº˜a’¬’z’nV‹,2047-214,,
19384-0900-17.zip,202202141041,’†‹–€ŒSº˜a’¬’z’nV‹,2047-213,,
19384-0900-17.zip,202202141041,’†‹–€ŒSº˜a’¬’z’nV‹,2047-212,,
19384-0900-17.zip,202202141041,’†‹–€ŒSº˜a’¬’z’nV‹,2047-211,,
19384-0900-17.zip,202202141041,’†‹–€ŒSº˜a’¬’z’nV‹,2047-210,,
19384-0900-17.zip,202202141041,’†‹–€ŒSº˜a’¬’z’nV‹,2047-209,,
19384-0900-17.zip,202202141041,’†‹–€ŒSº˜a’¬’z’nV‹,2047-220,,
19384-0900-17.zip,202202141041,’†‹–€ŒSº˜a’¬’z’nV‹,–³’n”Ô-1006,,
19384-0900-17.zip,202202141041,’†‹–€ŒSº˜a’¬’z’nV‹,–³’n”Ô-1009,,
19384-0900-17.zip,202202141041,’†‹–€ŒSº˜a’¬’z’nV‹,2218-6,,
19384-0900-17.zip,202202141041,’†‹–€ŒSº˜a’¬’z’nV‹,2218-8,,
19384-0900-17.zip,202202141041,’†‹–€ŒSº˜a’¬’z’nV‹,2218-7,,
19384-0900-17.zip,202202141041,’†‹–€ŒSº˜a’¬’z’nV‹,2218-9,,
19384-0900-17.zip,202202141041,’†‹–€ŒSº˜a’¬’z’nV‹,2218-5,,
19384-0900-17.zip,202202141041,’†‹–€ŒSº˜a’¬’z’nV‹,2218-3,,
19384-0900-17.zip,202202141041,’†‹–€ŒSº˜a’¬’z’nV‹,2203-3,,
19384-0900-17.zip,202202141041,’†‹–€ŒSº˜a’¬’z’nV‹,2218-4,,
19384-0900-17.zip,202202141041,’†‹–€ŒSº˜a’¬’z’nV‹,2218-1,,
19384-0900-17.zip,202202141041,’†‹–€ŒSº˜a’¬’z’nV‹,733-3,,
19384-0900-17.zip,202202141041,’†‹–€ŒSº˜a’¬’z’nV‹,733-2,,
19384-0900-17.zip,202202141041,’†‹–€ŒSº˜a’¬’z’nV‹,733-1,,
19384-0900-17.zip,202202141041,’†‹–€ŒSº˜a’¬’z’nV‹,2272-1,,
19384-0900-17.zip,202202141041,’†‹–€ŒSº˜a’¬’z’nV‹,…-405,,
19384-0900-17.zip,202202141041,’†‹–€ŒSº˜a’¬’z’nV‹,300-6,,
19384-0900-17.zip,202202141041,’†‹–€ŒSº˜a’¬’z’nV‹,300-5,,
19384-0900-17.zip,202202141041,’†‹–€ŒSº˜a’¬’z’nV‹,300-1,,
19384-0900-17.zip,202202141041,’†‹–€ŒSº˜a’¬’z’nV‹,293,,
19384-0900-17.zip,202202141041,’†‹–€ŒSº˜a’¬’z’nV‹,300-4,,
19384-0900-17.zip,202202141041,’†‹–€ŒSº˜a’¬’z’nV‹,294,,
19384-0900-17.zip,202202141041,’†‹–€ŒSº˜a’¬’z’nV‹,702-2,,
19384-0900-17.zip,202202141041,’†‹–€ŒSº˜a’¬’z’nV‹,702-3,,
19384-0900-17.zip,202202141041,’†‹–€ŒSº˜a’¬’z’nV‹,702-1,,
19384-0900-17.zip,202202141041,’†‹–€ŒSº˜a’¬’z’nV‹,2091-52,,
19384-0900-17.zip,202202141041,’†‹–€ŒSº˜a’¬’z’nV‹,704,,
19384-0900-17.zip,202202141041,’†‹–€ŒSº˜a’¬’z’nV‹,701-1,,
19384-0900-17.zip,202202141041,’†‹–€ŒSº˜a’¬’z’nV‹,2272-3,,
19384-0900-17.zip,202202141041,’†‹–€ŒSº˜a’¬’z’nV‹,2272-5,,
19384-0900-17.zip,202202141041,’†‹–€ŒSº˜a’¬’z’nV‹,2272-6,,
19384-0900-17.zip,202202141041,’†‹–€ŒSº˜a’¬’z’nV‹,…-416,,
19384-0900-17.zip,202202141041,’†‹–€ŒSº˜a’¬’z’nV‹,2272-4,,
19384-0900-17.zip,202202141041,’†‹–€ŒSº˜a’¬’z’nV‹,2272-2,,
19384-0900-17.zip,202202141041,’†‹–€ŒSº˜a’¬’z’nV‹,2124-5,,
19384-0900-17.zip,202202141041,’†‹–€ŒSº˜a’¬’z’nV‹,2124-1,,
19384-0900-17.zip,202202141041,’†‹–€ŒSº˜a’¬’z’nV‹,2124-6,,
19384-0900-17.zip,202202141041,’†‹–€ŒSº˜a’¬’z’nV‹,2124-3,,
19384-0900-17.zip,202202141041,’†‹–€ŒSº˜a’¬’z’nV‹,601,,
19384-0900-17.zip,202202141041,’†‹–€ŒSº˜a’¬’z’nV‹,2125-4,,
19384-0900-17.zip,202202141041,’†‹–€ŒSº˜a’¬’z’nV‹,2125-1,,
19384-0900-17.zip,202202141041,’†‹–€ŒSº˜a’¬’z’nV‹,2125-3,,
19384-0900-17.zip,202202141041,’†‹–€ŒSº˜a’¬’z’nV‹,2124-4,,
19384-0900-17.zip,202202141041,’†‹–€ŒSº˜a’¬’z’nV‹,2123,,
19384-0900-17.zip,202202141041,’†‹–€ŒSº˜a’¬’z’nV‹,869-2,,
19384-0900-17.zip,202202141041,’†‹–€ŒSº˜a’¬’z’nV‹,869-1,,
19384-0900-17.zip,202202141041,’†‹–€ŒSº˜a’¬’z’nV‹,867,,
19384-0900-17.zip,202202141041,’†‹–€ŒSº˜a’¬’z’nV‹,871-2,,
19384-0900-17.zip,202202141041,’†‹–€ŒSº˜a’¬’z’nV‹,871-1,,
19384-0900-17.zip,202202141041,’†‹–€ŒSº˜a’¬’z’nV‹,873-1,,
19384-0900-17.zip,202202141041,’†‹–€ŒSº˜a’¬’z’nV‹,873-2,,
19384-0900-17.zip,202202141041,’†‹–€ŒSº˜a’¬’z’nV‹,875-2,,
19384-0900-17.zip,202202141041,’†‹–€ŒSº˜a’¬’z’nV‹,875-1,,
19384-0900-17.zip,202202141041,’†‹–€ŒSº˜a’¬’z’nV‹,877-1,,
19384-0900-17.zip,202202141041,’†‹–€ŒSº˜a’¬’z’nV‹,877-3,,
19384-0900-17.zip,202202141041,’†‹–€ŒSº˜a’¬’z’nV‹,877-2,,
19384-0900-17.zip,202202141041,’†‹–€ŒSº˜a’¬’z’nV‹,2193,,
19384-0900-17.zip,202202141041,’†‹–€ŒSº˜a’¬’z’nV‹,2193-2,,
19384-0900-17.zip,202202141041,’†‹–€ŒSº˜a’¬’z’nV‹,2194,,
19384-0900-17.zip,202202141041,’†‹–€ŒSº˜a’¬’z’nV‹,…-111,,
19384-0900-17.zip,202202141041,’†‹–€ŒSº˜a’¬’z’nV‹,7-2,,
19384-0900-17.zip,202202141041,’†‹–€ŒSº˜a’¬’z’nV‹,7-1,,
19384-0900-17.zip,202202141041,’†‹–€ŒSº˜a’¬’z’nV‹,8-2,,
19384-0900-17.zip,202202141041,’†‹–€ŒSº˜a’¬’z’nV‹,8-1,,
19384-0900-17.zip,202202141041,’†‹–€ŒSº˜a’¬’z’nV‹,…-389,,
19384-0900-17.zip,202202141041,’†‹–€ŒSº˜a’¬’z’nV‹,…-392,,
19384-0900-17.zip,202202141041,’†‹–€ŒSº˜a’¬’z’nV‹,604-6,,
19384-0900-17.zip,202202141041,’†‹–€ŒSº˜a’¬’z’nV‹,2166-3,,
19384-0900-17.zip,202202141041,’†‹–€ŒSº˜a’¬’z’nV‹,2166,,
19384-0900-17.zip,202202141041,’†‹–€ŒSº˜a’¬’z’nV‹,2166-2,,
19384-0900-17.zip,202202141041,’†‹–€ŒSº˜a’¬’z’nV‹,“¹-15,,
19384-0900-17.zip,202202141041,’†‹–€ŒSº˜a’¬’z’nV‹,2172,,
19384-0900-17.zip,202202141041,’†‹–€ŒSº˜a’¬’z’nV‹,604-7,,
19384-0900-17.zip,202202141041,’†‹–€ŒSº˜a’¬’z’nV‹,604-1,,
19384-0900-17.zip,202202141041,’†‹–€ŒSº˜a’¬’z’nV‹,“¹-293,,
19384-0900-17.zip,202202141041,’†‹–€ŒSº˜a’¬’z’nV‹,605-1,,
19384-0900-17.zip,202202141041,’†‹–€ŒSº˜a’¬’z’nV‹,604-5,,
19384-0900-17.zip,202202141041,’†‹–€ŒSº˜a’¬’z’nV‹,595-1,,
19384-0900-17.zip,202202141041,’†‹–€ŒSº˜a’¬’z’nV‹,595-4,,
19384-0900-17.zip,202202141041,’†‹–€ŒSº˜a’¬’z’nV‹,595-3,,
19384-0900-17.zip,202202141041,’†‹–€ŒSº˜a’¬’z’nV‹,595-2,,
19384-0900-17.zip,202202141041,’†‹–€ŒSº˜a’¬’z’nV‹,2047-218,,
19384-0900-17.zip,202202141041,’†‹–€ŒSº˜a’¬’z’nV‹,2177-4,,
19384-0900-17.zip,202202141041,’†‹–€ŒSº˜a’¬’z’nV‹,2177-2,,
19384-0900-17.zip,202202141041,’†‹–€ŒSº˜a’¬’z’nV‹,2177-1,,
19384-0900-17.zip,202202141041,’†‹–€ŒSº˜a’¬’z’nV‹,2177-3,,
19384-0900-17.zip,202202141041,’†‹–€ŒSº˜a’¬’z’nV‹,2177-7,,
19384-0900-17.zip,202202141041,’†‹–€ŒSº˜a’¬’z’nV‹,2177-5,,
19384-0900-17.zip,202202141041,’†‹–€ŒSº˜a’¬’z’nV‹,2177-6,,
19384-0900-17.zip,202202141041,’†‹–€ŒSº˜a’¬’z’nV‹,2177-8,,
19384-0900-17.zip,202202141041,’†‹–€ŒSº˜a’¬’z’nV‹,2181-1,,
19384-0900-17.zip,202202141041,’†‹–€ŒSº˜a’¬’z’nV‹,2174,,
19384-0900-17.zip,202202141041,’†‹–€ŒSº˜a’¬’z’nV‹,…-422,,
19384-0900-17.zip,202202141041,’†‹–€ŒSº˜a’¬’z’nV‹,2236-8,,
19384-0900-17.zip,202202141041,’†‹–€ŒSº˜a’¬’z’nV‹,2236-1,,
19384-0900-17.zip,202202141041,’†‹–€ŒSº˜a’¬’z’nV‹,2236-5,,
19384-0900-17.zip,202202141041,’†‹–€ŒSº˜a’¬,’n‹æŠO-3327978,,
19384-0900-17.zip,202202141041,’†‹–€ŒSº˜a’¬’z’nV‹,2047-2,,
19384-0900-17.zip,202202141041,’†‹–€ŒSº˜a’¬’z’nV‹,“¹-2,,
19384-0900-17.zip,202202141041,’†‹–€ŒSº˜a’¬’z’nV‹,2047-216,,
19384-0900-17.zip,202202141041,’†‹–€ŒSº˜a’¬’z’nV‹,2047-219,,
19384-0900-17.zip,202202141041,’†‹–€ŒSº˜a’¬’z’nV‹,2047-25,,
19384-0900-17.zip,202202141041,’†‹–€ŒSº˜a’¬’z’nV‹,2047-134,,
19384-0900-17.zip,202202141041,’†‹–€ŒSº˜a’¬’z’nV‹,2047-149,,
19384-0900-17.zip,202202141041,’†‹–€ŒSº˜a’¬’z’nV‹,2047-150,,
19384-0900-17.zip,202202141041,’†‹–€ŒSº˜a’¬’z’nV‹,2047-217,,
19384-0900-17.zip,202202141041,’†‹–€ŒSº˜a’¬’z’nV‹,2047-221,,
19384-0900-17.zip,202202141041,’†‹–€ŒSº˜a’¬’z’nV‹,2047-135,,
19384-0900-17.zip,202202141041,’†‹–€ŒSº˜a’¬’z’nV‹,2047-222,,
19384-0900-17.zip,202202141041,’†‹–€ŒSº˜a’¬’z’nV‹,2047-138,,
19384-0900-17.zip,202202141041,’†‹–€ŒSº˜a’¬’z’nV‹,2047-223,,
19384-0900-17.zip,202202141041,’†‹–€ŒSº˜a’¬’z’nV‹,…-391,,
19384-0900-17.zip,202202141041,’†‹–€ŒSº˜a’¬’z’nV‹,“¹-12,,
19384-0900-17.zip,202202141041,’†‹–€ŒSº˜a’¬’z’nV‹,2236-9,,
19384-0900-17.zip,202202141041,’†‹–€ŒSº˜a’¬’z’nV‹,“¹-12-2,,
19384-0900-17.zip,202202141041,’†‹–€ŒSº˜a’¬’z’nV‹,2237,,
19384-0900-17.zip,202202141041,’†‹–€ŒSº˜a’¬’z’nV‹,2236-7,,
19384-0900-17.zip,202202141041,’†‹–€ŒSº˜a’¬’z’nV‹,818-5,,
19384-0900-17.zip,202202141041,’†‹–€ŒSº˜a’¬’z’nV‹,818-1,,
19384-0900-17.zip,202202141041,’†‹–€ŒSº˜a’¬’z’nV‹,818-2,,
19384-0900-17.zip,202202141041,’†‹–€ŒSº˜a’¬’z’nV‹,2091-62,,
19384-0900-17.zip,202202141041,’†‹–€ŒSº˜a’¬’z’nV‹,816,,
19384-0900-17.zip,202202141041,’†‹–€ŒSº˜a’¬’z’nV‹,817-3,,
19384-0900-17.zip,202202141041,’†‹–€ŒSº˜a’¬’z’nV‹,818-3,,
19384-0900-17.zip,202202141041,’†‹–€ŒSº˜a’¬’z’nV‹,818-7,,
19384-0900-17.zip,202202141041,’†‹–€ŒSº˜a’¬’z’nV‹,818-4,,
19384-0900-17.zip,202202141041,’†‹–€ŒSº˜a’¬’z’nV‹,2047-54,,
19384-0900-17.zip,202202141041,’†‹–€ŒSº˜a’¬’z’nV‹,650-1,,
19384-0900-17.zip,202202141041,’†‹–€ŒSº˜a’¬’z’nV‹,650-4,,
19384-0900-17.zip,202202141041,’†‹–€ŒSº˜a’¬’z’nV‹,’·‹·•¨•s–¾-150,,
19384-0900-17.zip,202202141041,’†‹–€ŒSº˜a’¬’z’nV‹,650-3,,
19384-0900-17.zip,202202141041,’†‹–€ŒSº˜a’¬’z’nV‹,650-5,,
19384-0900-17.zip,202202141041,’†‹–€ŒSº˜a’¬’z’nV‹,“¹-8,,
19384-0900-17.zip,202202141041,’†‹–€ŒSº˜a’¬’z’nV‹,…-425,,
19384-0900-17.zip,202202141041,’†‹–€ŒSº˜a’¬’z’nV‹,866-1,,
19384-0900-17.zip,202202141041,’†‹–€ŒSº˜a’¬’z’nV‹,866-5,,
19384-0900-17.zip,202202141041,’†‹–€ŒSº˜a’¬’z’nV‹,866-4,,
19384-0900-17.zip,202202141041,’†‹–€ŒSº˜a’¬’z’nV‹,…-406,,
19384-0900-17.zip,202202141041,’†‹–€ŒSº˜a’¬’z’nV‹,866-3,,
19384-0900-17.zip,202202141041,’†‹–€ŒSº˜a’¬’z’nV‹,“¹-4,,
19384-0900-17.zip,202202141041,’†‹–€ŒSº˜a’¬’z’nV‹,2136-3,,
19384-0900-17.zip,202202141041,’†‹–€ŒSº˜a’¬’z’nV‹,820-6,,
19384-0900-17.zip,202202141041,’†‹–€ŒSº˜a’¬’z’nV‹,820-4,,
19384-0900-17.zip,202202141041,’†‹–€ŒSº˜a’¬’z’nV‹,820-5,,
19384-0900-17.zip,202202141041,’†‹–€ŒSº˜a’¬’z’nV‹,820-1,,
19384-0900-17.zip,202202141041,’†‹–€ŒSº˜a’¬’z’nV‹,820-2,,
19384-0900-17.zip,202202141041,’†‹–€ŒSº˜a’¬’z’nV‹,820-3,,
19384-0900-17.zip,202202141041,’†‹–€ŒSº˜a’¬’z’nV‹,818-6,,
19384-0900-17.zip,202202141041,’†‹–€ŒSº˜a’¬’z’nV‹,822-1,,
19384-0900-17.zip,202202141041,’†‹–€ŒSº˜a’¬’z’nV‹,819-4,,
19384-0900-17.zip,202202141041,’†‹–€ŒSº˜a’¬’z’nV‹,885-6,,
19384-0900-17.zip,202202141041,’†‹–€ŒSº˜a’¬’z’nV‹,885-1,,
19384-0900-17.zip,202202141041,’†‹–€ŒSº˜a’¬’z’nV‹,885-8,,
19384-0900-17.zip,202202141041,’†‹–€ŒSº˜a’¬’z’nV‹,885-4,,
19384-0900-17.zip,202202141041,’†‹–€ŒSº˜a’¬’z’nV‹,885-2,,
19384-0900-17.zip,202202141041,’†‹–€ŒSº˜a’¬’z’nV‹,885-7,,
19384-0900-17.zip,202202141041,’†‹–€ŒSº˜a’¬’z’nV‹,885-3,,
19384-0900-17.zip,202202141041,’†‹–€ŒSº˜a’¬’z’nV‹,885-5,,
19384-0900-17.zip,202202141041,’†‹–€ŒSº˜a’¬’z’nV‹,2047-63,,
19384-0900-17.zip,202202141041,’†‹–€ŒSº˜a’¬’z’nV‹,…-399,,
19384-0900-17.zip,202202141041,’†‹–€ŒSº˜a’¬’z’nV‹,886,,
19384-0900-17.zip,202202141041,’†‹–€ŒSº˜a’¬’z’nV‹,629-1,,
19384-0900-17.zip,202202141041,’†‹–€ŒSº˜a’¬’z’nV‹,629-2,,
19384-0900-17.zip,202202141041,’†‹–€ŒSº˜a’¬’z’nV‹,630-2,,
19384-0900-17.zip,202202141041,’†‹–€ŒSº˜a’¬’z’nV‹,630-5,,
19384-0900-17.zip,202202141041,’†‹–€ŒSº˜a’¬’z’nV‹,1-20,,
19384-0900-17.zip,202202141041,’†‹–€ŒSº˜a’¬’z’nV‹,1-19,,
19384-0900-17.zip,202202141041,’†‹–€ŒSº˜a’¬’z’nV‹,1-1,,
19384-0900-17.zip,202202141041,’†‹–€ŒSº˜a’¬’z’nV‹,1-12,,
19384-0900-17.zip,202202141041,’†‹–€ŒSº˜a’¬’z’nV‹,1-24,,
19384-0900-17.zip,202202141041,’†‹–€ŒSº˜a’¬’z’nV‹,1-3,,
19384-0900-17.zip,202202141041,’†‹–€ŒSº˜a’¬’z’nV‹,1-21,,
19384-0900-17.zip,202202141041,’†‹–€ŒSº˜a’¬’z’nV‹,1-22,,
19384-0900-17.zip,202202141041,’†‹–€ŒSº˜a’¬’z’nV‹,1-23,,
19384-0900-17.zip,202202141041,’†‹–€ŒSº˜a’¬’z’nV‹,1-18,,
19384-0900-17.zip,202202141041,’†‹–€ŒSº˜a’¬’z’nV‹,1-13,,
19384-0900-17.zip,202202141041,’†‹–€ŒSº˜a’¬’z’nV‹,1-16,,
19384-0900-17.zip,202202141041,’†‹–€ŒSº˜a’¬’z’nV‹,1-17,,
19384-0900-17.zip,202202141041,’†‹–€ŒSº˜a’¬’z’nV‹,…-398,,
19384-0900-17.zip,202202141041,’†‹–€ŒSº˜a’¬’z’nV‹,1-2,,
19384-0900-17.zip,202202141041,’†‹–€ŒSº˜a’¬’z’nV‹,2-1,,
19384-0900-17.zip,202202141041,’†‹–€ŒSº˜a’¬’z’nV‹,1570-27,,
19384-0900-17.zip,202202141041,’†‹–€ŒSº˜a’¬’z’nV‹,1570-7,,
19384-0900-17.zip,202202141041,’†‹–€ŒSº˜a’¬’z’nV‹,1570-6,,
19384-0900-17.zip,202202141041,’†‹–€ŒSº˜a’¬’z’nV‹,1641-3,,
19384-0900-17.zip,202202141041,’†‹–€ŒSº˜a’¬’z’nV‹,1641-9,,
19384-0900-17.zip,202202141041,’†‹–€ŒSº˜a’¬’z’nV‹,1641-13,,
19384-0900-17.zip,202202141041,’†‹–€ŒSº˜a’¬’z’nV‹,1641-8,,
19384-0900-17.zip,202202141041,’†‹–€ŒSº˜a’¬’z’nV‹,1641-12,,
19384-0900-17.zip,202202141041,’†‹–€ŒSº˜a’¬’z’nV‹,1669-14,,
19384-0900-17.zip,202202141041,’†‹–€ŒSº˜a’¬’z’nV‹,1669-3,,
19384-0900-17.zip,202202141041,’†‹–€ŒSº˜a’¬’z’nV‹,1648-6,,
19384-0900-17.zip,202202141041,’†‹–€ŒSº˜a’¬’z’nV‹,1641-11,,
19384-0900-17.zip,202202141041,’†‹–€ŒSº˜a’¬’z’nV‹,1669-10,,
19384-0900-17.zip,202202141041,’†‹–€ŒSº˜a’¬’z’nV‹,1669-7,,
19384-0900-17.zip,202202141041,’†‹–€ŒSº˜a’¬’z’nV‹,1683-5,,
19384-0900-17.zip,202202141041,’†‹–€ŒSº˜a’¬’z’nV‹,1683-7,,
19384-0900-17.zip,202202141041,’†‹–€ŒSº˜a’¬’z’nV‹,1683-9,,
19384-0900-17.zip,202202141041,’†‹–€ŒSº˜a’¬’z’nV‹,1683-11,,
19384-0900-17.zip,202202141041,’†‹–€ŒSº˜a’¬’z’nV‹,1569-1,,
19384-0900-17.zip,202202141041,’†‹–€ŒSº˜a’¬’z’nV‹,1569-4,,
19384-0900-17.zip,202202141041,’†‹–€ŒSº˜a’¬’z’nV‹,1569-3,,
19384-0900-17.zip,202202141041,’†‹–€ŒSº˜a’¬’z’nV‹,“¹-328,,
19384-0900-17.zip,202202141041,’†‹–€ŒSº˜a’¬’z’nV‹,…-401,,
19384-0900-17.zip,202202141041,’†‹–€ŒSº˜a’¬’z’nV‹,1569-2,,
19384-0900-17.zip,202202141041,’†‹–€ŒSº˜a’¬’z’nV‹,618-2,,
19384-0900-17.zip,202202141041,’†‹–€ŒSº˜a’¬’z’nV‹,618-1,,
19384-0900-17.zip,202202141041,’†‹–€ŒSº˜a’¬’z’nV‹,553-2,,
19384-0900-17.zip,202202141041,’†‹–€ŒSº˜a’¬’z’nV‹,544-4,,
19384-0900-17.zip,202202141041,’†‹–€ŒSº˜a’¬’z’nV‹,554-4,,
19384-0900-17.zip,202202141041,’†‹–€ŒSº˜a’¬’z’nV‹,541-4,,
19384-0900-17.zip,202202141041,’†‹–€ŒSº˜a’¬’z’nV‹,541-11,,
19384-0900-17.zip,202202141041,’†‹–€ŒSº˜a’¬’z’nV‹,544-5,,
19384-0900-17.zip,202202141041,’†‹–€ŒSº˜a’¬’z’nV‹,544-3,,
19384-0900-17.zip,202202141041,’†‹–€ŒSº˜a’¬’z’nV‹,“¹-65,,
19384-0900-17.zip,202202141041,’†‹–€ŒSº˜a’¬’z’nV‹,553-1,,
19384-0900-17.zip,202202141041,’†‹–€ŒSº˜a’¬’z’nV‹,553-3,,
19384-0900-17.zip,202202141041,’†‹–€ŒSº˜a’¬’z’nV‹,547-1,,
19384-0900-17.zip,202202141041,’†‹–€ŒSº˜a’¬’z’nV‹,279-6,,
19384-0900-17.zip,202202141041,’†‹–€ŒSº˜a’¬’z’nV‹,279-3,,
19384-0900-17.zip,202202141041,’†‹–€ŒSº˜a’¬’z’nV‹,279-1,,
19384-0900-17.zip,202202141041,’†‹–€ŒSº˜a’¬’z’nV‹,281-2,,
19384-0900-17.zip,202202141041,’†‹–€ŒSº˜a’¬’z’nV‹,32-7,,
19384-0900-17.zip,202202141041,’†‹–€ŒSº˜a’¬’z’nV‹,32-2,,
19384-0900-17.zip,202202141041,’†‹–€ŒSº˜a’¬’z’nV‹,32-3,,
19384-0900-17.zip,202202141041,’†‹–€ŒSº˜a’¬’z’nV‹,32-5,,
19384-0900-17.zip,202202141041,’†‹–€ŒSº˜a’¬’z’nV‹,32-6,,
19384-0900-17.zip,202202141041,’†‹–€ŒSº˜a’¬’z’nV‹,32-8,,
19384-0900-17.zip,202202141041,’†‹–€ŒSº˜a’¬’z’nV‹,49-1,,
19384-0900-17.zip,202202141041,’†‹–€ŒSº˜a’¬’z’nV‹,49-6,,
19384-0900-17.zip,202202141041,’†‹–€ŒSº˜a’¬’z’nV‹,49-7,,
19384-0900-17.zip,202202141041,’†‹–€ŒSº˜a’¬’z’nV‹,49-8,,
19384-0900-17.zip,202202141041,’†‹–€ŒSº˜a’¬’z’nV‹,49-10,,
19384-0900-17.zip,202202141041,’†‹–€ŒSº˜a’¬’z’nV‹,49-9,,
19384-0900-17.zip,202202141041,’†‹–€ŒSº˜a’¬’z’nV‹,49-2,,
19384-0900-17.zip,202202141041,’†‹–€ŒSº˜a’¬’z’nV‹,51-5,,
19384-0900-17.zip,202202141041,’†‹–€ŒSº˜a’¬’z’nV‹,51-9,,
19384-0900-17.zip,202202141041,’†‹–€ŒSº˜a’¬’z’nV‹,51-1,,
19384-0900-17.zip,202202141041,’†‹–€ŒSº˜a’¬’z’nV‹,51-6,,
19384-0900-17.zip,202202141041,’†‹–€ŒSº˜a’¬’z’nV‹,51-10,,
19384-0900-17.zip,202202141041,’†‹–€ŒSº˜a’¬’z’nV‹,51-8,,
19384-0900-17.zip,202202141041,’†‹–€ŒSº˜a’¬’z’nV‹,51-3,,
19384-0900-17.zip,202202141041,’†‹–€ŒSº˜a’¬’z’nV‹,52-4,,
19384-0900-17.zip,202202141041,’†‹–€ŒSº˜a’¬’z’nV‹,52-7,,
19384-0900-17.zip,202202141041,’†‹–€ŒSº˜a’¬’z’nV‹,52-5,,
19384-0900-17.zip,202202141041,’†‹–€ŒSº˜a’¬’z’nV‹,52-8,,
19384-0900-17.zip,202202141041,’†‹–€ŒSº˜a’¬’z’nV‹,52-9,,
19384-0900-17.zip,202202141041,’†‹–€ŒSº˜a’¬’z’nV‹,52-10,,
19384-0900-17.zip,202202141041,’†‹–€ŒSº˜a’¬’z’nV‹,52-6,,
19384-0900-17.zip,202202141041,’†‹–€ŒSº˜a’¬’z’nV‹,32-9,,
19384-0900-17.zip,202202141041,’†‹–€ŒSº˜a’¬’z’nV‹,52-12,,
19384-0900-17.zip,202202141041,’†‹–€ŒSº˜a’¬’z’nV‹,52-11,,
19384-0900-17.zip,202202141041,’†‹–€ŒSº˜a’¬’z’nV‹,“¹-302-100,,
19384-0900-17.zip,202202141041,’†‹–€ŒSº˜a’¬’z’nV‹,52-1,,
19384-0900-17.zip,202202141041,’†‹–€ŒSº˜a’¬’z’nV‹,32-4,,
19384-0900-17.zip,202202141041,’†‹–€ŒSº˜a’¬’z’nV‹,32-1,,
19384-0900-17.zip,202202141041,’†‹–€ŒSº˜a’¬’z’nV‹,13-1,,
19384-0900-17.zip,202202141041,’†‹–€ŒSº˜a’¬’z’nV‹,13-4,,
19384-0900-17.zip,202202141041,’†‹–€ŒSº˜a’¬’z’nV‹,“¹-317,,
19384-0900-17.zip,202202141041,’†‹–€ŒSº˜a’¬’z’nV‹,“¹-34,,
19384-0900-17.zip,202202141041,’†‹–€ŒSº˜a’¬’z’nV‹,13-3,,
19384-0900-17.zip,202202141041,’†‹–€ŒSº˜a’¬’z’nV‹,51-7,,
19384-0900-18.zip,202202141041,’†‹–€ŒSº˜a’¬”Ñ‹ò,336-1,,
19384-0900-18.zip,202202141041,’†‹–€ŒSº˜a’¬”Ñ‹ò,336-3,,
19384-0900-18.zip,202202141041,’†‹–€ŒSº˜a’¬”Ñ‹ò,336-4,,
19384-0900-18.zip,202202141041,’†‹–€ŒSº˜a’¬”Ñ‹ò,“¹-546,,
19384-0900-18.zip,202202141041,’†‹–€ŒSº˜a’¬”Ñ‹ò,“¹-575,,
19384-0900-18.zip,202202141041,’†‹–€ŒSº˜a’¬”Ñ‹ò,…-702,,
19384-0900-18.zip,202202141041,’†‹–€ŒSº˜a’¬”Ñ‹ò,621-2,,
19384-0900-18.zip,202202141041,’†‹–€ŒSº˜a’¬”Ñ‹ò,621-6,,
19384-0900-18.zip,202202141041,’†‹–€ŒSº˜a’¬”Ñ‹ò,621-7,,
19384-0900-18.zip,202202141041,’†‹–€ŒSº˜a’¬”Ñ‹ò,624-1,,
19384-0900-18.zip,202202141041,’†‹–€ŒSº˜a’¬”Ñ‹ò,626-3,,
19384-0900-18.zip,202202141041,’†‹–€ŒSº˜a’¬”Ñ‹ò,…-712,,
19384-0900-18.zip,202202141041,’†‹–€ŒSº˜a’¬”Ñ‹ò,851-3,,
19384-0900-18.zip,202202141041,’†‹–€ŒSº˜a’¬”Ñ‹ò,851-6,,
19384-0900-18.zip,202202141041,’†‹–€ŒSº˜a’¬”Ñ‹ò,853-1,,
19384-0900-18.zip,202202141041,’†‹–€ŒSº˜a’¬”Ñ‹ò,853-3,,
19384-0900-18.zip,202202141041,’†‹–€ŒSº˜a’¬”Ñ‹ò,854-1,,
19384-0900-18.zip,202202141041,’†‹–€ŒSº˜a’¬”Ñ‹ò,854-2,,
19384-0900-18.zip,202202141041,’†‹–€ŒSº˜a’¬”Ñ‹ò,855-2,,
19384-0900-18.zip,202202141041,’†‹–€ŒSº˜a’¬”Ñ‹ò,855-4,,
19384-0900-18.zip,202202141041,’†‹–€ŒSº˜a’¬”Ñ‹ò,856-2,,
19384-0900-18.zip,202202141041,’†‹–€ŒSº˜a’¬”Ñ‹ò,857,,
19384-0900-18.zip,202202141041,’†‹–€ŒSº˜a’¬”Ñ‹ò,859,,
19384-0900-18.zip,202202141041,’†‹–€ŒSº˜a’¬”Ñ‹ò,860,,
19384-0900-18.zip,202202141041,’†‹–€ŒSº˜a’¬”Ñ‹ò,860-2,,
19384-0900-18.zip,202202141041,’†‹–€ŒSº˜a’¬”Ñ‹ò,861,,
19384-0900-18.zip,202202141041,’†‹–€ŒSº˜a’¬”Ñ‹ò,862,,
19384-0900-18.zip,202202141041,’†‹–€ŒSº˜a’¬”Ñ‹ò,865-1,,
19384-0900-18.zip,202202141041,’†‹–€ŒSº˜a’¬”Ñ‹ò,865-2,,
19384-0900-18.zip,202202141041,’†‹–€ŒSº˜a’¬”Ñ‹ò,865-3,,
19384-0900-18.zip,202202141041,’†‹–€ŒSº˜a’¬”Ñ‹ò,866-1,,
19384-0900-18.zip,202202141041,’†‹–€ŒSº˜a’¬”Ñ‹ò,866-2,,
19384-0900-18.zip,202202141041,’†‹–€ŒSº˜a’¬”Ñ‹ò,868-1,,
19384-0900-18.zip,202202141041,’†‹–€ŒSº˜a’¬”Ñ‹ò,868-2,,
19384-0900-18.zip,202202141041,’†‹–€ŒSº˜a’¬”Ñ‹ò,875-2,,
19384-0900-18.zip,202202141041,’†‹–€ŒSº˜a’¬”Ñ‹ò,876-1,,
19384-0900-18.zip,202202141041,’†‹–€ŒSº˜a’¬”Ñ‹ò,876-2,,
19384-0900-18.zip,202202141041,’†‹–€ŒSº˜a’¬”Ñ‹ò,877,,
19384-0900-18.zip,202202141041,’†‹–€ŒSº˜a’¬”Ñ‹ò,878,,
19384-0900-18.zip,202202141041,’†‹–€ŒSº˜a’¬”Ñ‹ò,879-1,,
19384-0900-18.zip,202202141041,’†‹–€ŒSº˜a’¬”Ñ‹ò,879-2,,
19384-0900-18.zip,202202141041,’†‹–€ŒSº˜a’¬”Ñ‹ò,879-3,,
19384-0900-18.zip,202202141041,’†‹–€ŒSº˜a’¬”Ñ‹ò,881-1,,
19384-0900-18.zip,202202141041,’†‹–€ŒSº˜a’¬”Ñ‹ò,881-2,,
19384-0900-18.zip,202202141041,’†‹–€ŒSº˜a’¬”Ñ‹ò,882-1,,
19384-0900-18.zip,202202141041,’†‹–€ŒSº˜a’¬”Ñ‹ò,882-2,,
19384-0900-18.zip,202202141041,’†‹–€ŒSº˜a’¬”Ñ‹ò,883,,
19384-0900-18.zip,202202141041,’†‹–€ŒSº˜a’¬”Ñ‹ò,886,,
19384-0900-18.zip,202202141041,’†‹–€ŒSº˜a’¬”Ñ‹ò,887-1,,
19384-0900-18.zip,202202141041,’†‹–€ŒSº˜a’¬”Ñ‹ò,887-3,,
19384-0900-18.zip,202202141041,’†‹–€ŒSº˜a’¬”Ñ‹ò,887-4,,
19384-0900-18.zip,202202141041,’†‹–€ŒSº˜a’¬”Ñ‹ò,887-6,,
19384-0900-18.zip,202202141041,’†‹–€ŒSº˜a’¬”Ñ‹ò,888-1,,
19384-0900-18.zip,202202141041,’†‹–€ŒSº˜a’¬”Ñ‹ò,888-2,,
19384-0900-18.zip,202202141041,’†‹–€ŒSº˜a’¬”Ñ‹ò,888-3,,
19384-0900-18.zip,202202141041,’†‹–€ŒSº˜a’¬”Ñ‹ò,888-6,,
19384-0900-18.zip,202202141041,’†‹–€ŒSº˜a’¬”Ñ‹ò,891,,
19384-0900-18.zip,202202141041,’†‹–€ŒSº˜a’¬”Ñ‹ò,893-1,,
19384-0900-18.zip,202202141041,’†‹–€ŒSº˜a’¬”Ñ‹ò,893-2,,
19384-0900-18.zip,202202141041,’†‹–€ŒSº˜a’¬”Ñ‹ò,894-1,,
19384-0900-18.zip,202202141041,’†‹–€ŒSº˜a’¬”Ñ‹ò,895-1,,
19384-0900-18.zip,202202141041,’†‹–€ŒSº˜a’¬”Ñ‹ò,896,,
19384-0900-18.zip,202202141041,’†‹–€ŒSº˜a’¬”Ñ‹ò,897,,
19384-0900-18.zip,202202141041,’†‹–€ŒSº˜a’¬”Ñ‹ò,899,,
19384-0900-18.zip,202202141041,’†‹–€ŒSº˜a’¬”Ñ‹ò,900-1,,
19384-0900-18.zip,202202141041,’†‹–€ŒSº˜a’¬”Ñ‹ò,900-2,,
19384-0900-18.zip,202202141041,’†‹–€ŒSº˜a’¬”Ñ‹ò,900-3,,
19384-0900-18.zip,202202141041,’†‹–€ŒSº˜a’¬”Ñ‹ò,903-1,,
19384-0900-18.zip,202202141041,’†‹–€ŒSº˜a’¬”Ñ‹ò,908-4,,
19384-0900-18.zip,202202141041,’†‹–€ŒSº˜a’¬”Ñ‹ò,909-1,,
19384-0900-18.zip,202202141041,’†‹–€ŒSº˜a’¬”Ñ‹ò,912-1,,
19384-0900-18.zip,202202141041,’†‹–€ŒSº˜a’¬”Ñ‹ò,912-2,,
19384-0900-18.zip,202202141041,’†‹–€ŒSº˜a’¬”Ñ‹ò,913-1,,
19384-0900-18.zip,202202141041,’†‹–€ŒSº˜a’¬”Ñ‹ò,913-3,,
19384-0900-18.zip,202202141041,’†‹–€ŒSº˜a’¬”Ñ‹ò,914-1,,
19384-0900-18.zip,202202141041,’†‹–€ŒSº˜a’¬”Ñ‹ò,915,,
19384-0900-18.zip,202202141041,’†‹–€ŒSº˜a’¬”Ñ‹ò,918-2,,
19384-0900-18.zip,202202141041,’†‹–€ŒSº˜a’¬”Ñ‹ò,918-3,,
19384-0900-18.zip,202202141041,’†‹–€ŒSº˜a’¬”Ñ‹ò,918-4,,
19384-0900-18.zip,202202141041,’†‹–€ŒSº˜a’¬”Ñ‹ò,920-2,,
19384-0900-18.zip,202202141041,’†‹–€ŒSº˜a’¬”Ñ‹ò,926,,
19384-0900-18.zip,202202141041,’†‹–€ŒSº˜a’¬”Ñ‹ò,926-2,,
19384-0900-18.zip,202202141041,’†‹–€ŒSº˜a’¬”Ñ‹ò,927-1,,
19384-0900-18.zip,202202141041,’†‹–€ŒSº˜a’¬”Ñ‹ò,927-3,,
19384-0900-18.zip,202202141041,’†‹–€ŒSº˜a’¬”Ñ‹ò,928,,
19384-0900-18.zip,202202141041,’†‹–€ŒSº˜a’¬”Ñ‹ò,928-2,,
19384-0900-18.zip,202202141041,’†‹–€ŒSº˜a’¬”Ñ‹ò,928-5,,
19384-0900-18.zip,202202141041,’†‹–€ŒSº˜a’¬”Ñ‹ò,928-6,,
19384-0900-18.zip,202202141041,’†‹–€ŒSº˜a’¬”Ñ‹ò,929-4,,
19384-0900-18.zip,202202141041,’†‹–€ŒSº˜a’¬”Ñ‹ò,930-1,,
19384-0900-18.zip,202202141041,’†‹–€ŒSº˜a’¬”Ñ‹ò,932-1,,
19384-0900-18.zip,202202141041,’†‹–€ŒSº˜a’¬”Ñ‹ò,932-3,,
19384-0900-18.zip,202202141041,’†‹–€ŒSº˜a’¬”Ñ‹ò,934-1,,
19384-0900-18.zip,202202141041,’†‹–€ŒSº˜a’¬”Ñ‹ò,934-5,,
19384-0900-18.zip,202202141041,’†‹–€ŒSº˜a’¬”Ñ‹ò,934-6,,
19384-0900-18.zip,202202141041,’†‹–€ŒSº˜a’¬”Ñ‹ò,934-7,,
19384-0900-18.zip,202202141041,’†‹–€ŒSº˜a’¬”Ñ‹ò,935-1,,
19384-0900-18.zip,202202141041,’†‹–€ŒSº˜a’¬”Ñ‹ò,935-3,,
19384-0900-18.zip,202202141041,’†‹–€ŒSº˜a’¬”Ñ‹ò,935-5,,
19384-0900-18.zip,202202141041,’†‹–€ŒSº˜a’¬”Ñ‹ò,935-6,,
19384-0900-18.zip,202202141041,’†‹–€ŒSº˜a’¬”Ñ‹ò,936-1,,
19384-0900-18.zip,202202141041,’†‹–€ŒSº˜a’¬”Ñ‹ò,936-2,,
19384-0900-18.zip,202202141041,’†‹–€ŒSº˜a’¬”Ñ‹ò,936-3,,
19384-0900-18.zip,202202141041,’†‹–€ŒSº˜a’¬”Ñ‹ò,937-1,,
19384-0900-18.zip,202202141041,’†‹–€ŒSº˜a’¬”Ñ‹ò,937-2,,
19384-0900-18.zip,202202141041,’†‹–€ŒSº˜a’¬”Ñ‹ò,937-5,,
19384-0900-18.zip,202202141041,’†‹–€ŒSº˜a’¬”Ñ‹ò,938-1,,
19384-0900-18.zip,202202141041,’†‹–€ŒSº˜a’¬”Ñ‹ò,938-2,,
19384-0900-18.zip,202202141041,’†‹–€ŒSº˜a’¬”Ñ‹ò,938-3,,
19384-0900-18.zip,202202141041,’†‹–€ŒSº˜a’¬”Ñ‹ò,938-4,,
19384-0900-18.zip,202202141041,’†‹–€ŒSº˜a’¬”Ñ‹ò,938-6,,
19384-0900-18.zip,202202141041,’†‹–€ŒSº˜a’¬”Ñ‹ò,938-7,,
19384-0900-18.zip,202202141041,’†‹–€ŒSº˜a’¬”Ñ‹ò,938-8,,
19384-0900-18.zip,202202141041,’†‹–€ŒSº˜a’¬”Ñ‹ò,938-9,,
19384-0900-18.zip,202202141041,’†‹–€ŒSº˜a’¬”Ñ‹ò,938-10,,
19384-0900-18.zip,202202141041,’†‹–€ŒSº˜a’¬”Ñ‹ò,938-11,,
19384-0900-18.zip,202202141041,’†‹–€ŒSº˜a’¬”Ñ‹ò,940,,
19384-0900-18.zip,202202141041,’†‹–€ŒSº˜a’¬”Ñ‹ò,941-1,,
19384-0900-18.zip,202202141041,’†‹–€ŒSº˜a’¬”Ñ‹ò,942,,
19384-0900-18.zip,202202141041,’†‹–€ŒSº˜a’¬”Ñ‹ò,946,,
19384-0900-18.zip,202202141041,’†‹–€ŒSº˜a’¬”Ñ‹ò,947-2,,
19384-0900-18.zip,202202141041,’†‹–€ŒSº˜a’¬”Ñ‹ò,963-1,,
19384-0900-18.zip,202202141041,’†‹–€ŒSº˜a’¬”Ñ‹ò,963-3,,
19384-0900-18.zip,202202141041,’†‹–€ŒSº˜a’¬”Ñ‹ò,964-1,,
19384-0900-18.zip,202202141041,’†‹–€ŒSº˜a’¬”Ñ‹ò,964-2,,
19384-0900-18.zip,202202141041,’†‹–€ŒSº˜a’¬”Ñ‹ò,965,,
19384-0900-18.zip,202202141041,’†‹–€ŒSº˜a’¬”Ñ‹ò,965-2,,
19384-0900-18.zip,202202141041,’†‹–€ŒSº˜a’¬”Ñ‹ò,965-3,,
19384-0900-18.zip,202202141041,’†‹–€ŒSº˜a’¬”Ñ‹ò,966,,
19384-0900-18.zip,202202141041,’†‹–€ŒSº˜a’¬”Ñ‹ò,967-1,,
19384-0900-18.zip,202202141041,’†‹–€ŒSº˜a’¬”Ñ‹ò,968,,
19384-0900-18.zip,202202141041,’†‹–€ŒSº˜a’¬”Ñ‹ò,969-3,,
19384-0900-18.zip,202202141041,’†‹–€ŒSº˜a’¬”Ñ‹ò,971-2,,
19384-0900-18.zip,202202141041,’†‹–€ŒSº˜a’¬”Ñ‹ò,972-1,,
19384-0900-18.zip,202202141041,’†‹–€ŒSº˜a’¬”Ñ‹ò,972-2,,
19384-0900-18.zip,202202141041,’†‹–€ŒSº˜a’¬”Ñ‹ò,972-3,,
19384-0900-18.zip,202202141041,’†‹–€ŒSº˜a’¬”Ñ‹ò,972-4,,
19384-0900-18.zip,202202141041,’†‹–€ŒSº˜a’¬”Ñ‹ò,972-5,,
19384-0900-18.zip,202202141041,’†‹–€ŒSº˜a’¬”Ñ‹ò,973-1,,
19384-0900-18.zip,202202141041,’†‹–€ŒSº˜a’¬”Ñ‹ò,973-2,,
19384-0900-18.zip,202202141041,’†‹–€ŒSº˜a’¬”Ñ‹ò,975-1,,
19384-0900-18.zip,202202141041,’†‹–€ŒSº˜a’¬”Ñ‹ò,975-2,,
19384-0900-18.zip,202202141041,’†‹–€ŒSº˜a’¬”Ñ‹ò,977,,
19384-0900-18.zip,202202141041,’†‹–€ŒSº˜a’¬”Ñ‹ò,978,,
19384-0900-18.zip,202202141041,’†‹–€ŒSº˜a’¬”Ñ‹ò,980,,
19384-0900-18.zip,202202141041,’†‹–€ŒSº˜a’¬”Ñ‹ò,981-1,,
19384-0900-18.zip,202202141041,’†‹–€ŒSº˜a’¬”Ñ‹ò,981-2,,
19384-0900-18.zip,202202141041,’†‹–€ŒSº˜a’¬”Ñ‹ò,986-2,,
19384-0900-18.zip,202202141041,’†‹–€ŒSº˜a’¬”Ñ‹ò,“¹-572,,
19384-0900-18.zip,202202141041,’†‹–€ŒSº˜a’¬”Ñ‹ò,…-13,,
19384-0900-18.zip,202202141041,’†‹–€ŒSº˜a’¬”Ñ‹ò,…-14,,
19384-0900-18.zip,202202141041,’†‹–€ŒSº˜a’¬”Ñ‹ò,…-740,,
19384-0900-18.zip,202202141041,’†‹–€ŒSº˜a’¬”Ñ‹ò,…-742,,
19384-0900-18.zip,202202141041,’†‹–€ŒSº˜a’¬”Ñ‹ò,’·‹·•¨•s–¾-254,,
19384-0900-18.zip,202202141041,’†‹–€ŒSº˜a’¬”Ñ‹ò,’·‹·•¨•s–¾-260,,
19384-0900-18.zip,202202141041,’†‹–€ŒSº˜a’¬”Ñ‹ò,1120-1,,
19384-0900-18.zip,202202141041,’†‹–€ŒSº˜a’¬”Ñ‹ò,1120-2,,
19384-0900-18.zip,202202141041,’†‹–€ŒSº˜a’¬”Ñ‹ò,1121-1,,
19384-0900-18.zip,202202141041,’†‹–€ŒSº˜a’¬”Ñ‹ò,1121-3,,
19384-0900-18.zip,202202141041,’†‹–€ŒSº˜a’¬”Ñ‹ò,1121-4,,
19384-0900-18.zip,202202141041,’†‹–€ŒSº˜a’¬”Ñ‹ò,1121-5,,
19384-0900-18.zip,202202141041,’†‹–€ŒSº˜a’¬”Ñ‹ò,1121-6,,
19384-0900-18.zip,202202141041,’†‹–€ŒSº˜a’¬”Ñ‹ò,1123-1,,
19384-0900-18.zip,202202141041,’†‹–€ŒSº˜a’¬”Ñ‹ò,1124,,
19384-0900-18.zip,202202141041,’†‹–€ŒSº˜a’¬”Ñ‹ò,1125-5,,
19384-0900-18.zip,202202141041,’†‹–€ŒSº˜a’¬”Ñ‹ò,1125-6,,
19384-0900-18.zip,202202141041,’†‹–€ŒSº˜a’¬”Ñ‹ò,1126-3,,
19384-0900-18.zip,202202141041,’†‹–€ŒSº˜a’¬”Ñ‹ò,1126-4,,
19384-0900-18.zip,202202141041,’†‹–€ŒSº˜a’¬”Ñ‹ò,1128-1,,
19384-0900-18.zip,202202141041,’†‹–€ŒSº˜a’¬”Ñ‹ò,1128-2,,
19384-0900-18.zip,202202141041,’†‹–€ŒSº˜a’¬”Ñ‹ò,1128-4,,
19384-0900-18.zip,202202141041,’†‹–€ŒSº˜a’¬”Ñ‹ò,1128-5,,
19384-0900-18.zip,202202141041,’†‹–€ŒSº˜a’¬”Ñ‹ò,1128-6,,
19384-0900-18.zip,202202141041,’†‹–€ŒSº˜a’¬”Ñ‹ò,1140-1,,
19384-0900-18.zip,202202141041,’†‹–€ŒSº˜a’¬”Ñ‹ò,1140-2,,
19384-0900-18.zip,202202141041,’†‹–€ŒSº˜a’¬”Ñ‹ò,1141-2,,
19384-0900-18.zip,202202141041,’†‹–€ŒSº˜a’¬”Ñ‹ò,1144-1,,
19384-0900-18.zip,202202141041,’†‹–€ŒSº˜a’¬”Ñ‹ò,1145-1,,
19384-0900-18.zip,202202141041,’†‹–€ŒSº˜a’¬”Ñ‹ò,1145-2,,
19384-0900-18.zip,202202141041,’†‹–€ŒSº˜a’¬”Ñ‹ò,1146-1,,
19384-0900-18.zip,202202141041,’†‹–€ŒSº˜a’¬”Ñ‹ò,1146-2,,
19384-0900-18.zip,202202141041,’†‹–€ŒSº˜a’¬”Ñ‹ò,1147-1,,
19384-0900-18.zip,202202141041,’†‹–€ŒSº˜a’¬”Ñ‹ò,1147-2,,
19384-0900-18.zip,202202141041,’†‹–€ŒSº˜a’¬”Ñ‹ò,1148-1,,
19384-0900-18.zip,202202141041,’†‹–€ŒSº˜a’¬”Ñ‹ò,1149,,
19384-0900-18.zip,202202141041,’†‹–€ŒSº˜a’¬”Ñ‹ò,1150,,
19384-0900-18.zip,202202141041,’†‹–€ŒSº˜a’¬”Ñ‹ò,1152-1,,
19384-0900-18.zip,202202141041,’†‹–€ŒSº˜a’¬”Ñ‹ò,1154-1,,
19384-0900-18.zip,202202141041,’†‹–€ŒSº˜a’¬”Ñ‹ò,1155,,
19384-0900-18.zip,202202141041,’†‹–€ŒSº˜a’¬”Ñ‹ò,1156,,
19384-0900-18.zip,202202141041,’†‹–€ŒSº˜a’¬”Ñ‹ò,1157,,
19384-0900-18.zip,202202141041,’†‹–€ŒSº˜a’¬”Ñ‹ò,1159,,
19384-0900-18.zip,202202141041,’†‹–€ŒSº˜a’¬”Ñ‹ò,1160-1,,
19384-0900-18.zip,202202141041,’†‹–€ŒSº˜a’¬”Ñ‹ò,1160-2,,
19384-0900-18.zip,202202141041,’†‹–€ŒSº˜a’¬”Ñ‹ò,1161-1,,
19384-0900-18.zip,202202141041,’†‹–€ŒSº˜a’¬”Ñ‹ò,1161-2,,
19384-0900-18.zip,202202141041,’†‹–€ŒSº˜a’¬”Ñ‹ò,1161-4,,
19384-0900-18.zip,202202141041,’†‹–€ŒSº˜a’¬”Ñ‹ò,1161-5,,
19384-0900-18.zip,202202141041,’†‹–€ŒSº˜a’¬”Ñ‹ò,1162-1,,
19384-0900-18.zip,202202141041,’†‹–€ŒSº˜a’¬”Ñ‹ò,1162-2,,
19384-0900-18.zip,202202141041,’†‹–€ŒSº˜a’¬”Ñ‹ò,1163,,
19384-0900-18.zip,202202141041,’†‹–€ŒSº˜a’¬”Ñ‹ò,1164,,
19384-0900-18.zip,202202141041,’†‹–€ŒSº˜a’¬”Ñ‹ò,1165,,
19384-0900-18.zip,202202141041,’†‹–€ŒSº˜a’¬”Ñ‹ò,1166-1,,
19384-0900-18.zip,202202141041,’†‹–€ŒSº˜a’¬”Ñ‹ò,1166-2,,
19384-0900-18.zip,202202141041,’†‹–€ŒSº˜a’¬”Ñ‹ò,1167-1,,
19384-0900-18.zip,202202141041,’†‹–€ŒSº˜a’¬”Ñ‹ò,1167-2,,
19384-0900-18.zip,202202141041,’†‹–€ŒSº˜a’¬”Ñ‹ò,1168-1,,
19384-0900-18.zip,202202141041,’†‹–€ŒSº˜a’¬”Ñ‹ò,1168-2,,
19384-0900-18.zip,202202141041,’†‹–€ŒSº˜a’¬”Ñ‹ò,1169,,
19384-0900-18.zip,202202141041,’†‹–€ŒSº˜a’¬”Ñ‹ò,1170-1,,
19384-0900-18.zip,202202141041,’†‹–€ŒSº˜a’¬”Ñ‹ò,1170-2,,
19384-0900-18.zip,202202141041,’†‹–€ŒSº˜a’¬”Ñ‹ò,1171,,
19384-0900-18.zip,202202141041,’†‹–€ŒSº˜a’¬”Ñ‹ò,1172,,
19384-0900-18.zip,202202141041,’†‹–€ŒSº˜a’¬”Ñ‹ò,1173,,
19384-0900-18.zip,202202141041,’†‹–€ŒSº˜a’¬”Ñ‹ò,1174,,
19384-0900-18.zip,202202141041,’†‹–€ŒSº˜a’¬”Ñ‹ò,1175,,
19384-0900-18.zip,202202141041,’†‹–€ŒSº˜a’¬”Ñ‹ò,1176-1,,
19384-0900-18.zip,202202141041,’†‹–€ŒSº˜a’¬”Ñ‹ò,1176-2,,
19384-0900-18.zip,202202141041,’†‹–€ŒSº˜a’¬”Ñ‹ò,1177,,
19384-0900-18.zip,202202141041,’†‹–€ŒSº˜a’¬”Ñ‹ò,1179-1,,
19384-0900-18.zip,202202141041,’†‹–€ŒSº˜a’¬”Ñ‹ò,1179-2,,
19384-0900-18.zip,202202141041,’†‹–€ŒSº˜a’¬”Ñ‹ò,1181,,
19384-0900-18.zip,202202141041,’†‹–€ŒSº˜a’¬”Ñ‹ò,1182,,
19384-0900-18.zip,202202141041,’†‹–€ŒSº˜a’¬”Ñ‹ò,1183,,
19384-0900-18.zip,202202141041,’†‹–€ŒSº˜a’¬”Ñ‹ò,1184-1,,
19384-0900-18.zip,202202141041,’†‹–€ŒSº˜a’¬”Ñ‹ò,1185-1,,
19384-0900-18.zip,202202141041,’†‹–€ŒSº˜a’¬”Ñ‹ò,1185-2,,
19384-0900-18.zip,202202141041,’†‹–€ŒSº˜a’¬”Ñ‹ò,1186-1,,
19384-0900-18.zip,202202141041,’†‹–€ŒSº˜a’¬”Ñ‹ò,1187,,
19384-0900-18.zip,202202141041,’†‹–€ŒSº˜a’¬”Ñ‹ò,1189,,
19384-0900-18.zip,202202141041,’†‹–€ŒSº˜a’¬”Ñ‹ò,1190,,
19384-0900-18.zip,202202141041,’†‹–€ŒSº˜a’¬”Ñ‹ò,1191,,
19384-0900-18.zip,202202141041,’†‹–€ŒSº˜a’¬”Ñ‹ò,1192,,
19384-0900-18.zip,202202141041,’†‹–€ŒSº˜a’¬”Ñ‹ò,1193-2,,
19384-0900-18.zip,202202141041,’†‹–€ŒSº˜a’¬”Ñ‹ò,1193-3,,
19384-0900-18.zip,202202141041,’†‹–€ŒSº˜a’¬”Ñ‹ò,1193-4,,
19384-0900-18.zip,202202141041,’†‹–€ŒSº˜a’¬”Ñ‹ò,1193-5,,
19384-0900-18.zip,202202141041,’†‹–€ŒSº˜a’¬”Ñ‹ò,1197-1,,
19384-0900-18.zip,202202141041,’†‹–€ŒSº˜a’¬”Ñ‹ò,1198,,
19384-0900-18.zip,202202141041,’†‹–€ŒSº˜a’¬”Ñ‹ò,1199,,
19384-0900-18.zip,202202141041,’†‹–€ŒSº˜a’¬”Ñ‹ò,1200,,
19384-0900-18.zip,202202141041,’†‹–€ŒSº˜a’¬”Ñ‹ò,1201,,
19384-0900-18.zip,202202141041,’†‹–€ŒSº˜a’¬”Ñ‹ò,1202-1,,
19384-0900-18.zip,202202141041,’†‹–€ŒSº˜a’¬”Ñ‹ò,1202-2,,
19384-0900-18.zip,202202141041,’†‹–€ŒSº˜a’¬”Ñ‹ò,1203-1,,
19384-0900-18.zip,202202141041,’†‹–€ŒSº˜a’¬”Ñ‹ò,1203-2,,
19384-0900-18.zip,202202141041,’†‹–€ŒSº˜a’¬”Ñ‹ò,1204,,
19384-0900-18.zip,202202141041,’†‹–€ŒSº˜a’¬”Ñ‹ò,1205-1,,
19384-0900-18.zip,202202141041,’†‹–€ŒSº˜a’¬”Ñ‹ò,1205-2,,
19384-0900-18.zip,202202141041,’†‹–€ŒSº˜a’¬”Ñ‹ò,1206-1,,
19384-0900-18.zip,202202141041,’†‹–€ŒSº˜a’¬”Ñ‹ò,1206-2,,
19384-0900-18.zip,202202141041,’†‹–€ŒSº˜a’¬”Ñ‹ò,1207,,
19384-0900-18.zip,202202141041,’†‹–€ŒSº˜a’¬”Ñ‹ò,1208,,
19384-0900-18.zip,202202141041,’†‹–€ŒSº˜a’¬”Ñ‹ò,1209,,
19384-0900-18.zip,202202141041,’†‹–€ŒSº˜a’¬”Ñ‹ò,1210,,
19384-0900-18.zip,202202141041,’†‹–€ŒSº˜a’¬”Ñ‹ò,1211,,
19384-0900-18.zip,202202141041,’†‹–€ŒSº˜a’¬”Ñ‹ò,1212-1,,
19384-0900-18.zip,202202141041,’†‹–€ŒSº˜a’¬”Ñ‹ò,1212-2,,
19384-0900-18.zip,202202141041,’†‹–€ŒSº˜a’¬”Ñ‹ò,1213,,
19384-0900-18.zip,202202141041,’†‹–€ŒSº˜a’¬”Ñ‹ò,1216,,
19384-0900-18.zip,202202141041,’†‹–€ŒSº˜a’¬”Ñ‹ò,1217-1,,
19384-0900-18.zip,202202141041,’†‹–€ŒSº˜a’¬”Ñ‹ò,1217-2,,
19384-0900-18.zip,202202141041,’†‹–€ŒSº˜a’¬”Ñ‹ò,1217-3,,
19384-0900-18.zip,202202141041,’†‹–€ŒSº˜a’¬”Ñ‹ò,1220-1,,
19384-0900-18.zip,202202141041,’†‹–€ŒSº˜a’¬”Ñ‹ò,1222,,
19384-0900-18.zip,202202141041,’†‹–€ŒSº˜a’¬”Ñ‹ò,1224-1,,
19384-0900-18.zip,202202141041,’†‹–€ŒSº˜a’¬”Ñ‹ò,1225-1,,
19384-0900-18.zip,202202141041,’†‹–€ŒSº˜a’¬”Ñ‹ò,1226,,
19384-0900-18.zip,202202141041,’†‹–€ŒSº˜a’¬”Ñ‹ò,1227,,
19384-0900-18.zip,202202141041,’†‹–€ŒSº˜a’¬”Ñ‹ò,1228-1,,
19384-0900-18.zip,202202141041,’†‹–€ŒSº˜a’¬”Ñ‹ò,1229-1,,
19384-0900-18.zip,202202141041,’†‹–€ŒSº˜a’¬”Ñ‹ò,1230,,
19384-0900-18.zip,202202141041,’†‹–€ŒSº˜a’¬”Ñ‹ò,1231,,
19384-0900-18.zip,202202141041,’†‹–€ŒSº˜a’¬”Ñ‹ò,1232-1,,
19384-0900-18.zip,202202141041,’†‹–€ŒSº˜a’¬”Ñ‹ò,1233-1,,
19384-0900-18.zip,202202141041,’†‹–€ŒSº˜a’¬”Ñ‹ò,1233-3,,
19384-0900-18.zip,202202141041,’†‹–€ŒSº˜a’¬”Ñ‹ò,1234,,
19384-0900-18.zip,202202141041,’†‹–€ŒSº˜a’¬”Ñ‹ò,1235,,
19384-0900-18.zip,202202141041,’†‹–€ŒSº˜a’¬”Ñ‹ò,1236,,
19384-0900-18.zip,202202141041,’†‹–€ŒSº˜a’¬”Ñ‹ò,1237-3,,
19384-0900-18.zip,202202141041,’†‹–€ŒSº˜a’¬”Ñ‹ò,1238-2,,
19384-0900-18.zip,202202141041,’†‹–€ŒSº˜a’¬”Ñ‹ò,1242-1,,
19384-0900-18.zip,202202141041,’†‹–€ŒSº˜a’¬”Ñ‹ò,1242-2,,
19384-0900-18.zip,202202141041,’†‹–€ŒSº˜a’¬”Ñ‹ò,1242-3,,
19384-0900-18.zip,202202141041,’†‹–€ŒSº˜a’¬”Ñ‹ò,1242-4,,
19384-0900-18.zip,202202141041,’†‹–€ŒSº˜a’¬”Ñ‹ò,1242-5,,
19384-0900-18.zip,202202141041,’†‹–€ŒSº˜a’¬”Ñ‹ò,1243,,
19384-0900-18.zip,202202141041,’†‹–€ŒSº˜a’¬”Ñ‹ò,1244-1,,
19384-0900-18.zip,202202141041,’†‹–€ŒSº˜a’¬”Ñ‹ò,1244-2,,
19384-0900-18.zip,202202141041,’†‹–€ŒSº˜a’¬”Ñ‹ò,1244-3,,
19384-0900-18.zip,202202141041,’†‹–€ŒSº˜a’¬”Ñ‹ò,1244-4,,
19384-0900-18.zip,202202141041,’†‹–€ŒSº˜a’¬”Ñ‹ò,1245-1,,
19384-0900-18.zip,202202141041,’†‹–€ŒSº˜a’¬”Ñ‹ò,1245-2,,
19384-0900-18.zip,202202141041,’†‹–€ŒSº˜a’¬”Ñ‹ò,1245-3,,
19384-0900-18.zip,202202141041,’†‹–€ŒSº˜a’¬”Ñ‹ò,1245-4,,
19384-0900-18.zip,202202141041,’†‹–€ŒSº˜a’¬”Ñ‹ò,1246-1,,
19384-0900-18.zip,202202141041,’†‹–€ŒSº˜a’¬”Ñ‹ò,1246-2,,
19384-0900-18.zip,202202141041,’†‹–€ŒSº˜a’¬”Ñ‹ò,1246-5,,
19384-0900-18.zip,202202141041,’†‹–€ŒSº˜a’¬”Ñ‹ò,1246-6,,
19384-0900-18.zip,202202141041,’†‹–€ŒSº˜a’¬”Ñ‹ò,1246-7,,
19384-0900-18.zip,202202141041,’†‹–€ŒSº˜a’¬”Ñ‹ò,1258-1,,
19384-0900-18.zip,202202141041,’†‹–€ŒSº˜a’¬”Ñ‹ò,1258-3,,
19384-0900-18.zip,202202141041,’†‹–€ŒSº˜a’¬”Ñ‹ò,1259,,
19384-0900-18.zip,202202141041,’†‹–€ŒSº˜a’¬”Ñ‹ò,1260-1,,
19384-0900-18.zip,202202141041,’†‹–€ŒSº˜a’¬”Ñ‹ò,1260-4,,
19384-0900-18.zip,202202141041,’†‹–€ŒSº˜a’¬”Ñ‹ò,1261-1,,
19384-0900-18.zip,202202141041,’†‹–€ŒSº˜a’¬”Ñ‹ò,1261-2,,
19384-0900-18.zip,202202141041,’†‹–€ŒSº˜a’¬”Ñ‹ò,1276-1,,
19384-0900-18.zip,202202141041,’†‹–€ŒSº˜a’¬”Ñ‹ò,1276-2,,
19384-0900-18.zip,202202141041,’†‹–€ŒSº˜a’¬”Ñ‹ò,1277-1,,
19384-0900-18.zip,202202141041,’†‹–€ŒSº˜a’¬”Ñ‹ò,1278-1,,
19384-0900-18.zip,202202141041,’†‹–€ŒSº˜a’¬”Ñ‹ò,1279-2,,
19384-0900-18.zip,202202141041,’†‹–€ŒSº˜a’¬”Ñ‹ò,1280-1,,
19384-0900-18.zip,202202141041,’†‹–€ŒSº˜a’¬”Ñ‹ò,1280-6,,
19384-0900-18.zip,202202141041,’†‹–€ŒSº˜a’¬”Ñ‹ò,1282-1,,
19384-0900-18.zip,202202141041,’†‹–€ŒSº˜a’¬”Ñ‹ò,1282-3,,
19384-0900-18.zip,202202141041,’†‹–€ŒSº˜a’¬”Ñ‹ò,1282-4,,
19384-0900-18.zip,202202141041,’†‹–€ŒSº˜a’¬”Ñ‹ò,1284-1,,
19384-0900-18.zip,202202141041,’†‹–€ŒSº˜a’¬”Ñ‹ò,1284-2,,
19384-0900-18.zip,202202141041,’†‹–€ŒSº˜a’¬”Ñ‹ò,1285-1,,
19384-0900-18.zip,202202141041,’†‹–€ŒSº˜a’¬”Ñ‹ò,1286-1,,
19384-0900-18.zip,202202141041,’†‹–€ŒSº˜a’¬”Ñ‹ò,1287-1,,
19384-0900-18.zip,202202141041,’†‹–€ŒSº˜a’¬”Ñ‹ò,1287-3,,
19384-0900-18.zip,202202141041,’†‹–€ŒSº˜a’¬”Ñ‹ò,1287-4,,
19384-0900-18.zip,202202141041,’†‹–€ŒSº˜a’¬”Ñ‹ò,1288-1,,
19384-0900-18.zip,202202141041,’†‹–€ŒSº˜a’¬”Ñ‹ò,1288-2,,
19384-0900-18.zip,202202141041,’†‹–€ŒSº˜a’¬”Ñ‹ò,1288-4,,
19384-0900-18.zip,202202141041,’†‹–€ŒSº˜a’¬”Ñ‹ò,1289-3,,
19384-0900-18.zip,202202141041,’†‹–€ŒSº˜a’¬”Ñ‹ò,1289-5,,
19384-0900-18.zip,202202141041,’†‹–€ŒSº˜a’¬”Ñ‹ò,1289-6,,
19384-0900-18.zip,202202141041,’†‹–€ŒSº˜a’¬”Ñ‹ò,1290-2,,
19384-0900-18.zip,202202141041,’†‹–€ŒSº˜a’¬”Ñ‹ò,1290-3,,
19384-0900-18.zip,202202141041,’†‹–€ŒSº˜a’¬”Ñ‹ò,1290-4,,
19384-0900-18.zip,202202141041,’†‹–€ŒSº˜a’¬”Ñ‹ò,1330-1,,
19384-0900-18.zip,202202141041,’†‹–€ŒSº˜a’¬”Ñ‹ò,1331-1,,
19384-0900-18.zip,202202141041,’†‹–€ŒSº˜a’¬”Ñ‹ò,1331-5,,
19384-0900-18.zip,202202141041,’†‹–€ŒSº˜a’¬”Ñ‹ò,1331-6,,
19384-0900-18.zip,202202141041,’†‹–€ŒSº˜a’¬”Ñ‹ò,1332-1,,
19384-0900-18.zip,202202141041,’†‹–€ŒSº˜a’¬”Ñ‹ò,1332-4,,
19384-0900-18.zip,202202141041,’†‹–€ŒSº˜a’¬”Ñ‹ò,1332-5,,
19384-0900-18.zip,202202141041,’†‹–€ŒSº˜a’¬”Ñ‹ò,1333-1,,
19384-0900-18.zip,202202141041,’†‹–€ŒSº˜a’¬”Ñ‹ò,1333-2,,
19384-0900-18.zip,202202141041,’†‹–€ŒSº˜a’¬”Ñ‹ò,1333-4,,
19384-0900-18.zip,202202141041,’†‹–€ŒSº˜a’¬”Ñ‹ò,1334-1,,
19384-0900-18.zip,202202141041,’†‹–€ŒSº˜a’¬”Ñ‹ò,1335-1,,
19384-0900-18.zip,202202141041,’†‹–€ŒSº˜a’¬”Ñ‹ò,1336-1,,
19384-0900-18.zip,202202141041,’†‹–€ŒSº˜a’¬”Ñ‹ò,1343,,
19384-0900-18.zip,202202141041,’†‹–€ŒSº˜a’¬”Ñ‹ò,1344-1,,
19384-0900-18.zip,202202141041,’†‹–€ŒSº˜a’¬”Ñ‹ò,1345-1,,
19384-0900-18.zip,202202141041,’†‹–€ŒSº˜a’¬”Ñ‹ò,1346-1,,
19384-0900-18.zip,202202141041,’†‹–€ŒSº˜a’¬”Ñ‹ò,1346-2,,
19384-0900-18.zip,202202141041,’†‹–€ŒSº˜a’¬”Ñ‹ò,1347-1,,
19384-0900-18.zip,202202141041,’†‹–€ŒSº˜a’¬”Ñ‹ò,1350-1,,
19384-0900-18.zip,202202141041,’†‹–€ŒSº˜a’¬”Ñ‹ò,1350-4,,
19384-0900-18.zip,202202141041,’†‹–€ŒSº˜a’¬”Ñ‹ò,1350-5,,
19384-0900-18.zip,202202141041,’†‹–€ŒSº˜a’¬”Ñ‹ò,1351-2,,
19384-0900-18.zip,202202141041,’†‹–€ŒSº˜a’¬”Ñ‹ò,1353-1,,
19384-0900-18.zip,202202141041,’†‹–€ŒSº˜a’¬”Ñ‹ò,1354-1,,
19384-0900-18.zip,202202141041,’†‹–€ŒSº˜a’¬”Ñ‹ò,1354-3,,
19384-0900-18.zip,202202141041,’†‹–€ŒSº˜a’¬”Ñ‹ò,1354-4,,
19384-0900-18.zip,202202141041,’†‹–€ŒSº˜a’¬”Ñ‹ò,1354-5,,
19384-0900-18.zip,202202141041,’†‹–€ŒSº˜a’¬”Ñ‹ò,1354-6,,
19384-0900-18.zip,202202141041,’†‹–€ŒSº˜a’¬”Ñ‹ò,1354-7,,
19384-0900-18.zip,202202141041,’†‹–€ŒSº˜a’¬”Ñ‹ò,1356-1,,
19384-0900-18.zip,202202141041,’†‹–€ŒSº˜a’¬”Ñ‹ò,1359-1,,
19384-0900-18.zip,202202141041,’†‹–€ŒSº˜a’¬”Ñ‹ò,1359-2,,
19384-0900-18.zip,202202141041,’†‹–€ŒSº˜a’¬”Ñ‹ò,1359-3,,
19384-0900-18.zip,202202141041,’†‹–€ŒSº˜a’¬”Ñ‹ò,1359-4,,
19384-0900-18.zip,202202141041,’†‹–€ŒSº˜a’¬”Ñ‹ò,1359-5,,
19384-0900-18.zip,202202141041,’†‹–€ŒSº˜a’¬”Ñ‹ò,1359-6,,
19384-0900-18.zip,202202141041,’†‹–€ŒSº˜a’¬”Ñ‹ò,1359-7,,
19384-0900-18.zip,202202141041,’†‹–€ŒSº˜a’¬”Ñ‹ò,1359-8,,
19384-0900-18.zip,202202141041,’†‹–€ŒSº˜a’¬”Ñ‹ò,1361-1,,
19384-0900-18.zip,202202141041,’†‹–€ŒSº˜a’¬”Ñ‹ò,1365,,
19384-0900-18.zip,202202141041,’†‹–€ŒSº˜a’¬”Ñ‹ò,1365-2,,
19384-0900-18.zip,202202141041,’†‹–€ŒSº˜a’¬”Ñ‹ò,1366-1,,
19384-0900-18.zip,202202141041,’†‹–€ŒSº˜a’¬”Ñ‹ò,1366-2,,
19384-0900-18.zip,202202141041,’†‹–€ŒSº˜a’¬”Ñ‹ò,1366-3,,
19384-0900-18.zip,202202141041,’†‹–€ŒSº˜a’¬”Ñ‹ò,1366-4,,
19384-0900-18.zip,202202141041,’†‹–€ŒSº˜a’¬”Ñ‹ò,1367-1,,
19384-0900-18.zip,202202141041,’†‹–€ŒSº˜a’¬”Ñ‹ò,1368-3,,
19384-0900-18.zip,202202141041,’†‹–€ŒSº˜a’¬”Ñ‹ò,1371-3,,
19384-0900-18.zip,202202141041,’†‹–€ŒSº˜a’¬”Ñ‹ò,1371-4,,
19384-0900-18.zip,202202141041,’†‹–€ŒSº˜a’¬”Ñ‹ò,1372-1,,
19384-0900-18.zip,202202141041,’†‹–€ŒSº˜a’¬”Ñ‹ò,1372-2,,
19384-0900-18.zip,202202141041,’†‹–€ŒSº˜a’¬”Ñ‹ò,1372-3,,
19384-0900-18.zip,202202141041,’†‹–€ŒSº˜a’¬”Ñ‹ò,1372-4,,
19384-0900-18.zip,202202141041,’†‹–€ŒSº˜a’¬”Ñ‹ò,1372-5,,
19384-0900-18.zip,202202141041,’†‹–€ŒSº˜a’¬”Ñ‹ò,1372-6,,
19384-0900-18.zip,202202141041,’†‹–€ŒSº˜a’¬”Ñ‹ò,1372-7,,
19384-0900-18.zip,202202141041,’†‹–€ŒSº˜a’¬”Ñ‹ò,1372-8,,
19384-0900-18.zip,202202141041,’†‹–€ŒSº˜a’¬”Ñ‹ò,1374-2,,
19384-0900-18.zip,202202141041,’†‹–€ŒSº˜a’¬”Ñ‹ò,1376-2,,
19384-0900-18.zip,202202141041,’†‹–€ŒSº˜a’¬”Ñ‹ò,1383-1,,
19384-0900-18.zip,202202141041,’†‹–€ŒSº˜a’¬”Ñ‹ò,1383-3,,
19384-0900-18.zip,202202141041,’†‹–€ŒSº˜a’¬”Ñ‹ò,•MŠE–¢’è’n-504,’†‹–€ŒSº˜a’¬”Ñ‹ò,1214
19384-0900-18.zip,202202141041,’†‹–€ŒSº˜a’¬”Ñ‹ò,•MŠE–¢’è’n-504,’†‹–€ŒSº˜a’¬”Ñ‹ò,1215
19384-0900-18.zip,202202141041,’†‹–€ŒSº˜a’¬”Ñ‹ò,“¹-5,,
19384-0900-18.zip,202202141041,’†‹–€ŒSº˜a’¬”Ñ‹ò,“¹-7,,
19384-0900-18.zip,202202141041,’†‹–€ŒSº˜a’¬”Ñ‹ò,“¹-574,,
19384-0900-18.zip,202202141041,’†‹–€ŒSº˜a’¬”Ñ‹ò,“¹-578,,
19384-0900-18.zip,202202141041,’†‹–€ŒSº˜a’¬”Ñ‹ò,…-9,,
19384-0900-18.zip,202202141041,’†‹–€ŒSº˜a’¬”Ñ‹ò,…-16,,
19384-0900-18.zip,202202141041,’†‹–€ŒSº˜a’¬”Ñ‹ò,…-705,,
19384-0900-18.zip,202202141041,’†‹–€ŒSº˜a’¬”Ñ‹ò,…-710,,
19384-0900-18.zip,202202141041,’†‹–€ŒSº˜a’¬”Ñ‹ò,…-717,,
19384-0900-18.zip,202202141041,’†‹–€ŒSº˜a’¬”Ñ‹ò,…-728,,
19384-0900-18.zip,202202141041,’†‹–€ŒSº˜a’¬”Ñ‹ò,…-730,,
19384-0900-18.zip,202202141041,’†‹–€ŒSº˜a’¬”Ñ‹ò,…-733,,
19384-0900-18.zip,202202141041,’†‹–€ŒSº˜a’¬”Ñ‹ò,…-736,,
19384-0900-18.zip,202202141041,’†‹–€ŒSº˜a’¬”Ñ‹ò,…-746,,
19384-0900-18.zip,202202141041,’†‹–€ŒSº˜a’¬”Ñ‹ò,…-749,,
19384-0900-18.zip,202202141041,’†‹–€ŒSº˜a’¬”Ñ‹ò,’·‹·•¨•s–¾-13,,
19384-0900-18.zip,202202141041,’†‹–€ŒSº˜a’¬”Ñ‹ò,’·‹·•¨•s–¾-15,,
19384-0900-18.zip,202202141041,’†‹–€ŒSº˜a’¬”Ñ‹ò,’·‹·•¨•s–¾-16,,
19384-0900-18.zip,202202141041,’†‹–€ŒSº˜a’¬”Ñ‹ò,’·‹·•¨•s–¾-17,,
19384-0900-18.zip,202202141041,’†‹–€ŒSº˜a’¬”Ñ‹ò,1289-1,,
19384-0900-18.zip,202202141041,’†‹–€ŒSº˜a’¬”Ñ‹ò,1289-7,,
19384-0900-18.zip,202202141041,’†‹–€ŒSº˜a’¬”Ñ‹ò,1240-2,,
19384-0900-18.zip,202202141041,’†‹–€ŒSº˜a’¬”Ñ‹ò,1240-5,,
19384-0900-18.zip,202202141041,’†‹–€ŒSº˜a’¬”Ñ‹ò,1240-4,,
19384-0900-18.zip,202202141041,’†‹–€ŒSº˜a’¬”Ñ‹ò,1240-7,,
19384-0900-18.zip,202202141041,’†‹–€ŒSº˜a’¬”Ñ‹ò,1240-8,,
19384-0900-18.zip,202202141041,’†‹–€ŒSº˜a’¬”Ñ‹ò,1240-6,,
19384-0900-18.zip,202202141041,’†‹–€ŒSº˜a’¬”Ñ‹ò,1240-3,,
19384-0900-18.zip,202202141041,’†‹–€ŒSº˜a’¬”Ñ‹ò,1238-1,,
19384-0900-18.zip,202202141041,’†‹–€ŒSº˜a’¬”Ñ‹ò,1240-9,,
19384-0900-18.zip,202202141041,’†‹–€ŒSº˜a’¬”Ñ‹ò,1240-10,,
19384-0900-18.zip,202202141041,’†‹–€ŒSº˜a’¬”Ñ‹ò,1240-1,,
19384-0900-18.zip,202202141041,’†‹–€ŒSº˜a’¬”Ñ‹ò,“¹-35-1-1,,
19384-0900-18.zip,202202141041,’†‹–€ŒSº˜a’¬”Ñ‹ò,1279-4,,
19384-0900-18.zip,202202141041,’†‹–€ŒSº˜a’¬”Ñ‹ò,1332-3,,
19384-0900-18.zip,202202141041,’†‹–€ŒSº˜a’¬”Ñ‹ò,1288-5,,
19384-0900-18.zip,202202141041,’†‹–€ŒSº˜a’¬”Ñ‹ò,1285-2,,
19384-0900-18.zip,202202141041,’†‹–€ŒSº˜a’¬”Ñ‹ò,1241-3,,
19384-0900-18.zip,202202141041,’†‹–€ŒSº˜a’¬”Ñ‹ò,1241-4,,
19384-0900-18.zip,202202141041,’†‹–€ŒSº˜a’¬”Ñ‹ò,1352,,
19384-0900-18.zip,202202141041,’†‹–€ŒSº˜a’¬”Ñ‹ò,1348-1,,
19384-0900-18.zip,202202141041,’†‹–€ŒSº˜a’¬”Ñ‹ò,1355,,
19384-0900-18.zip,202202141041,’†‹–€ŒSº˜a’¬”Ñ‹ò,1361-2,,
19384-0900-18.zip,202202141041,’†‹–€ŒSº˜a’¬”Ñ‹ò,1362-2,,
19384-0900-18.zip,202202141041,’†‹–€ŒSº˜a’¬”Ñ‹ò,1364-2,,
19384-0900-18.zip,202202141041,’†‹–€ŒSº˜a’¬”Ñ‹ò,1350-2,,
19384-0900-18.zip,202202141041,’†‹–€ŒSº˜a’¬”Ñ‹ò,1351-1,,
19384-0900-18.zip,202202141041,’†‹–€ŒSº˜a’¬”Ñ‹ò,1356-2,,
19384-0900-18.zip,202202141041,’†‹–€ŒSº˜a’¬”Ñ‹ò,1357,,
19384-0900-18.zip,202202141041,’†‹–€ŒSº˜a’¬”Ñ‹ò,1358,,
19384-0900-18.zip,202202141041,’†‹–€ŒSº˜a’¬”Ñ‹ò,1360,,
19384-0900-18.zip,202202141041,’†‹–€ŒSº˜a’¬”Ñ‹ò,1363,,
19384-0900-18.zip,202202141041,’†‹–€ŒSº˜a’¬”Ñ‹ò,855-1,,
19384-0900-18.zip,202202141041,’†‹–€ŒSº˜a’¬”Ñ‹ò,855-6,,
19384-0900-18.zip,202202141041,’†‹–€ŒSº˜a’¬”Ñ‹ò,856-1,,
19384-0900-18.zip,202202141041,’†‹–€ŒSº˜a’¬”Ñ‹ò,855-5,,
19384-0900-18.zip,202202141041,’†‹–€ŒSº˜a’¬”Ñ‹ò,855-3,,
19384-0900-18.zip,202202141041,’†‹–€ŒSº˜a’¬”Ñ‹ò,1193-8,,
19384-0900-18.zip,202202141041,’†‹–€ŒSº˜a’¬”Ñ‹ò,1193-9,,
19384-0900-18.zip,202202141041,’†‹–€ŒSº˜a’¬”Ñ‹ò,1193-7,,
19384-0900-18.zip,202202141041,’†‹–€ŒSº˜a’¬”Ñ‹ò,1193-6,,
19384-0900-18.zip,202202141041,’†‹–€ŒSº˜a’¬”Ñ‹ò,1281-3,,
19384-0900-18.zip,202202141041,’†‹–€ŒSº˜a’¬”Ñ‹ò,1281-1,,
19384-0900-18.zip,202202141041,’†‹–€ŒSº˜a’¬”Ñ‹ò,…-743,,
19384-0900-18.zip,202202141041,’†‹–€ŒSº˜a’¬”Ñ‹ò,1283-1,,
19384-0900-18.zip,202202141041,’†‹–€ŒSº˜a’¬”Ñ‹ò,1283-3,,
19384-0900-18.zip,202202141041,’†‹–€ŒSº˜a’¬”Ñ‹ò,1284-4,,
19384-0900-18.zip,202202141041,’†‹–€ŒSº˜a’¬”Ñ‹ò,1284-3,,
19384-0900-18.zip,202202141041,’†‹–€ŒSº˜a’¬”Ñ‹ò,“¹-35-1-2,,
19384-0900-18.zip,202202141041,’†‹–€ŒSº˜a’¬”Ñ‹ò,851-5,,
19384-0900-18.zip,202202141041,’†‹–€ŒSº˜a’¬”Ñ‹ò,917-1,,
19384-0900-18.zip,202202141041,’†‹–€ŒSº˜a’¬”Ñ‹ò,917-3,,
19384-0900-18.zip,202202141041,’†‹–€ŒSº˜a’¬”Ñ‹ò,908-11,,
19384-0900-18.zip,202202141041,’†‹–€ŒSº˜a’¬”Ñ‹ò,908-10,,
19384-0900-18.zip,202202141041,’†‹–€ŒSº˜a’¬”Ñ‹ò,908-8,,
19384-0900-18.zip,202202141041,’†‹–€ŒSº˜a’¬”Ñ‹ò,908-6,,
19384-0900-18.zip,202202141041,’†‹–€ŒSº˜a’¬”Ñ‹ò,908-9,,
19384-0900-18.zip,202202141041,’†‹–€ŒSº˜a’¬”Ñ‹ò,906-2,,
19384-0900-18.zip,202202141041,’†‹–€ŒSº˜a’¬”Ñ‹ò,908-1,,
19384-0900-18.zip,202202141041,’†‹–€ŒSº˜a’¬”Ñ‹ò,906-1,,
19384-0900-18.zip,202202141041,’†‹–€ŒSº˜a’¬”Ñ‹ò,939-1,,
19384-0900-18.zip,202202141041,’†‹–€ŒSº˜a’¬”Ñ‹ò,939-2,,
19384-0900-18.zip,202202141041,’†‹–€ŒSº˜a’¬”Ñ‹ò,994,,
19384-0900-18.zip,202202141041,’†‹–€ŒSº˜a’¬”Ñ‹ò,…-31,,
19384-0900-18.zip,202202141041,’†‹–€ŒSº˜a’¬”Ñ‹ò,“¹-34,,
19384-0900-18.zip,202202141041,’†‹–€ŒSº˜a’¬”Ñ‹ò,1336-2,,
19384-0900-18.zip,202202141041,’†‹–€ŒSº˜a’¬”Ñ‹ò,945-3,,
19384-0900-18.zip,202202141041,’†‹–€ŒSº˜a’¬”Ñ‹ò,945-1,,
19384-0900-18.zip,202202141041,’†‹–€ŒSº˜a’¬”Ñ‹ò,902-1,,
19384-0900-18.zip,202202141041,’†‹–€ŒSº˜a’¬”Ñ‹ò,902-3,,
19384-0900-18.zip,202202141041,’†‹–€ŒSº˜a’¬”Ñ‹ò,901,,
19384-0900-18.zip,202202141041,’†‹–€ŒSº˜a’¬”Ñ‹ò,898,,
19384-0900-18.zip,202202141041,’†‹–€ŒSº˜a’¬”Ñ‹ò,928-8,,
19384-0900-18.zip,202202141041,’†‹–€ŒSº˜a’¬”Ñ‹ò,962-1,,
19384-0900-18.zip,202202141041,’†‹–€ŒSº˜a’¬”Ñ‹ò,1376-1,,
19384-0900-18.zip,202202141041,’†‹–€ŒSº˜a’¬”Ñ‹ò,1376-7,,
19384-0900-18.zip,202202141041,’†‹–€ŒSº˜a’¬”Ñ‹ò,1376-3,,
19384-0900-18.zip,202202141041,’†‹–€ŒSº˜a’¬”Ñ‹ò,1367-8,,
19384-0900-18.zip,202202141041,’†‹–€ŒSº˜a’¬”Ñ‹ò,1289-4,,
19384-0900-18.zip,202202141041,’†‹–€ŒSº˜a’¬”Ñ‹ò,929-1,,
19384-0900-18.zip,202202141041,’†‹–€ŒSº˜a’¬”Ñ‹ò,929-5,,
19384-0900-18.zip,202202141041,’†‹–€ŒSº˜a’¬”Ñ‹ò,931,,
19384-0900-18.zip,202202141041,’†‹–€ŒSº˜a’¬”Ñ‹ò,…-745,,
19384-0900-18.zip,202202141041,’†‹–€ŒSº˜a’¬”Ñ‹ò,929-3,,
19384-0900-18.zip,202202141041,’†‹–€ŒSº˜a’¬”Ñ‹ò,1125-8,,
19384-0900-18.zip,202202141041,’†‹–€ŒSº˜a’¬”Ñ‹ò,1125-1,,
19384-0900-18.zip,202202141041,’†‹–€ŒSº˜a’¬”Ñ‹ò,1125-2,,
19384-0900-18.zip,202202141041,’†‹–€ŒSº˜a’¬”Ñ‹ò,911-5,,
19384-0900-18.zip,202202141041,’†‹–€ŒSº˜a’¬”Ñ‹ò,911-1,,
19384-0900-18.zip,202202141041,’†‹–€ŒSº˜a’¬”Ñ‹ò,911-4,,
19384-0900-18.zip,202202141041,’†‹–€ŒSº˜a’¬”Ñ‹ò,911-3,,
19384-0900-18.zip,202202141041,’†‹–€ŒSº˜a’¬”Ñ‹ò,“¹-563-4,,
19384-0900-18.zip,202202141041,’†‹–€ŒSº˜a’¬”Ñ‹ò,…-758-2,,
19384-0900-18.zip,202202141041,’†‹–€ŒSº˜a’¬”Ñ‹ò,“¹-563-3,,
19384-0900-18.zip,202202141041,’†‹–€ŒSº˜a’¬”Ñ‹ò,’·‹·•¨•s–¾-9-2,,
19384-0900-18.zip,202202141041,’†‹–€ŒSº˜a’¬”Ñ‹ò,“¹-563-2,,
19384-0900-18.zip,202202141041,’†‹–€ŒSº˜a’¬”Ñ‹ò,…-751-3,,
19384-0900-18.zip,202202141041,’†‹–€ŒSº˜a’¬”Ñ‹ò,“¹-573-2,,
19384-0900-18.zip,202202141041,’†‹–€ŒSº˜a’¬”Ñ‹ò,…-751-2,,
19384-0900-18.zip,202202141041,’†‹–€ŒSº˜a’¬”Ñ‹ò,…-18-3,,
19384-0900-18.zip,202202141041,’†‹–€ŒSº˜a’¬”Ñ‹ò,…-18-2,,
19384-0900-18.zip,202202141041,’†‹–€ŒSº˜a’¬”Ñ‹ò,“¹-547-2,,
19384-0900-18.zip,202202141041,’†‹–€ŒSº˜a’¬”Ñ‹ò,“¹-11-2,,
19384-0900-18.zip,202202141041,’†‹–€ŒSº˜a’¬”Ñ‹ò,…-748-2,,
19384-0900-18.zip,202202141041,’†‹–€ŒSº˜a’¬”Ñ‹ò,…-726-2,,
19384-0900-18.zip,202202141041,’†‹–€ŒSº˜a’¬”Ñ‹ò,941-2,,
19384-0900-18.zip,202202141041,’†‹–€ŒSº˜a’¬”Ñ‹ò,937-6,,
19384-0900-18.zip,202202141041,’†‹–€ŒSº˜a’¬”Ñ‹ò,937-4,,
19384-0900-18.zip,202202141041,’†‹–€ŒSº˜a’¬”Ñ‹ò,937-3,,
19384-0900-18.zip,202202141041,’†‹–€ŒSº˜a’¬”Ñ‹ò,908-5,,
19384-0900-18.zip,202202141041,’†‹–€ŒSº˜a’¬”Ñ‹ò,902-2,,
19384-0900-18.zip,202202141041,’†‹–€ŒSº˜a’¬”Ñ‹ò,918-5,,
19384-0900-18.zip,202202141041,’†‹–€ŒSº˜a’¬”Ñ‹ò,914-2,,
19384-0900-18.zip,202202141041,’†‹–€ŒSº˜a’¬”Ñ‹ò,1317-4,,
19384-0900-18.zip,202202141041,’†‹–€ŒSº˜a’¬”Ñ‹ò,868-3,,
19384-0900-18.zip,202202141041,’†‹–€ŒSº˜a’¬”Ñ‹ò,…-15-2,,
19384-0900-18.zip,202202141041,’†‹–€ŒSº˜a’¬”Ñ‹ò,910-4,,
19384-0900-18.zip,202202141041,’†‹–€ŒSº˜a’¬”Ñ‹ò,910-1,,
19384-0900-18.zip,202202141041,’†‹–€ŒSº˜a’¬”Ñ‹ò,885,,
19384-0900-18.zip,202202141041,’†‹–€ŒSº˜a’¬”Ñ‹ò,910-3,,
19384-0900-18.zip,202202141041,’†‹–€ŒSº˜a’¬”Ñ‹ò,987-1,,
19384-0900-18.zip,202202141041,’†‹–€ŒSº˜a’¬”Ñ‹ò,987-3,,
19384-0900-18.zip,202202141041,’†‹–€ŒSº˜a’¬”Ñ‹ò,991,,
19384-0900-18.zip,202202141041,’†‹–€ŒSº˜a’¬”Ñ‹ò,987-2,,
19384-0900-18.zip,202202141041,’†‹–€ŒSº˜a’¬”Ñ‹ò,986-1,,
19384-0900-18.zip,202202141041,’†‹–€ŒSº˜a’¬”Ñ‹ò,1195-1,,
19384-0900-18.zip,202202141041,’†‹–€ŒSº˜a’¬”Ñ‹ò,1195-4,,
19384-0900-18.zip,202202141041,’†‹–€ŒSº˜a’¬”Ñ‹ò,1195-3,,
19384-0900-18.zip,202202141041,’†‹–€ŒSº˜a’¬”Ñ‹ò,…-35,,
19384-0900-18.zip,202202141041,’†‹–€ŒSº˜a’¬”Ñ‹ò,1196,,
19384-0900-18.zip,202202141041,’†‹–€ŒSº˜a’¬”Ñ‹ò,1193-1,,
19384-0900-18.zip,202202141041,’†‹–€ŒSº˜a’¬”Ñ‹ò,982-2,,
19384-0900-18.zip,202202141041,’†‹–€ŒSº˜a’¬”Ñ‹ò,982-1,,
19384-0900-18.zip,202202141041,’†‹–€ŒSº˜a’¬”Ñ‹ò,…-754,,
19384-0900-18.zip,202202141041,’†‹–€ŒSº˜a’¬”Ñ‹ò,983,,
19384-0900-18.zip,202202141041,’†‹–€ŒSº˜a’¬”Ñ‹ò,858-4,,
19384-0900-18.zip,202202141041,’†‹–€ŒSº˜a’¬”Ñ‹ò,858-2,,
19384-0900-18.zip,202202141041,’†‹–€ŒSº˜a’¬”Ñ‹ò,858-1,,
19384-0900-18.zip,202202141041,’†‹–€ŒSº˜a’¬”Ñ‹ò,858-3,,
19384-0900-18.zip,202202141041,’†‹–€ŒSº˜a’¬”Ñ‹ò,“¹-37-5,,
19384-0900-18.zip,202202141041,’†‹–€ŒSº˜a’¬”Ñ‹ò,…-698,,
19384-0900-18.zip,202202141041,’†‹–€ŒSº˜a’¬”Ñ‹ò,943-3,,
19384-0900-18.zip,202202141041,’†‹–€ŒSº˜a’¬”Ñ‹ò,943-2,,
19384-0900-18.zip,202202141041,’†‹–€ŒSº˜a’¬”Ñ‹ò,…-732,,
19384-0900-18.zip,202202141041,’†‹–€ŒSº˜a’¬”Ñ‹ò,943,,
19384-0900-18.zip,202202141041,’†‹–€ŒSº˜a’¬”Ñ‹ò,“¹-35,,
19384-0900-18.zip,202202141041,’†‹–€ŒSº˜a’¬”Ñ‹ò,875-1,,
19384-0900-18.zip,202202141041,’†‹–€ŒSº˜a’¬”Ñ‹ò,871,,
19384-0900-18.zip,202202141041,’†‹–€ŒSº˜a’¬”Ñ‹ò,872,,
19384-0900-18.zip,202202141041,’†‹–€ŒSº˜a’¬”Ñ‹ò,872-4,,
19384-0900-18.zip,202202141041,’†‹–€ŒSº˜a’¬”Ñ‹ò,872-3,,
19384-0900-18.zip,202202141041,’†‹–€ŒSº˜a’¬”Ñ‹ò,872-2,,
19384-0900-18.zip,202202141041,’†‹–€ŒSº˜a’¬”Ñ‹ò,864,,
19384-0900-18.zip,202202141041,’†‹–€ŒSº˜a’¬”Ñ‹ò,1218-1,,
19384-0900-18.zip,202202141041,’†‹–€ŒSº˜a’¬”Ñ‹ò,1218-3,,
19384-0900-18.zip,202202141041,’†‹–€ŒSº˜a’¬”Ñ‹ò,1219-1,,
19384-0900-18.zip,202202141041,’†‹–€ŒSº˜a’¬”Ñ‹ò,1219-3,,
19384-0900-18.zip,202202141041,’†‹–€ŒSº˜a’¬”Ñ‹ò,…-32,,
19384-0900-18.zip,202202141041,’†‹–€ŒSº˜a’¬”Ñ‹ò,1218-2,,
19384-0900-18.zip,202202141041,’†‹–€ŒSº˜a’¬”Ñ‹ò,1218-4,,
19384-0900-18.zip,202202141041,’†‹–€ŒSº˜a’¬”Ñ‹ò,1221,,
19384-0900-18.zip,202202141041,’†‹–€ŒSº˜a’¬”Ñ‹ò,1376-9,,
19384-0900-18.zip,202202141041,’†‹–€ŒSº˜a’¬”Ñ‹ò,1376-4,,
19384-0900-18.zip,202202141041,’†‹–€ŒSº˜a’¬”Ñ‹ò,1376-5,,
19384-0900-18.zip,202202141041,’†‹–€ŒSº˜a’¬”Ñ‹ò,1376-8,,
19384-0900-18.zip,202202141041,’†‹–€ŒSº˜a’¬”Ñ‹ò,“¹-4,,
19384-0900-18.zip,202202141041,’†‹–€ŒSº˜a’¬”Ñ‹ò,’·‹·•¨•s–¾-267,,
19384-0900-18.zip,202202141041,’†‹–€ŒSº˜a’¬”Ñ‹ò,1376-6,,
19384-0900-19.zip,202202141041,’†‹–€ŒSº˜a’¬‰Í¼,92-1,,
19384-0900-19.zip,202202141041,’†‹–€ŒSº˜a’¬‰Í¼,92-2,,
19384-0900-19.zip,202202141041,’†‹–€ŒSº˜a’¬‰Í¼,92-3,,
19384-0900-19.zip,202202141041,’†‹–€ŒSº˜a’¬‰Í¼,92-5,,
19384-0900-19.zip,202202141041,’†‹–€ŒSº˜a’¬‰Í¼,92-6,,
19384-0900-19.zip,202202141041,’†‹–€ŒSº˜a’¬‰Í¼,93-1,,
19384-0900-19.zip,202202141041,’†‹–€ŒSº˜a’¬‰Í¼,96-1,,
19384-0900-19.zip,202202141041,’†‹–€ŒSº˜a’¬‰Í¼,97-1,,
19384-0900-19.zip,202202141041,’†‹–€ŒSº˜a’¬‰Í¼,97-2,,
19384-0900-19.zip,202202141041,’†‹–€ŒSº˜a’¬‰Í¼,97-3,,
19384-0900-19.zip,202202141041,’†‹–€ŒSº˜a’¬‰Í¼,97-4,,
19384-0900-19.zip,202202141041,’†‹–€ŒSº˜a’¬‰Í¼,97-5,,
19384-0900-19.zip,202202141041,’†‹–€ŒSº˜a’¬‰Í¼,97-6,,
19384-0900-19.zip,202202141041,’†‹–€ŒSº˜a’¬‰Í¼,97-7,,
19384-0900-19.zip,202202141041,’†‹–€ŒSº˜a’¬‰Í¼,97-8,,
19384-0900-19.zip,202202141041,’†‹–€ŒSº˜a’¬‰Í¼,101,,
19384-0900-19.zip,202202141041,’†‹–€ŒSº˜a’¬‰Í¼,103,,
19384-0900-19.zip,202202141041,’†‹–€ŒSº˜a’¬‰Í¼,103-2,,
19384-0900-19.zip,202202141041,’†‹–€ŒSº˜a’¬‰Í¼,104,,
19384-0900-19.zip,202202141041,’†‹–€ŒSº˜a’¬‰Í¼,105-1,,
19384-0900-19.zip,202202141041,’†‹–€ŒSº˜a’¬‰Í¼,105-2,,
19384-0900-19.zip,202202141041,’†‹–€ŒSº˜a’¬‰Í¼,105-3,,
19384-0900-19.zip,202202141041,’†‹–€ŒSº˜a’¬‰Í¼,106,,
19384-0900-19.zip,202202141041,’†‹–€ŒSº˜a’¬‰Í¼,107,,
19384-0900-19.zip,202202141041,’†‹–€ŒSº˜a’¬‰Í¼,108-1,,
19384-0900-19.zip,202202141041,’†‹–€ŒSº˜a’¬‰Í¼,108-2,,
19384-0900-19.zip,202202141041,’†‹–€ŒSº˜a’¬‰Í¼,108-3,,
19384-0900-19.zip,202202141041,’†‹–€ŒSº˜a’¬‰Í¼,108-5,,
19384-0900-19.zip,202202141041,’†‹–€ŒSº˜a’¬‰Í¼,108-6,,
19384-0900-19.zip,202202141041,’†‹–€ŒSº˜a’¬‰Í¼,109-1,,
19384-0900-19.zip,202202141041,’†‹–€ŒSº˜a’¬‰Í¼,110,,
19384-0900-19.zip,202202141041,’†‹–€ŒSº˜a’¬‰Í¼,111-1,,
19384-0900-19.zip,202202141041,’†‹–€ŒSº˜a’¬‰Í¼,111-2,,
19384-0900-19.zip,202202141041,’†‹–€ŒSº˜a’¬‰Í¼,112,,
19384-0900-19.zip,202202141041,’†‹–€ŒSº˜a’¬‰Í¼,113-1,,
19384-0900-19.zip,202202141041,’†‹–€ŒSº˜a’¬‰Í¼,113-3,,
19384-0900-19.zip,202202141041,’†‹–€ŒSº˜a’¬‰Í¼,114-1,,
19384-0900-19.zip,202202141041,’†‹–€ŒSº˜a’¬‰Í¼,115-1,,
19384-0900-19.zip,202202141041,’†‹–€ŒSº˜a’¬‰Í¼,115-6,,
19384-0900-19.zip,202202141041,’†‹–€ŒSº˜a’¬‰Í¼,115-10,,
19384-0900-19.zip,202202141041,’†‹–€ŒSº˜a’¬‰Í¼,115-11,,
19384-0900-19.zip,202202141041,’†‹–€ŒSº˜a’¬‰Í¼,115-22,,
19384-0900-19.zip,202202141041,’†‹–€ŒSº˜a’¬‰Í¼,115-28,,
19384-0900-19.zip,202202141041,’†‹–€ŒSº˜a’¬‰Í¼,115-29,,
19384-0900-19.zip,202202141041,’†‹–€ŒSº˜a’¬‰Í¼,115-30,,
19384-0900-19.zip,202202141041,’†‹–€ŒSº˜a’¬‰Í¼,115-32,,
19384-0900-19.zip,202202141041,’†‹–€ŒSº˜a’¬‰Í¼,115-33,,
19384-0900-19.zip,202202141041,’†‹–€ŒSº˜a’¬‰Í¼,115-36,,
19384-0900-19.zip,202202141041,’†‹–€ŒSº˜a’¬‰Í¼,132-2,,
19384-0900-19.zip,202202141041,’†‹–€ŒSº˜a’¬‰Í¼,134-2,,
19384-0900-19.zip,202202141041,’†‹–€ŒSº˜a’¬‰Í¼,134-3,,
19384-0900-19.zip,202202141041,’†‹–€ŒSº˜a’¬‰Í¼,134-5,,
19384-0900-19.zip,202202141041,’†‹–€ŒSº˜a’¬‰Í¼,136-2,,
19384-0900-19.zip,202202141041,’†‹–€ŒSº˜a’¬‰Í¼,138-1,,
19384-0900-19.zip,202202141041,’†‹–€ŒSº˜a’¬‰Í¼,138-3,,
19384-0900-19.zip,202202141041,’†‹–€ŒSº˜a’¬‰Í¼,138-5,,
19384-0900-19.zip,202202141041,’†‹–€ŒSº˜a’¬‰Í¼,138-6,,
19384-0900-19.zip,202202141041,’†‹–€ŒSº˜a’¬‰Í¼,138-7,,
19384-0900-19.zip,202202141041,’†‹–€ŒSº˜a’¬‰Í¼,138-8,,
19384-0900-19.zip,202202141041,’†‹–€ŒSº˜a’¬‰Í¼,138-9,,
19384-0900-19.zip,202202141041,’†‹–€ŒSº˜a’¬‰Í¼,138-10,,
19384-0900-19.zip,202202141041,’†‹–€ŒSº˜a’¬‰Í¼,138-11,,
19384-0900-19.zip,202202141041,’†‹–€ŒSº˜a’¬‰Í¼,138-12,,
19384-0900-19.zip,202202141041,’†‹–€ŒSº˜a’¬‰Í¼,138-13,,
19384-0900-19.zip,202202141041,’†‹–€ŒSº˜a’¬‰Í¼,141-1,,
19384-0900-19.zip,202202141041,’†‹–€ŒSº˜a’¬‰Í¼,141-2,,
19384-0900-19.zip,202202141041,’†‹–€ŒSº˜a’¬‰Í¼,141-3,,
19384-0900-19.zip,202202141041,’†‹–€ŒSº˜a’¬‰Í¼,149-1,,
19384-0900-19.zip,202202141041,’†‹–€ŒSº˜a’¬‰Í¼,149-5,,
19384-0900-19.zip,202202141041,’†‹–€ŒSº˜a’¬‰Í¼,149-6,,
19384-0900-19.zip,202202141041,’†‹–€ŒSº˜a’¬‰Í¼,149-10,,
19384-0900-19.zip,202202141041,’†‹–€ŒSº˜a’¬‰Í¼,149-11,,
19384-0900-19.zip,202202141041,’†‹–€ŒSº˜a’¬‰Í¼,152-1,,
19384-0900-19.zip,202202141041,’†‹–€ŒSº˜a’¬‰Í¼,152-2,,
19384-0900-19.zip,202202141041,’†‹–€ŒSº˜a’¬‰Í¼,152-3,,
19384-0900-19.zip,202202141041,’†‹–€ŒSº˜a’¬‰Í¼,152-4,,
19384-0900-19.zip,202202141041,’†‹–€ŒSº˜a’¬‰Í¼,152-5,,
19384-0900-19.zip,202202141041,’†‹–€ŒSº˜a’¬‰Í¼,152-8,,
19384-0900-19.zip,202202141041,’†‹–€ŒSº˜a’¬‰Í¼,152-9,,
19384-0900-19.zip,202202141041,’†‹–€ŒSº˜a’¬‰Í¼,152-10,,
19384-0900-19.zip,202202141041,’†‹–€ŒSº˜a’¬‰Í¼,152-11,,
19384-0900-19.zip,202202141041,’†‹–€ŒSº˜a’¬‰Í¼,152-15,,
19384-0900-19.zip,202202141041,’†‹–€ŒSº˜a’¬‰Í¼,152-16,,
19384-0900-19.zip,202202141041,’†‹–€ŒSº˜a’¬‰Í¼,152-17,,
19384-0900-19.zip,202202141041,’†‹–€ŒSº˜a’¬‰Í¼,152-18,,
19384-0900-19.zip,202202141041,’†‹–€ŒSº˜a’¬‰Í¼,152-19,,
19384-0900-19.zip,202202141041,’†‹–€ŒSº˜a’¬‰Í¼,152-20,,
19384-0900-19.zip,202202141041,’†‹–€ŒSº˜a’¬‰Í¼,152-21,,
19384-0900-19.zip,202202141041,’†‹–€ŒSº˜a’¬‰Í¼,152-25,,
19384-0900-19.zip,202202141041,’†‹–€ŒSº˜a’¬‰Í¼,152-26,,
19384-0900-19.zip,202202141041,’†‹–€ŒSº˜a’¬‰Í¼,152-27,,
19384-0900-19.zip,202202141041,’†‹–€ŒSº˜a’¬‰Í¼,152-28,,
19384-0900-19.zip,202202141041,’†‹–€ŒSº˜a’¬‰Í¼,152-29,,
19384-0900-19.zip,202202141041,’†‹–€ŒSº˜a’¬‰Í¼,153,,
19384-0900-19.zip,202202141041,’†‹–€ŒSº˜a’¬‰Í¼,153-2,,
19384-0900-19.zip,202202141041,’†‹–€ŒSº˜a’¬‰Í¼,154,,
19384-0900-19.zip,202202141041,’†‹–€ŒSº˜a’¬‰Í¼,159-1,,
19384-0900-19.zip,202202141041,’†‹–€ŒSº˜a’¬‰Í¼,159-3,,
19384-0900-19.zip,202202141041,’†‹–€ŒSº˜a’¬‰Í¼,159-4,,
19384-0900-19.zip,202202141041,’†‹–€ŒSº˜a’¬‰Í¼,162-1,,
19384-0900-19.zip,202202141041,’†‹–€ŒSº˜a’¬‰Í¼,162-3,,
19384-0900-19.zip,202202141041,’†‹–€ŒSº˜a’¬‰Í¼,162-4,,
19384-0900-19.zip,202202141041,’†‹–€ŒSº˜a’¬‰Í¼,162-5,,
19384-0900-19.zip,202202141041,’†‹–€ŒSº˜a’¬‰Í¼,162-6,,
19384-0900-19.zip,202202141041,’†‹–€ŒSº˜a’¬‰Í¼,162-7,,
19384-0900-19.zip,202202141041,’†‹–€ŒSº˜a’¬‰Í¼,162-8,,
19384-0900-19.zip,202202141041,’†‹–€ŒSº˜a’¬‰Í¼,162-9,,
19384-0900-19.zip,202202141041,’†‹–€ŒSº˜a’¬‰Í¼,163-1,,
19384-0900-19.zip,202202141041,’†‹–€ŒSº˜a’¬‰Í¼,163-2,,
19384-0900-19.zip,202202141041,’†‹–€ŒSº˜a’¬‰Í¼,163-3,,
19384-0900-19.zip,202202141041,’†‹–€ŒSº˜a’¬‰Í¼,163-4,,
19384-0900-19.zip,202202141041,’†‹–€ŒSº˜a’¬‰Í¼,163-5,,
19384-0900-19.zip,202202141041,’†‹–€ŒSº˜a’¬‰Í¼,166,,
19384-0900-19.zip,202202141041,’†‹–€ŒSº˜a’¬‰Í¼,173-1,,
19384-0900-19.zip,202202141041,’†‹–€ŒSº˜a’¬‰Í¼,174-1,,
19384-0900-19.zip,202202141041,’†‹–€ŒSº˜a’¬‰Í¼,174-2,,
19384-0900-19.zip,202202141041,’†‹–€ŒSº˜a’¬‰Í¼,174-4,,
19384-0900-19.zip,202202141041,’†‹–€ŒSº˜a’¬‰Í¼,“¹-23,,
19384-0900-19.zip,202202141041,’†‹–€ŒSº˜a’¬‰Í¼,…-11,,
19384-0900-19.zip,202202141041,’†‹–€ŒSº˜a’¬‰Í¼,…-875,,
19384-0900-19.zip,202202141041,’†‹–€ŒSº˜a’¬‰Í¼,…-879,,
19384-0900-19.zip,202202141041,’†‹–€ŒSº˜a’¬‰Í¼,175-1,,
19384-0900-19.zip,202202141041,’†‹–€ŒSº˜a’¬‰Í¼,“¹-24,,
19384-0900-19.zip,202202141041,’†‹–€ŒSº˜a’¬‰Í¼,…-29,,
19384-0900-19.zip,202202141041,’†‹–€ŒSº˜a’¬‰Í¼,451-1,,
19384-0900-19.zip,202202141041,’†‹–€ŒSº˜a’¬‰Í¼,451-2,,
19384-0900-19.zip,202202141041,’†‹–€ŒSº˜a’¬‰Í¼,451-3,,
19384-0900-19.zip,202202141041,’†‹–€ŒSº˜a’¬‰Í¼,451-4,,
19384-0900-19.zip,202202141041,’†‹–€ŒSº˜a’¬‰Í¼,454,,
19384-0900-19.zip,202202141041,’†‹–€ŒSº˜a’¬‰Í¼,458-2,,
19384-0900-19.zip,202202141041,’†‹–€ŒSº˜a’¬‰Í¼,459-1,,
19384-0900-19.zip,202202141041,’†‹–€ŒSº˜a’¬‰Í¼,459-2,,
19384-0900-19.zip,202202141041,’†‹–€ŒSº˜a’¬‰Í¼,461,,
19384-0900-19.zip,202202141041,’†‹–€ŒSº˜a’¬‰Í¼,464,,
19384-0900-19.zip,202202141041,’†‹–€ŒSº˜a’¬‰Í¼,466-1,,
19384-0900-19.zip,202202141041,’†‹–€ŒSº˜a’¬‰Í¼,468,,
19384-0900-19.zip,202202141041,’†‹–€ŒSº˜a’¬‰Í¼,470,,
19384-0900-19.zip,202202141041,’†‹–€ŒSº˜a’¬‰Í¼,472,,
19384-0900-19.zip,202202141041,’†‹–€ŒSº˜a’¬‰Í¼,473-1,,
19384-0900-19.zip,202202141041,’†‹–€ŒSº˜a’¬‰Í¼,474-1,,
19384-0900-19.zip,202202141041,’†‹–€ŒSº˜a’¬‰Í¼,474-3,,
19384-0900-19.zip,202202141041,’†‹–€ŒSº˜a’¬‰Í¼,474-4,,
19384-0900-19.zip,202202141041,’†‹–€ŒSº˜a’¬‰Í¼,474-5,,
19384-0900-19.zip,202202141041,’†‹–€ŒSº˜a’¬‰Í¼,474-6,,
19384-0900-19.zip,202202141041,’†‹–€ŒSº˜a’¬‰Í¼,475-1,,
19384-0900-19.zip,202202141041,’†‹–€ŒSº˜a’¬‰Í¼,476,,
19384-0900-19.zip,202202141041,’†‹–€ŒSº˜a’¬‰Í¼,480-1,,
19384-0900-19.zip,202202141041,’†‹–€ŒSº˜a’¬‰Í¼,480-2,,
19384-0900-19.zip,202202141041,’†‹–€ŒSº˜a’¬‰Í¼,480-3,,
19384-0900-19.zip,202202141041,’†‹–€ŒSº˜a’¬‰Í¼,481,,
19384-0900-19.zip,202202141041,’†‹–€ŒSº˜a’¬‰Í¼,485,,
19384-0900-19.zip,202202141041,’†‹–€ŒSº˜a’¬‰Í¼,486-1,,
19384-0900-19.zip,202202141041,’†‹–€ŒSº˜a’¬‰Í¼,486-2,,
19384-0900-19.zip,202202141041,’†‹–€ŒSº˜a’¬‰Í¼,487-1,,
19384-0900-19.zip,202202141041,’†‹–€ŒSº˜a’¬‰Í¼,487-2,,
19384-0900-19.zip,202202141041,’†‹–€ŒSº˜a’¬‰Í¼,487-3,,
19384-0900-19.zip,202202141041,’†‹–€ŒSº˜a’¬‰Í¼,488,,
19384-0900-19.zip,202202141041,’†‹–€ŒSº˜a’¬‰Í¼,488-2,,
19384-0900-19.zip,202202141041,’†‹–€ŒSº˜a’¬‰Í¼,494,,
19384-0900-19.zip,202202141041,’†‹–€ŒSº˜a’¬‰Í¼,495-1,,
19384-0900-19.zip,202202141041,’†‹–€ŒSº˜a’¬‰Í¼,495-2,,
19384-0900-19.zip,202202141041,’†‹–€ŒSº˜a’¬‰Í¼,495-5,,
19384-0900-19.zip,202202141041,’†‹–€ŒSº˜a’¬‰Í¼,495-6,,
19384-0900-19.zip,202202141041,’†‹–€ŒSº˜a’¬‰Í¼,496-1,,
19384-0900-19.zip,202202141041,’†‹–€ŒSº˜a’¬‰Í¼,496-2,,
19384-0900-19.zip,202202141041,’†‹–€ŒSº˜a’¬‰Í¼,497-1,,
19384-0900-19.zip,202202141041,’†‹–€ŒSº˜a’¬‰Í¼,498-1,,
19384-0900-19.zip,202202141041,’†‹–€ŒSº˜a’¬‰Í¼,498-2,,
19384-0900-19.zip,202202141041,’†‹–€ŒSº˜a’¬‰Í¼,498-3,,
19384-0900-19.zip,202202141041,’†‹–€ŒSº˜a’¬‰Í¼,498-4,,
19384-0900-19.zip,202202141041,’†‹–€ŒSº˜a’¬‰Í¼,499-1,,
19384-0900-19.zip,202202141041,’†‹–€ŒSº˜a’¬‰Í¼,499-2,,
19384-0900-19.zip,202202141041,’†‹–€ŒSº˜a’¬‰Í¼,500-4,,
19384-0900-19.zip,202202141041,’†‹–€ŒSº˜a’¬‰Í¼,500-7,,
19384-0900-19.zip,202202141041,’†‹–€ŒSº˜a’¬‰Í¼,500-8,,
19384-0900-19.zip,202202141041,’†‹–€ŒSº˜a’¬‰Í¼,500-9,,
19384-0900-19.zip,202202141041,’†‹–€ŒSº˜a’¬‰Í¼,500-10,,
19384-0900-19.zip,202202141041,’†‹–€ŒSº˜a’¬‰Í¼,500-11,,
19384-0900-19.zip,202202141041,’†‹–€ŒSº˜a’¬‰Í¼,500-12,,
19384-0900-19.zip,202202141041,’†‹–€ŒSº˜a’¬‰Í¼,500-13,,
19384-0900-19.zip,202202141041,’†‹–€ŒSº˜a’¬‰Í¼,500-14,,
19384-0900-19.zip,202202141041,’†‹–€ŒSº˜a’¬‰Í¼,500-15,,
19384-0900-19.zip,202202141041,’†‹–€ŒSº˜a’¬‰Í¼,500-16,,
19384-0900-19.zip,202202141041,’†‹–€ŒSº˜a’¬‰Í¼,500-17,,
19384-0900-19.zip,202202141041,’†‹–€ŒSº˜a’¬‰Í¼,505-1,,
19384-0900-19.zip,202202141041,’†‹–€ŒSº˜a’¬‰Í¼,505-4,,
19384-0900-19.zip,202202141041,’†‹–€ŒSº˜a’¬‰Í¼,506-1,,
19384-0900-19.zip,202202141041,’†‹–€ŒSº˜a’¬‰Í¼,506-4,,
19384-0900-19.zip,202202141041,’†‹–€ŒSº˜a’¬‰Í¼,506-5,,
19384-0900-19.zip,202202141041,’†‹–€ŒSº˜a’¬‰Í¼,506-6,,
19384-0900-19.zip,202202141041,’†‹–€ŒSº˜a’¬‰Í¼,506-7,,
19384-0900-19.zip,202202141041,’†‹–€ŒSº˜a’¬‰Í¼,506-8,,
19384-0900-19.zip,202202141041,’†‹–€ŒSº˜a’¬‰Í¼,506-9,,
19384-0900-19.zip,202202141041,’†‹–€ŒSº˜a’¬‰Í¼,520,,
19384-0900-19.zip,202202141041,’†‹–€ŒSº˜a’¬‰Í¼,523-1,,
19384-0900-19.zip,202202141041,’†‹–€ŒSº˜a’¬‰Í¼,523-3,,
19384-0900-19.zip,202202141041,’†‹–€ŒSº˜a’¬‰Í¼,523-4,,
19384-0900-19.zip,202202141041,’†‹–€ŒSº˜a’¬‰Í¼,524-1,,
19384-0900-19.zip,202202141041,’†‹–€ŒSº˜a’¬‰Í¼,524-3,,
19384-0900-19.zip,202202141041,’†‹–€ŒSº˜a’¬‰Í¼,525-2,,
19384-0900-19.zip,202202141041,’†‹–€ŒSº˜a’¬‰Í¼,526-1,,
19384-0900-19.zip,202202141041,’†‹–€ŒSº˜a’¬‰Í¼,526-3,,
19384-0900-19.zip,202202141041,’†‹–€ŒSº˜a’¬‰Í¼,527-1,,
19384-0900-19.zip,202202141041,’†‹–€ŒSº˜a’¬‰Í¼,527-3,,
19384-0900-19.zip,202202141041,’†‹–€ŒSº˜a’¬‰Í¼,528-1,,
19384-0900-19.zip,202202141041,’†‹–€ŒSº˜a’¬‰Í¼,528-3,,
19384-0900-19.zip,202202141041,’†‹–€ŒSº˜a’¬‰Í¼,530-2,,
19384-0900-19.zip,202202141041,’†‹–€ŒSº˜a’¬‰Í¼,530-3,,
19384-0900-19.zip,202202141041,’†‹–€ŒSº˜a’¬‰Í¼,530-5,,
19384-0900-19.zip,202202141041,’†‹–€ŒSº˜a’¬‰Í¼,530-7,,
19384-0900-19.zip,202202141041,’†‹–€ŒSº˜a’¬‰Í¼,530-8,,
19384-0900-19.zip,202202141041,’†‹–€ŒSº˜a’¬‰Í¼,530-9,,
19384-0900-19.zip,202202141041,’†‹–€ŒSº˜a’¬‰Í¼,530-10,,
19384-0900-19.zip,202202141041,’†‹–€ŒSº˜a’¬‰Í¼,530-11,,
19384-0900-19.zip,202202141041,’†‹–€ŒSº˜a’¬‰Í¼,530-14,,
19384-0900-19.zip,202202141041,’†‹–€ŒSº˜a’¬‰Í¼,531-1,,
19384-0900-19.zip,202202141041,’†‹–€ŒSº˜a’¬‰Í¼,531-2,,
19384-0900-19.zip,202202141041,’†‹–€ŒSº˜a’¬‰Í¼,532-1,,
19384-0900-19.zip,202202141041,’†‹–€ŒSº˜a’¬‰Í¼,532-2,,
19384-0900-19.zip,202202141041,’†‹–€ŒSº˜a’¬‰Í¼,532-4,,
19384-0900-19.zip,202202141041,’†‹–€ŒSº˜a’¬‰Í¼,532-5,,
19384-0900-19.zip,202202141041,’†‹–€ŒSº˜a’¬‰Í¼,534,,
19384-0900-19.zip,202202141041,’†‹–€ŒSº˜a’¬‰Í¼,536-1,,
19384-0900-19.zip,202202141041,’†‹–€ŒSº˜a’¬‰Í¼,536-2,,
19384-0900-19.zip,202202141041,’†‹–€ŒSº˜a’¬‰Í¼,536-6,,
19384-0900-19.zip,202202141041,’†‹–€ŒSº˜a’¬‰Í¼,536-7,,
19384-0900-19.zip,202202141041,’†‹–€ŒSº˜a’¬‰Í¼,537-1,,
19384-0900-19.zip,202202141041,’†‹–€ŒSº˜a’¬‰Í¼,537-3,,
19384-0900-19.zip,202202141041,’†‹–€ŒSº˜a’¬‰Í¼,537-10,,
19384-0900-19.zip,202202141041,’†‹–€ŒSº˜a’¬‰Í¼,537-11,,
19384-0900-19.zip,202202141041,’†‹–€ŒSº˜a’¬‰Í¼,538-1,,
19384-0900-19.zip,202202141041,’†‹–€ŒSº˜a’¬‰Í¼,538-2,,
19384-0900-19.zip,202202141041,’†‹–€ŒSº˜a’¬‰Í¼,538-4,,
19384-0900-19.zip,202202141041,’†‹–€ŒSº˜a’¬‰Í¼,538-6,,
19384-0900-19.zip,202202141041,’†‹–€ŒSº˜a’¬‰Í¼,538-7,,
19384-0900-19.zip,202202141041,’†‹–€ŒSº˜a’¬‰Í¼,538-8,,
19384-0900-19.zip,202202141041,’†‹–€ŒSº˜a’¬‰Í¼,539-1,,
19384-0900-19.zip,202202141041,’†‹–€ŒSº˜a’¬‰Í¼,539-2,,
19384-0900-19.zip,202202141041,’†‹–€ŒSº˜a’¬‰Í¼,539-3,,
19384-0900-19.zip,202202141041,’†‹–€ŒSº˜a’¬‰Í¼,539-4,,
19384-0900-19.zip,202202141041,’†‹–€ŒSº˜a’¬‰Í¼,540-1,,
19384-0900-19.zip,202202141041,’†‹–€ŒSº˜a’¬‰Í¼,540-2,,
19384-0900-19.zip,202202141041,’†‹–€ŒSº˜a’¬‰Í¼,540-3,,
19384-0900-19.zip,202202141041,’†‹–€ŒSº˜a’¬‰Í¼,540-4,,
19384-0900-19.zip,202202141041,’†‹–€ŒSº˜a’¬‰Í¼,540-5,,
19384-0900-19.zip,202202141041,’†‹–€ŒSº˜a’¬‰Í¼,540-6,,
19384-0900-19.zip,202202141041,’†‹–€ŒSº˜a’¬‰Í¼,540-7,,
19384-0900-19.zip,202202141041,’†‹–€ŒSº˜a’¬‰Í¼,541-1,,
19384-0900-19.zip,202202141041,’†‹–€ŒSº˜a’¬‰Í¼,541-2,,
19384-0900-19.zip,202202141041,’†‹–€ŒSº˜a’¬‰Í¼,541-5,,
19384-0900-19.zip,202202141041,’†‹–€ŒSº˜a’¬‰Í¼,542-1,,
19384-0900-19.zip,202202141041,’†‹–€ŒSº˜a’¬‰Í¼,542-2,,
19384-0900-19.zip,202202141041,’†‹–€ŒSº˜a’¬‰Í¼,542-3,,
19384-0900-19.zip,202202141041,’†‹–€ŒSº˜a’¬‰Í¼,543,,
19384-0900-19.zip,202202141041,’†‹–€ŒSº˜a’¬‰Í¼,545-1,,
19384-0900-19.zip,202202141041,’†‹–€ŒSº˜a’¬‰Í¼,545-2,,
19384-0900-19.zip,202202141041,’†‹–€ŒSº˜a’¬‰Í¼,546,,
19384-0900-19.zip,202202141041,’†‹–€ŒSº˜a’¬‰Í¼,547-2,,
19384-0900-19.zip,202202141041,’†‹–€ŒSº˜a’¬‰Í¼,548-1,,
19384-0900-19.zip,202202141041,’†‹–€ŒSº˜a’¬‰Í¼,548-3,,
19384-0900-19.zip,202202141041,’†‹–€ŒSº˜a’¬‰Í¼,548-4,,
19384-0900-19.zip,202202141041,’†‹–€ŒSº˜a’¬‰Í¼,548-5,,
19384-0900-19.zip,202202141041,’†‹–€ŒSº˜a’¬‰Í¼,548-6,,
19384-0900-19.zip,202202141041,’†‹–€ŒSº˜a’¬‰Í¼,548-7,,
19384-0900-19.zip,202202141041,’†‹–€ŒSº˜a’¬‰Í¼,548-8,,
19384-0900-19.zip,202202141041,’†‹–€ŒSº˜a’¬‰Í¼,548-9,,
19384-0900-19.zip,202202141041,’†‹–€ŒSº˜a’¬‰Í¼,549-1,,
19384-0900-19.zip,202202141041,’†‹–€ŒSº˜a’¬‰Í¼,550,,
19384-0900-19.zip,202202141041,’†‹–€ŒSº˜a’¬‰Í¼,551,,
19384-0900-19.zip,202202141041,’†‹–€ŒSº˜a’¬‰Í¼,552,,
19384-0900-19.zip,202202141041,’†‹–€ŒSº˜a’¬‰Í¼,553-4,,
19384-0900-19.zip,202202141041,’†‹–€ŒSº˜a’¬‰Í¼,554,,
19384-0900-19.zip,202202141041,’†‹–€ŒSº˜a’¬‰Í¼,555,,
19384-0900-19.zip,202202141041,’†‹–€ŒSº˜a’¬‰Í¼,556,,
19384-0900-19.zip,202202141041,’†‹–€ŒSº˜a’¬‰Í¼,556-2,,
19384-0900-19.zip,202202141041,’†‹–€ŒSº˜a’¬‰Í¼,557-1,,
19384-0900-19.zip,202202141041,’†‹–€ŒSº˜a’¬‰Í¼,608-1,,
19384-0900-19.zip,202202141041,’†‹–€ŒSº˜a’¬‰Í¼,608-4,,
19384-0900-19.zip,202202141041,’†‹–€ŒSº˜a’¬‰Í¼,608-5,,
19384-0900-19.zip,202202141041,’†‹–€ŒSº˜a’¬‰Í¼,621-1,,
19384-0900-19.zip,202202141041,’†‹–€ŒSº˜a’¬‰Í¼,621-2,,
19384-0900-19.zip,202202141041,’†‹–€ŒSº˜a’¬‰Í¼,621-3,,
19384-0900-19.zip,202202141041,’†‹–€ŒSº˜a’¬‰Í¼,621-4,,
19384-0900-19.zip,202202141041,’†‹–€ŒSº˜a’¬‰Í¼,621-5,,
19384-0900-19.zip,202202141041,’†‹–€ŒSº˜a’¬‰Í¼,621-6,,
19384-0900-19.zip,202202141041,’†‹–€ŒSº˜a’¬‰Í¼,621-7,,
19384-0900-19.zip,202202141041,’†‹–€ŒSº˜a’¬‰Í¼,621-8,,
19384-0900-19.zip,202202141041,’†‹–€ŒSº˜a’¬‰Í¼,621-9,,
19384-0900-19.zip,202202141041,’†‹–€ŒSº˜a’¬‰Í¼,621-10,,
19384-0900-19.zip,202202141041,’†‹–€ŒSº˜a’¬‰Í¼,621-11,,
19384-0900-19.zip,202202141041,’†‹–€ŒSº˜a’¬‰Í¼,621-12,,
19384-0900-19.zip,202202141041,’†‹–€ŒSº˜a’¬‰Í¼,621-13,,
19384-0900-19.zip,202202141041,’†‹–€ŒSº˜a’¬‰Í¼,621-14,,
19384-0900-19.zip,202202141041,’†‹–€ŒSº˜a’¬‰Í¼,621-15,,
19384-0900-19.zip,202202141041,’†‹–€ŒSº˜a’¬‰Í¼,621-16,,
19384-0900-19.zip,202202141041,’†‹–€ŒSº˜a’¬‰Í¼,621-17,,
19384-0900-19.zip,202202141041,’†‹–€ŒSº˜a’¬‰Í¼,621-18,,
19384-0900-19.zip,202202141041,’†‹–€ŒSº˜a’¬‰Í¼,622-1,,
19384-0900-19.zip,202202141041,’†‹–€ŒSº˜a’¬‰Í¼,622-2,,
19384-0900-19.zip,202202141041,’†‹–€ŒSº˜a’¬‰Í¼,622-3,,
19384-0900-19.zip,202202141041,’†‹–€ŒSº˜a’¬‰Í¼,622-4,,
19384-0900-19.zip,202202141041,’†‹–€ŒSº˜a’¬‰Í¼,622-5,,
19384-0900-19.zip,202202141041,’†‹–€ŒSº˜a’¬‰Í¼,622-6,,
19384-0900-19.zip,202202141041,’†‹–€ŒSº˜a’¬‰Í¼,622-7,,
19384-0900-19.zip,202202141041,’†‹–€ŒSº˜a’¬‰Í¼,623-1,,
19384-0900-19.zip,202202141041,’†‹–€ŒSº˜a’¬‰Í¼,623-2,,
19384-0900-19.zip,202202141041,’†‹–€ŒSº˜a’¬‰Í¼,623-3,,
19384-0900-19.zip,202202141041,’†‹–€ŒSº˜a’¬‰Í¼,623-4,,
19384-0900-19.zip,202202141041,’†‹–€ŒSº˜a’¬‰Í¼,623-5,,
19384-0900-19.zip,202202141041,’†‹–€ŒSº˜a’¬‰Í¼,623-6,,
19384-0900-19.zip,202202141041,’†‹–€ŒSº˜a’¬‰Í¼,623-7,,
19384-0900-19.zip,202202141041,’†‹–€ŒSº˜a’¬‰Í¼,623-8,,
19384-0900-19.zip,202202141041,’†‹–€ŒSº˜a’¬‰Í¼,624-1,,
19384-0900-19.zip,202202141041,’†‹–€ŒSº˜a’¬‰Í¼,624-2,,
19384-0900-19.zip,202202141041,’†‹–€ŒSº˜a’¬‰Í¼,624-3,,
19384-0900-19.zip,202202141041,’†‹–€ŒSº˜a’¬‰Í¼,624-4,,
19384-0900-19.zip,202202141041,’†‹–€ŒSº˜a’¬‰Í¼,624-5,,
19384-0900-19.zip,202202141041,’†‹–€ŒSº˜a’¬‰Í¼,624-6,,
19384-0900-19.zip,202202141041,’†‹–€ŒSº˜a’¬‰Í¼,624-7,,
19384-0900-19.zip,202202141041,’†‹–€ŒSº˜a’¬‰Í¼,624-8,,
19384-0900-19.zip,202202141041,’†‹–€ŒSº˜a’¬‰Í¼,624-9,,
19384-0900-19.zip,202202141041,’†‹–€ŒSº˜a’¬‰Í¼,624-11,,
19384-0900-19.zip,202202141041,’†‹–€ŒSº˜a’¬‰Í¼,624-12,,
19384-0900-19.zip,202202141041,’†‹–€ŒSº˜a’¬‰Í¼,624-13,,
19384-0900-19.zip,202202141041,’†‹–€ŒSº˜a’¬‰Í¼,625-1,,
19384-0900-19.zip,202202141041,’†‹–€ŒSº˜a’¬‰Í¼,625-2,,
19384-0900-19.zip,202202141041,’†‹–€ŒSº˜a’¬‰Í¼,625-3,,
19384-0900-19.zip,202202141041,’†‹–€ŒSº˜a’¬‰Í¼,625-4,,
19384-0900-19.zip,202202141041,’†‹–€ŒSº˜a’¬‰Í¼,625-5,,
19384-0900-19.zip,202202141041,’†‹–€ŒSº˜a’¬‰Í¼,625-13,,
19384-0900-19.zip,202202141041,’†‹–€ŒSº˜a’¬‰Í¼,625-14,,
19384-0900-19.zip,202202141041,’†‹–€ŒSº˜a’¬‰Í¼,625-15,,
19384-0900-19.zip,202202141041,’†‹–€ŒSº˜a’¬‰Í¼,625-16,,
19384-0900-19.zip,202202141041,’†‹–€ŒSº˜a’¬‰Í¼,625-19,,
19384-0900-19.zip,202202141041,’†‹–€ŒSº˜a’¬‰Í¼,625-20,,
19384-0900-19.zip,202202141041,’†‹–€ŒSº˜a’¬‰Í¼,625-21,,
19384-0900-19.zip,202202141041,’†‹–€ŒSº˜a’¬‰Í¼,626-1,,
19384-0900-19.zip,202202141041,’†‹–€ŒSº˜a’¬‰Í¼,626-2,,
19384-0900-19.zip,202202141041,’†‹–€ŒSº˜a’¬‰Í¼,626-3,,
19384-0900-19.zip,202202141041,’†‹–€ŒSº˜a’¬‰Í¼,626-4,,
19384-0900-19.zip,202202141041,’†‹–€ŒSº˜a’¬‰Í¼,626-5,,
19384-0900-19.zip,202202141041,’†‹–€ŒSº˜a’¬‰Í¼,626-6,,
19384-0900-19.zip,202202141041,’†‹–€ŒSº˜a’¬‰Í¼,626-7,,
19384-0900-19.zip,202202141041,’†‹–€ŒSº˜a’¬‰Í¼,626-8,,
19384-0900-19.zip,202202141041,’†‹–€ŒSº˜a’¬‰Í¼,626-9,,
19384-0900-19.zip,202202141041,’†‹–€ŒSº˜a’¬‰Í¼,626-10,,
19384-0900-19.zip,202202141041,’†‹–€ŒSº˜a’¬‰Í¼,626-11,,
19384-0900-19.zip,202202141041,’†‹–€ŒSº˜a’¬‰Í¼,627-1,,
19384-0900-19.zip,202202141041,’†‹–€ŒSº˜a’¬‰Í¼,627-2,,
19384-0900-19.zip,202202141041,’†‹–€ŒSº˜a’¬‰Í¼,627-3,,
19384-0900-19.zip,202202141041,’†‹–€ŒSº˜a’¬‰Í¼,627-4,,
19384-0900-19.zip,202202141041,’†‹–€ŒSº˜a’¬‰Í¼,627-5,,
19384-0900-19.zip,202202141041,’†‹–€ŒSº˜a’¬‰Í¼,627-6,,
19384-0900-19.zip,202202141041,’†‹–€ŒSº˜a’¬‰Í¼,627-7,,
19384-0900-19.zip,202202141041,’†‹–€ŒSº˜a’¬‰Í¼,627-8,,
19384-0900-19.zip,202202141041,’†‹–€ŒSº˜a’¬‰Í¼,627-9,,
19384-0900-19.zip,202202141041,’†‹–€ŒSº˜a’¬‰Í¼,627-10,,
19384-0900-19.zip,202202141041,’†‹–€ŒSº˜a’¬‰Í¼,628-1,,
19384-0900-19.zip,202202141041,’†‹–€ŒSº˜a’¬‰Í¼,628-2,,
19384-0900-19.zip,202202141041,’†‹–€ŒSº˜a’¬‰Í¼,628-3,,
19384-0900-19.zip,202202141041,’†‹–€ŒSº˜a’¬‰Í¼,628-4,,
19384-0900-19.zip,202202141041,’†‹–€ŒSº˜a’¬‰Í¼,628-5,,
19384-0900-19.zip,202202141041,’†‹–€ŒSº˜a’¬‰Í¼,628-6,,
19384-0900-19.zip,202202141041,’†‹–€ŒSº˜a’¬‰Í¼,628-7,,
19384-0900-19.zip,202202141041,’†‹–€ŒSº˜a’¬‰Í¼,628-8,,
19384-0900-19.zip,202202141041,’†‹–€ŒSº˜a’¬‰Í¼,629-1,,
19384-0900-19.zip,202202141041,’†‹–€ŒSº˜a’¬‰Í¼,629-2,,
19384-0900-19.zip,202202141041,’†‹–€ŒSº˜a’¬‰Í¼,629-3,,
19384-0900-19.zip,202202141041,’†‹–€ŒSº˜a’¬‰Í¼,629-4,,
19384-0900-19.zip,202202141041,’†‹–€ŒSº˜a’¬‰Í¼,629-5,,
19384-0900-19.zip,202202141041,’†‹–€ŒSº˜a’¬‰Í¼,629-6,,
19384-0900-19.zip,202202141041,’†‹–€ŒSº˜a’¬‰Í¼,629-7,,
19384-0900-19.zip,202202141041,’†‹–€ŒSº˜a’¬‰Í¼,629-9,,
19384-0900-19.zip,202202141041,’†‹–€ŒSº˜a’¬‰Í¼,629-10,,
19384-0900-19.zip,202202141041,’†‹–€ŒSº˜a’¬‰Í¼,629-11,,
19384-0900-19.zip,202202141041,’†‹–€ŒSº˜a’¬‰Í¼,629-13,,
19384-0900-19.zip,202202141041,’†‹–€ŒSº˜a’¬‰Í¼,629-16,,
19384-0900-19.zip,202202141041,’†‹–€ŒSº˜a’¬‰Í¼,629-17,,
19384-0900-19.zip,202202141041,’†‹–€ŒSº˜a’¬‰Í¼,630-1,,
19384-0900-19.zip,202202141041,’†‹–€ŒSº˜a’¬‰Í¼,630-2,,
19384-0900-19.zip,202202141041,’†‹–€ŒSº˜a’¬‰Í¼,630-3,,
19384-0900-19.zip,202202141041,’†‹–€ŒSº˜a’¬‰Í¼,630-4,,
19384-0900-19.zip,202202141041,’†‹–€ŒSº˜a’¬‰Í¼,630-7,,
19384-0900-19.zip,202202141041,’†‹–€ŒSº˜a’¬‰Í¼,630-8,,
19384-0900-19.zip,202202141041,’†‹–€ŒSº˜a’¬‰Í¼,630-9,,
19384-0900-19.zip,202202141041,’†‹–€ŒSº˜a’¬‰Í¼,630-10,,
19384-0900-19.zip,202202141041,’†‹–€ŒSº˜a’¬‰Í¼,630-11,,
19384-0900-19.zip,202202141041,’†‹–€ŒSº˜a’¬‰Í¼,630-12,,
19384-0900-19.zip,202202141041,’†‹–€ŒSº˜a’¬‰Í¼,631-1,,
19384-0900-19.zip,202202141041,’†‹–€ŒSº˜a’¬‰Í¼,631-2,,
19384-0900-19.zip,202202141041,’†‹–€ŒSº˜a’¬‰Í¼,631-3,,
19384-0900-19.zip,202202141041,’†‹–€ŒSº˜a’¬‰Í¼,631-4,,
19384-0900-19.zip,202202141041,’†‹–€ŒSº˜a’¬‰Í¼,631-5,,
19384-0900-19.zip,202202141041,’†‹–€ŒSº˜a’¬‰Í¼,631-6,,
19384-0900-19.zip,202202141041,’†‹–€ŒSº˜a’¬‰Í¼,631-7,,
19384-0900-19.zip,202202141041,’†‹–€ŒSº˜a’¬‰Í¼,631-8,,
19384-0900-19.zip,202202141041,’†‹–€ŒSº˜a’¬‰Í¼,631-9,,
19384-0900-19.zip,202202141041,’†‹–€ŒSº˜a’¬‰Í¼,632-1,,
19384-0900-19.zip,202202141041,’†‹–€ŒSº˜a’¬‰Í¼,632-2,,
19384-0900-19.zip,202202141041,’†‹–€ŒSº˜a’¬‰Í¼,632-5,,
19384-0900-19.zip,202202141041,’†‹–€ŒSº˜a’¬‰Í¼,632-6,,
19384-0900-19.zip,202202141041,’†‹–€ŒSº˜a’¬‰Í¼,632-7,,
19384-0900-19.zip,202202141041,’†‹–€ŒSº˜a’¬‰Í¼,632-8,,
19384-0900-19.zip,202202141041,’†‹–€ŒSº˜a’¬‰Í¼,632-9,,
19384-0900-19.zip,202202141041,’†‹–€ŒSº˜a’¬‰Í¼,632-10,,
19384-0900-19.zip,202202141041,’†‹–€ŒSº˜a’¬‰Í¼,632-11,,
19384-0900-19.zip,202202141041,’†‹–€ŒSº˜a’¬‰Í¼,632-12,,
19384-0900-19.zip,202202141041,’†‹–€ŒSº˜a’¬‰Í¼,632-13,,
19384-0900-19.zip,202202141041,’†‹–€ŒSº˜a’¬‰Í¼,632-14,,
19384-0900-19.zip,202202141041,’†‹–€ŒSº˜a’¬‰Í¼,632-15,,
19384-0900-19.zip,202202141041,’†‹–€ŒSº˜a’¬‰Í¼,632-16,,
19384-0900-19.zip,202202141041,’†‹–€ŒSº˜a’¬‰Í¼,633-1,,
19384-0900-19.zip,202202141041,’†‹–€ŒSº˜a’¬‰Í¼,633-2,,
19384-0900-19.zip,202202141041,’†‹–€ŒSº˜a’¬‰Í¼,633-4,,
19384-0900-19.zip,202202141041,’†‹–€ŒSº˜a’¬‰Í¼,633-5,,
19384-0900-19.zip,202202141041,’†‹–€ŒSº˜a’¬‰Í¼,633-6,,
19384-0900-19.zip,202202141041,’†‹–€ŒSº˜a’¬‰Í¼,633-7,,
19384-0900-19.zip,202202141041,’†‹–€ŒSº˜a’¬‰Í¼,633-8,,
19384-0900-19.zip,202202141041,’†‹–€ŒSº˜a’¬‰Í¼,633-9,,
19384-0900-19.zip,202202141041,’†‹–€ŒSº˜a’¬‰Í¼,633-10,,
19384-0900-19.zip,202202141041,’†‹–€ŒSº˜a’¬‰Í¼,633-12,,
19384-0900-19.zip,202202141041,’†‹–€ŒSº˜a’¬‰Í¼,634-1,,
19384-0900-19.zip,202202141041,’†‹–€ŒSº˜a’¬‰Í¼,634-2,,
19384-0900-19.zip,202202141041,’†‹–€ŒSº˜a’¬‰Í¼,634-3,,
19384-0900-19.zip,202202141041,’†‹–€ŒSº˜a’¬‰Í¼,634-4,,
19384-0900-19.zip,202202141041,’†‹–€ŒSº˜a’¬‰Í¼,634-5,,
19384-0900-19.zip,202202141041,’†‹–€ŒSº˜a’¬‰Í¼,634-6,,
19384-0900-19.zip,202202141041,’†‹–€ŒSº˜a’¬‰Í¼,634-7,,
19384-0900-19.zip,202202141041,’†‹–€ŒSº˜a’¬‰Í¼,634-8,,
19384-0900-19.zip,202202141041,’†‹–€ŒSº˜a’¬‰Í¼,634-9,,
19384-0900-19.zip,202202141041,’†‹–€ŒSº˜a’¬‰Í¼,634-10,,
19384-0900-19.zip,202202141041,’†‹–€ŒSº˜a’¬‰Í¼,634-11,,
19384-0900-19.zip,202202141041,’†‹–€ŒSº˜a’¬‰Í¼,634-12,,
19384-0900-19.zip,202202141041,’†‹–€ŒSº˜a’¬‰Í¼,634-13,,
19384-0900-19.zip,202202141041,’†‹–€ŒSº˜a’¬‰Í¼,634-14,,
19384-0900-19.zip,202202141041,’†‹–€ŒSº˜a’¬‰Í¼,634-15,,
19384-0900-19.zip,202202141041,’†‹–€ŒSº˜a’¬‰Í¼,634-16,,
19384-0900-19.zip,202202141041,’†‹–€ŒSº˜a’¬‰Í¼,634-17,,
19384-0900-19.zip,202202141041,’†‹–€ŒSº˜a’¬‰Í¼,635-1,,
19384-0900-19.zip,202202141041,’†‹–€ŒSº˜a’¬‰Í¼,635-2,,
19384-0900-19.zip,202202141041,’†‹–€ŒSº˜a’¬‰Í¼,635-3,,
19384-0900-19.zip,202202141041,’†‹–€ŒSº˜a’¬‰Í¼,635-4,,
19384-0900-19.zip,202202141041,’†‹–€ŒSº˜a’¬‰Í¼,635-5,,
19384-0900-19.zip,202202141041,’†‹–€ŒSº˜a’¬‰Í¼,635-6,,
19384-0900-19.zip,202202141041,’†‹–€ŒSº˜a’¬‰Í¼,635-7,,
19384-0900-19.zip,202202141041,’†‹–€ŒSº˜a’¬‰Í¼,635-8,,
19384-0900-19.zip,202202141041,’†‹–€ŒSº˜a’¬‰Í¼,635-9,,
19384-0900-19.zip,202202141041,’†‹–€ŒSº˜a’¬‰Í¼,635-10,,
19384-0900-19.zip,202202141041,’†‹–€ŒSº˜a’¬‰Í¼,635-11,,
19384-0900-19.zip,202202141041,’†‹–€ŒSº˜a’¬‰Í¼,635-12,,
19384-0900-19.zip,202202141041,’†‹–€ŒSº˜a’¬‰Í¼,636,,
19384-0900-19.zip,202202141041,’†‹–€ŒSº˜a’¬‰Í¼,637-3,,
19384-0900-19.zip,202202141041,’†‹–€ŒSº˜a’¬‰Í¼,637-4,,
19384-0900-19.zip,202202141041,’†‹–€ŒSº˜a’¬‰Í¼,637-5,,
19384-0900-19.zip,202202141041,’†‹–€ŒSº˜a’¬‰Í¼,637-6,,
19384-0900-19.zip,202202141041,’†‹–€ŒSº˜a’¬‰Í¼,637-7,,
19384-0900-19.zip,202202141041,’†‹–€ŒSº˜a’¬‰Í¼,637-8,,
19384-0900-19.zip,202202141041,’†‹–€ŒSº˜a’¬‰Í¼,637-9,,
19384-0900-19.zip,202202141041,’†‹–€ŒSº˜a’¬‰Í¼,637-10,,
19384-0900-19.zip,202202141041,’†‹–€ŒSº˜a’¬‰Í¼,637-11,,
19384-0900-19.zip,202202141041,’†‹–€ŒSº˜a’¬‰Í¼,637-12,,
19384-0900-19.zip,202202141041,’†‹–€ŒSº˜a’¬‰Í¼,637-13,,
19384-0900-19.zip,202202141041,’†‹–€ŒSº˜a’¬‰Í¼,638-1,,
19384-0900-19.zip,202202141041,’†‹–€ŒSº˜a’¬‰Í¼,638-2,,
19384-0900-19.zip,202202141041,’†‹–€ŒSº˜a’¬‰Í¼,638-3,,
19384-0900-19.zip,202202141041,’†‹–€ŒSº˜a’¬‰Í¼,638-4,,
19384-0900-19.zip,202202141041,’†‹–€ŒSº˜a’¬‰Í¼,638-5,,
19384-0900-19.zip,202202141041,’†‹–€ŒSº˜a’¬‰Í¼,638-8,,
19384-0900-19.zip,202202141041,’†‹–€ŒSº˜a’¬‰Í¼,638-9,,
19384-0900-19.zip,202202141041,’†‹–€ŒSº˜a’¬‰Í¼,638-10,,
19384-0900-19.zip,202202141041,’†‹–€ŒSº˜a’¬‰Í¼,638-11,,
19384-0900-19.zip,202202141041,’†‹–€ŒSº˜a’¬‰Í¼,638-12,,
19384-0900-19.zip,202202141041,’†‹–€ŒSº˜a’¬‰Í¼,638-13,,
19384-0900-19.zip,202202141041,’†‹–€ŒSº˜a’¬‰Í¼,638-14,,
19384-0900-19.zip,202202141041,’†‹–€ŒSº˜a’¬‰Í¼,638-15,,
19384-0900-19.zip,202202141041,’†‹–€ŒSº˜a’¬‰Í¼,638-16,,
19384-0900-19.zip,202202141041,’†‹–€ŒSº˜a’¬‰Í¼,639-2,,
19384-0900-19.zip,202202141041,’†‹–€ŒSº˜a’¬‰Í¼,639-3,,
19384-0900-19.zip,202202141041,’†‹–€ŒSº˜a’¬‰Í¼,639-5,,
19384-0900-19.zip,202202141041,’†‹–€ŒSº˜a’¬‰Í¼,639-6,,
19384-0900-19.zip,202202141041,’†‹–€ŒSº˜a’¬‰Í¼,639-8,,
19384-0900-19.zip,202202141041,’†‹–€ŒSº˜a’¬‰Í¼,639-9,,
19384-0900-19.zip,202202141041,’†‹–€ŒSº˜a’¬‰Í¼,639-10,,
19384-0900-19.zip,202202141041,’†‹–€ŒSº˜a’¬‰Í¼,639-11,,
19384-0900-19.zip,202202141041,’†‹–€ŒSº˜a’¬‰Í¼,639-12,,
19384-0900-19.zip,202202141041,’†‹–€ŒSº˜a’¬‰Í¼,639-13,,
19384-0900-19.zip,202202141041,’†‹–€ŒSº˜a’¬‰Í¼,639-15,,
19384-0900-19.zip,202202141041,’†‹–€ŒSº˜a’¬‰Í¼,639-16,,
19384-0900-19.zip,202202141041,’†‹–€ŒSº˜a’¬‰Í¼,639-18,,
19384-0900-19.zip,202202141041,’†‹–€ŒSº˜a’¬‰Í¼,639-19,,
19384-0900-19.zip,202202141041,’†‹–€ŒSº˜a’¬‰Í¼,639-20,,
19384-0900-19.zip,202202141041,’†‹–€ŒSº˜a’¬‰Í¼,639-21,,
19384-0900-19.zip,202202141041,’†‹–€ŒSº˜a’¬‰Í¼,639-22,,
19384-0900-19.zip,202202141041,’†‹–€ŒSº˜a’¬‰Í¼,639-23,,
19384-0900-19.zip,202202141041,’†‹–€ŒSº˜a’¬‰Í¼,639-24,,
19384-0900-19.zip,202202141041,’†‹–€ŒSº˜a’¬‰Í¼,639-25,,
19384-0900-19.zip,202202141041,’†‹–€ŒSº˜a’¬‰Í¼,639-26,,
19384-0900-19.zip,202202141041,’†‹–€ŒSº˜a’¬‰Í¼,639-27,,
19384-0900-19.zip,202202141041,’†‹–€ŒSº˜a’¬‰Í¼,662,,
19384-0900-19.zip,202202141041,’†‹–€ŒSº˜a’¬‰Í¼,663,,
19384-0900-19.zip,202202141041,’†‹–€ŒSº˜a’¬‰Í¼,675-2,,
19384-0900-19.zip,202202141041,’†‹–€ŒSº˜a’¬‰Í¼,675-3,,
19384-0900-19.zip,202202141041,’†‹–€ŒSº˜a’¬‰Í¼,681-1,,
19384-0900-19.zip,202202141041,’†‹–€ŒSº˜a’¬‰Í¼,681-4,,
19384-0900-19.zip,202202141041,’†‹–€ŒSº˜a’¬‰Í¼,681-5,,
19384-0900-19.zip,202202141041,’†‹–€ŒSº˜a’¬‰Í¼,681-6,,
19384-0900-19.zip,202202141041,’†‹–€ŒSº˜a’¬‰Í¼,681-8,,
19384-0900-19.zip,202202141041,’†‹–€ŒSº˜a’¬‰Í¼,681-9,,
19384-0900-19.zip,202202141041,’†‹–€ŒSº˜a’¬‰Í¼,681-11,,
19384-0900-19.zip,202202141041,’†‹–€ŒSº˜a’¬‰Í¼,682-1,,
19384-0900-19.zip,202202141041,’†‹–€ŒSº˜a’¬‰Í¼,682-2,,
19384-0900-19.zip,202202141041,’†‹–€ŒSº˜a’¬‰Í¼,682-4,,
19384-0900-19.zip,202202141041,’†‹–€ŒSº˜a’¬‰Í¼,682-5,,
19384-0900-19.zip,202202141041,’†‹–€ŒSº˜a’¬‰Í¼,715-3,,
19384-0900-19.zip,202202141041,’†‹–€ŒSº˜a’¬‰Í¼,719,,
19384-0900-19.zip,202202141041,’†‹–€ŒSº˜a’¬‰Í¼,720,,
19384-0900-19.zip,202202141041,’†‹–€ŒSº˜a’¬‰Í¼,721-1,,
19384-0900-19.zip,202202141041,’†‹–€ŒSº˜a’¬‰Í¼,721-2,,
19384-0900-19.zip,202202141041,’†‹–€ŒSº˜a’¬‰Í¼,722-1,,
19384-0900-19.zip,202202141041,’†‹–€ŒSº˜a’¬‰Í¼,722-3,,
19384-0900-19.zip,202202141041,’†‹–€ŒSº˜a’¬‰Í¼,731-1,,
19384-0900-19.zip,202202141041,’†‹–€ŒSº˜a’¬‰Í¼,731-3,,
19384-0900-19.zip,202202141041,’†‹–€ŒSº˜a’¬‰Í¼,731-4,,
19384-0900-19.zip,202202141041,’†‹–€ŒSº˜a’¬‰Í¼,732-1,,
19384-0900-19.zip,202202141041,’†‹–€ŒSº˜a’¬‰Í¼,732-2,,
19384-0900-19.zip,202202141041,’†‹–€ŒSº˜a’¬‰Í¼,733-1,,
19384-0900-19.zip,202202141041,’†‹–€ŒSº˜a’¬‰Í¼,733-2,,
19384-0900-19.zip,202202141041,’†‹–€ŒSº˜a’¬‰Í¼,733-3,,
19384-0900-19.zip,202202141041,’†‹–€ŒSº˜a’¬‰Í¼,733-4,,
19384-0900-19.zip,202202141041,’†‹–€ŒSº˜a’¬‰Í¼,733-5,,
19384-0900-19.zip,202202141041,’†‹–€ŒSº˜a’¬‰Í¼,733-6,,
19384-0900-19.zip,202202141041,’†‹–€ŒSº˜a’¬‰Í¼,734-1,,
19384-0900-19.zip,202202141041,’†‹–€ŒSº˜a’¬‰Í¼,734-2,,
19384-0900-19.zip,202202141041,’†‹–€ŒSº˜a’¬‰Í¼,734-3,,
19384-0900-19.zip,202202141041,’†‹–€ŒSº˜a’¬‰Í¼,734-6,,
19384-0900-19.zip,202202141041,’†‹–€ŒSº˜a’¬‰Í¼,735-1,,
19384-0900-19.zip,202202141041,’†‹–€ŒSº˜a’¬‰Í¼,735-2,,
19384-0900-19.zip,202202141041,’†‹–€ŒSº˜a’¬‰Í¼,736,,
19384-0900-19.zip,202202141041,’†‹–€ŒSº˜a’¬‰Í¼,737,,
19384-0900-19.zip,202202141041,’†‹–€ŒSº˜a’¬‰Í¼,738,,
19384-0900-19.zip,202202141041,’†‹–€ŒSº˜a’¬‰Í¼,739,,
19384-0900-19.zip,202202141041,’†‹–€ŒSº˜a’¬‰Í¼,740,,
19384-0900-19.zip,202202141041,’†‹–€ŒSº˜a’¬‰Í¼,743-1,,
19384-0900-19.zip,202202141041,’†‹–€ŒSº˜a’¬‰Í¼,743-4,,
19384-0900-19.zip,202202141041,’†‹–€ŒSº˜a’¬‰Í¼,1019-1,,
19384-0900-19.zip,202202141041,’†‹–€ŒSº˜a’¬‰Í¼,1019-14,,
19384-0900-19.zip,202202141041,’†‹–€ŒSº˜a’¬‰Í¼,1022-5,,
19384-0900-19.zip,202202141041,’†‹–€ŒSº˜a’¬‰Í¼,1022-6,,
19384-0900-19.zip,202202141041,’†‹–€ŒSº˜a’¬‰Í¼,1023-3,,
19384-0900-19.zip,202202141041,’†‹–€ŒSº˜a’¬‰Í¼,1023-4,,
19384-0900-19.zip,202202141041,’†‹–€ŒSº˜a’¬‰Í¼,1023-5,,
19384-0900-19.zip,202202141041,’†‹–€ŒSº˜a’¬‰Í¼,1023-6,,
19384-0900-19.zip,202202141041,’†‹–€ŒSº˜a’¬‰Í¼,1023-11,,
19384-0900-19.zip,202202141041,’†‹–€ŒSº˜a’¬‰Í¼,1023-14,,
19384-0900-19.zip,202202141041,’†‹–€ŒSº˜a’¬‰Í¼,1023-15,,
19384-0900-19.zip,202202141041,’†‹–€ŒSº˜a’¬‰Í¼,1023-16,,
19384-0900-19.zip,202202141041,’†‹–€ŒSº˜a’¬‰Í¼,1023-17,,
19384-0900-19.zip,202202141041,’†‹–€ŒSº˜a’¬‰Í¼,1023-18,,
19384-0900-19.zip,202202141041,’†‹–€ŒSº˜a’¬‰Í¼,1023-19,,
19384-0900-19.zip,202202141041,’†‹–€ŒSº˜a’¬‰Í¼,1023-20,,
19384-0900-19.zip,202202141041,’†‹–€ŒSº˜a’¬‰Í¼,1023-21,,
19384-0900-19.zip,202202141041,’†‹–€ŒSº˜a’¬‰Í¼,1023-22,,
19384-0900-19.zip,202202141041,’†‹–€ŒSº˜a’¬‰Í¼,1023-23,,
19384-0900-19.zip,202202141041,’†‹–€ŒSº˜a’¬‰Í¼,1026-1,,
19384-0900-19.zip,202202141041,’†‹–€ŒSº˜a’¬‰Í¼,1026-2,,
19384-0900-19.zip,202202141041,’†‹–€ŒSº˜a’¬‰Í¼,1026-3,,
19384-0900-19.zip,202202141041,’†‹–€ŒSº˜a’¬‰Í¼,1027-1,,
19384-0900-19.zip,202202141041,’†‹–€ŒSº˜a’¬‰Í¼,1027-2,,
19384-0900-19.zip,202202141041,’†‹–€ŒSº˜a’¬‰Í¼,1027-3,,
19384-0900-19.zip,202202141041,’†‹–€ŒSº˜a’¬‰Í¼,1028-1,,
19384-0900-19.zip,202202141041,’†‹–€ŒSº˜a’¬‰Í¼,1029-1,,
19384-0900-19.zip,202202141041,’†‹–€ŒSº˜a’¬‰Í¼,1030-5,,
19384-0900-19.zip,202202141041,’†‹–€ŒSº˜a’¬‰Í¼,1031-1,,
19384-0900-19.zip,202202141041,’†‹–€ŒSº˜a’¬‰Í¼,1031-3,,
19384-0900-19.zip,202202141041,’†‹–€ŒSº˜a’¬‰Í¼,1031-5,,
19384-0900-19.zip,202202141041,’†‹–€ŒSº˜a’¬‰Í¼,1031-6,,
19384-0900-19.zip,202202141041,’†‹–€ŒSº˜a’¬‰Í¼,1033-1,,
19384-0900-19.zip,202202141041,’†‹–€ŒSº˜a’¬‰Í¼,1033-6,,
19384-0900-19.zip,202202141041,’†‹–€ŒSº˜a’¬‰Í¼,1033-7,,
19384-0900-19.zip,202202141041,’†‹–€ŒSº˜a’¬‰Í¼,1033-8,,
19384-0900-19.zip,202202141041,’†‹–€ŒSº˜a’¬‰Í¼,1033-9,,
19384-0900-19.zip,202202141041,’†‹–€ŒSº˜a’¬‰Í¼,1033-10,,
19384-0900-19.zip,202202141041,’†‹–€ŒSº˜a’¬‰Í¼,1033-11,,
19384-0900-19.zip,202202141041,’†‹–€ŒSº˜a’¬‰Í¼,1033-12,,
19384-0900-19.zip,202202141041,’†‹–€ŒSº˜a’¬‰Í¼,1033-13,,
19384-0900-19.zip,202202141041,’†‹–€ŒSº˜a’¬‰Í¼,1033-14,,
19384-0900-19.zip,202202141041,’†‹–€ŒSº˜a’¬‰Í¼,1033-15,,
19384-0900-19.zip,202202141041,’†‹–€ŒSº˜a’¬‰Í¼,1033-16,,
19384-0900-19.zip,202202141041,’†‹–€ŒSº˜a’¬‰Í¼,1033-17,,
19384-0900-19.zip,202202141041,’†‹–€ŒSº˜a’¬‰Í¼,1033-18,,
19384-0900-19.zip,202202141041,’†‹–€ŒSº˜a’¬‰Í¼,1034-2,,
19384-0900-19.zip,202202141041,’†‹–€ŒSº˜a’¬‰Í¼,1034-4,,
19384-0900-19.zip,202202141041,’†‹–€ŒSº˜a’¬‰Í¼,1038-3,,
19384-0900-19.zip,202202141041,’†‹–€ŒSº˜a’¬‰Í¼,1038-6,,
19384-0900-19.zip,202202141041,’†‹–€ŒSº˜a’¬‰Í¼,1038-7,,
19384-0900-19.zip,202202141041,’†‹–€ŒSº˜a’¬‰Í¼,1038-10,,
19384-0900-19.zip,202202141041,’†‹–€ŒSº˜a’¬‰Í¼,1038-11,,
19384-0900-19.zip,202202141041,’†‹–€ŒSº˜a’¬‰Í¼,1042-1,,
19384-0900-19.zip,202202141041,’†‹–€ŒSº˜a’¬‰Í¼,1043,,
19384-0900-19.zip,202202141041,’†‹–€ŒSº˜a’¬‰Í¼,1047-1,,
19384-0900-19.zip,202202141041,’†‹–€ŒSº˜a’¬‰Í¼,–³’n”Ô-44,,
19384-0900-19.zip,202202141041,’†‹–€ŒSº˜a’¬‰Í¼,–³’n”Ô-45,,
19384-0900-19.zip,202202141041,’†‹–€ŒSº˜a’¬‰Í¼,“¹-3,,
19384-0900-19.zip,202202141041,’†‹–€ŒSº˜a’¬‰Í¼,“¹-11,,
19384-0900-19.zip,202202141041,’†‹–€ŒSº˜a’¬‰Í¼,“¹-13,,
19384-0900-19.zip,202202141041,’†‹–€ŒSº˜a’¬‰Í¼,“¹-15,,
19384-0900-19.zip,202202141041,’†‹–€ŒSº˜a’¬‰Í¼,“¹-17,,
19384-0900-19.zip,202202141041,’†‹–€ŒSº˜a’¬‰Í¼,“¹-19,,
19384-0900-19.zip,202202141041,’†‹–€ŒSº˜a’¬‰Í¼,“¹-21,,
19384-0900-19.zip,202202141041,’†‹–€ŒSº˜a’¬‰Í¼,“¹-659,,
19384-0900-19.zip,202202141041,’†‹–€ŒSº˜a’¬‰Í¼,“¹-676,,
19384-0900-19.zip,202202141041,’†‹–€ŒSº˜a’¬‰Í¼,“¹-679,,
19384-0900-19.zip,202202141041,’†‹–€ŒSº˜a’¬‰Í¼,“¹-682,,
19384-0900-19.zip,202202141041,’†‹–€ŒSº˜a’¬‰Í¼,“¹-684,,
19384-0900-19.zip,202202141041,’†‹–€ŒSº˜a’¬‰Í¼,“¹-688,,
19384-0900-19.zip,202202141041,’†‹–€ŒSº˜a’¬‰Í¼,…-31,,
19384-0900-19.zip,202202141041,’†‹–€ŒSº˜a’¬‰Í¼,…-860,,
19384-0900-19.zip,202202141041,’†‹–€ŒSº˜a’¬‰Í¼,500-18,,
19384-0900-19.zip,202202141041,’†‹–€ŒSº˜a’¬‰Í¼,500-19,,
19384-0900-19.zip,202202141041,’†‹–€ŒSº˜a’¬‰Í¼,500-20,,
19384-0900-19.zip,202202141041,’†‹–€ŒSº˜a’¬‰Í¼,530-12,,
19384-0900-19.zip,202202141041,’†‹–€ŒSº˜a’¬‰Í¼,530-13,,
19384-0900-19.zip,202202141041,’†‹–€ŒSº˜a’¬‰Í¼,“¹-678,,
19384-0900-19.zip,202202141041,’†‹–€ŒSº˜a’¬‰Í¼,“¹-681,,
19384-0900-19.zip,202202141041,’†‹–€ŒSº˜a’¬‰Í¼,744,,
19384-0900-19.zip,202202141041,’†‹–€ŒSº˜a’¬‰Í¼,745-3,,
19384-0900-19.zip,202202141041,’†‹–€ŒSº˜a’¬‰Í¼,746-1,,
19384-0900-19.zip,202202141041,’†‹–€ŒSº˜a’¬‰Í¼,746-2,,
19384-0900-19.zip,202202141041,’†‹–€ŒSº˜a’¬‰Í¼,748,,
19384-0900-19.zip,202202141041,’†‹–€ŒSº˜a’¬‰Í¼,750-1,,
19384-0900-19.zip,202202141041,’†‹–€ŒSº˜a’¬‰Í¼,751,,
19384-0900-19.zip,202202141041,’†‹–€ŒSº˜a’¬‰Í¼,752,,
19384-0900-19.zip,202202141041,’†‹–€ŒSº˜a’¬‰Í¼,754-2,,
19384-0900-19.zip,202202141041,’†‹–€ŒSº˜a’¬‰Í¼,757-2,,
19384-0900-19.zip,202202141041,’†‹–€ŒSº˜a’¬‰Í¼,758-2,,
19384-0900-19.zip,202202141041,’†‹–€ŒSº˜a’¬‰Í¼,759,,
19384-0900-19.zip,202202141041,’†‹–€ŒSº˜a’¬‰Í¼,759-2,,
19384-0900-19.zip,202202141041,’†‹–€ŒSº˜a’¬‰Í¼,761,,
19384-0900-19.zip,202202141041,’†‹–€ŒSº˜a’¬‰Í¼,762-1,,
19384-0900-19.zip,202202141041,’†‹–€ŒSº˜a’¬‰Í¼,762-2,,
19384-0900-19.zip,202202141041,’†‹–€ŒSº˜a’¬‰Í¼,763-1,,
19384-0900-19.zip,202202141041,’†‹–€ŒSº˜a’¬‰Í¼,763-2,,
19384-0900-19.zip,202202141041,’†‹–€ŒSº˜a’¬‰Í¼,774,,
19384-0900-19.zip,202202141041,’†‹–€ŒSº˜a’¬‰Í¼,776-1,,
19384-0900-19.zip,202202141041,’†‹–€ŒSº˜a’¬‰Í¼,777-1,,
19384-0900-19.zip,202202141041,’†‹–€ŒSº˜a’¬‰Í¼,777-2,,
19384-0900-19.zip,202202141041,’†‹–€ŒSº˜a’¬‰Í¼,777-3,,
19384-0900-19.zip,202202141041,’†‹–€ŒSº˜a’¬‰Í¼,777-4,,
19384-0900-19.zip,202202141041,’†‹–€ŒSº˜a’¬‰Í¼,778-1,,
19384-0900-19.zip,202202141041,’†‹–€ŒSº˜a’¬‰Í¼,778-2,,
19384-0900-19.zip,202202141041,’†‹–€ŒSº˜a’¬‰Í¼,778-3,,
19384-0900-19.zip,202202141041,’†‹–€ŒSº˜a’¬‰Í¼,837,,
19384-0900-19.zip,202202141041,’†‹–€ŒSº˜a’¬‰Í¼,838-1,,
19384-0900-19.zip,202202141041,’†‹–€ŒSº˜a’¬‰Í¼,838-2,,
19384-0900-19.zip,202202141041,’†‹–€ŒSº˜a’¬‰Í¼,839,,
19384-0900-19.zip,202202141041,’†‹–€ŒSº˜a’¬‰Í¼,840-2,,
19384-0900-19.zip,202202141041,’†‹–€ŒSº˜a’¬‰Í¼,841,,
19384-0900-19.zip,202202141041,’†‹–€ŒSº˜a’¬‰Í¼,841-2,,
19384-0900-19.zip,202202141041,’†‹–€ŒSº˜a’¬‰Í¼,841-3,,
19384-0900-19.zip,202202141041,’†‹–€ŒSº˜a’¬‰Í¼,850,,
19384-0900-19.zip,202202141041,’†‹–€ŒSº˜a’¬‰Í¼,851,,
19384-0900-19.zip,202202141041,’†‹–€ŒSº˜a’¬‰Í¼,852,,
19384-0900-19.zip,202202141041,’†‹–€ŒSº˜a’¬‰Í¼,853-1,,
19384-0900-19.zip,202202141041,’†‹–€ŒSº˜a’¬‰Í¼,854-1,,
19384-0900-19.zip,202202141041,’†‹–€ŒSº˜a’¬‰Í¼,857-1,,
19384-0900-19.zip,202202141041,’†‹–€ŒSº˜a’¬‰Í¼,857-3,,
19384-0900-19.zip,202202141041,’†‹–€ŒSº˜a’¬‰Í¼,857-7,,
19384-0900-19.zip,202202141041,’†‹–€ŒSº˜a’¬‰Í¼,857-10,,
19384-0900-19.zip,202202141041,’†‹–€ŒSº˜a’¬‰Í¼,857-11,,
19384-0900-19.zip,202202141041,’†‹–€ŒSº˜a’¬‰Í¼,858-1,,
19384-0900-19.zip,202202141041,’†‹–€ŒSº˜a’¬‰Í¼,859-2,,
19384-0900-19.zip,202202141041,’†‹–€ŒSº˜a’¬‰Í¼,859-3,,
19384-0900-19.zip,202202141041,’†‹–€ŒSº˜a’¬‰Í¼,860-1,,
19384-0900-19.zip,202202141041,’†‹–€ŒSº˜a’¬‰Í¼,860-2,,
19384-0900-19.zip,202202141041,’†‹–€ŒSº˜a’¬‰Í¼,860-3,,
19384-0900-19.zip,202202141041,’†‹–€ŒSº˜a’¬‰Í¼,860-4,,
19384-0900-19.zip,202202141041,’†‹–€ŒSº˜a’¬‰Í¼,860-5,,
19384-0900-19.zip,202202141041,’†‹–€ŒSº˜a’¬‰Í¼,860-6,,
19384-0900-19.zip,202202141041,’†‹–€ŒSº˜a’¬‰Í¼,863,,
19384-0900-19.zip,202202141041,’†‹–€ŒSº˜a’¬‰Í¼,870-3,,
19384-0900-19.zip,202202141041,’†‹–€ŒSº˜a’¬‰Í¼,870-4,,
19384-0900-19.zip,202202141041,’†‹–€ŒSº˜a’¬‰Í¼,877-4,,
19384-0900-19.zip,202202141041,’†‹–€ŒSº˜a’¬‰Í¼,878,,
19384-0900-19.zip,202202141041,’†‹–€ŒSº˜a’¬‰Í¼,880-1,,
19384-0900-19.zip,202202141041,’†‹–€ŒSº˜a’¬‰Í¼,880-2,,
19384-0900-19.zip,202202141041,’†‹–€ŒSº˜a’¬‰Í¼,881-1,,
19384-0900-19.zip,202202141041,’†‹–€ŒSº˜a’¬‰Í¼,881-2,,
19384-0900-19.zip,202202141041,’†‹–€ŒSº˜a’¬‰Í¼,913-3,,
19384-0900-19.zip,202202141041,’†‹–€ŒSº˜a’¬‰Í¼,914,,
19384-0900-19.zip,202202141041,’†‹–€ŒSº˜a’¬‰Í¼,915,,
19384-0900-19.zip,202202141041,’†‹–€ŒSº˜a’¬‰Í¼,916-1,,
19384-0900-19.zip,202202141041,’†‹–€ŒSº˜a’¬‰Í¼,916-2,,
19384-0900-19.zip,202202141041,’†‹–€ŒSº˜a’¬‰Í¼,921,,
19384-0900-19.zip,202202141041,’†‹–€ŒSº˜a’¬‰Í¼,923,,
19384-0900-19.zip,202202141041,’†‹–€ŒSº˜a’¬‰Í¼,923-2,,
19384-0900-19.zip,202202141041,’†‹–€ŒSº˜a’¬‰Í¼,924,,
19384-0900-19.zip,202202141041,’†‹–€ŒSº˜a’¬‰Í¼,926,,
19384-0900-19.zip,202202141041,’†‹–€ŒSº˜a’¬‰Í¼,928,,
19384-0900-19.zip,202202141041,’†‹–€ŒSº˜a’¬‰Í¼,929,,
19384-0900-19.zip,202202141041,’†‹–€ŒSº˜a’¬‰Í¼,933,,
19384-0900-19.zip,202202141041,’†‹–€ŒSº˜a’¬‰Í¼,934-1,,
19384-0900-19.zip,202202141041,’†‹–€ŒSº˜a’¬‰Í¼,934-2,,
19384-0900-19.zip,202202141041,’†‹–€ŒSº˜a’¬‰Í¼,935-1,,
19384-0900-19.zip,202202141041,’†‹–€ŒSº˜a’¬‰Í¼,935-2,,
19384-0900-19.zip,202202141041,’†‹–€ŒSº˜a’¬‰Í¼,935-3,,
19384-0900-19.zip,202202141041,’†‹–€ŒSº˜a’¬‰Í¼,936-1,,
19384-0900-19.zip,202202141041,’†‹–€ŒSº˜a’¬‰Í¼,936-2,,
19384-0900-19.zip,202202141041,’†‹–€ŒSº˜a’¬‰Í¼,936-4,,
19384-0900-19.zip,202202141041,’†‹–€ŒSº˜a’¬‰Í¼,937-2,,
19384-0900-19.zip,202202141041,’†‹–€ŒSº˜a’¬‰Í¼,938-1,,
19384-0900-19.zip,202202141041,’†‹–€ŒSº˜a’¬‰Í¼,938-3,,
19384-0900-19.zip,202202141041,’†‹–€ŒSº˜a’¬‰Í¼,938-4,,
19384-0900-19.zip,202202141041,’†‹–€ŒSº˜a’¬‰Í¼,939-1,,
19384-0900-19.zip,202202141041,’†‹–€ŒSº˜a’¬‰Í¼,939-2,,
19384-0900-19.zip,202202141041,’†‹–€ŒSº˜a’¬‰Í¼,940-1,,
19384-0900-19.zip,202202141041,’†‹–€ŒSº˜a’¬‰Í¼,940-2,,
19384-0900-19.zip,202202141041,’†‹–€ŒSº˜a’¬‰Í¼,942-1,,
19384-0900-19.zip,202202141041,’†‹–€ŒSº˜a’¬‰Í¼,942-2,,
19384-0900-19.zip,202202141041,’†‹–€ŒSº˜a’¬‰Í¼,943-1,,
19384-0900-19.zip,202202141041,’†‹–€ŒSº˜a’¬‰Í¼,944-1,,
19384-0900-19.zip,202202141041,’†‹–€ŒSº˜a’¬‰Í¼,944-2,,
19384-0900-19.zip,202202141041,’†‹–€ŒSº˜a’¬‰Í¼,944-3,,
19384-0900-19.zip,202202141041,’†‹–€ŒSº˜a’¬‰Í¼,944-4,,
19384-0900-19.zip,202202141041,’†‹–€ŒSº˜a’¬‰Í¼,944-5,,
19384-0900-19.zip,202202141041,’†‹–€ŒSº˜a’¬‰Í¼,944-6,,
19384-0900-19.zip,202202141041,’†‹–€ŒSº˜a’¬‰Í¼,944-7,,
19384-0900-19.zip,202202141041,’†‹–€ŒSº˜a’¬‰Í¼,944-8,,
19384-0900-19.zip,202202141041,’†‹–€ŒSº˜a’¬‰Í¼,944-9,,
19384-0900-19.zip,202202141041,’†‹–€ŒSº˜a’¬‰Í¼,945-2,,
19384-0900-19.zip,202202141041,’†‹–€ŒSº˜a’¬‰Í¼,946-1,,
19384-0900-19.zip,202202141041,’†‹–€ŒSº˜a’¬‰Í¼,946-3,,
19384-0900-19.zip,202202141041,’†‹–€ŒSº˜a’¬‰Í¼,946-4,,
19384-0900-19.zip,202202141041,’†‹–€ŒSº˜a’¬‰Í¼,“¹-649,,
19384-0900-19.zip,202202141041,’†‹–€ŒSº˜a’¬‰Í¼,“¹-666,,
19384-0900-19.zip,202202141041,’†‹–€ŒSº˜a’¬‰Í¼,“¹-670,,
19384-0900-19.zip,202202141041,’†‹–€ŒSº˜a’¬‰Í¼,“¹-673,,
19384-0900-19.zip,202202141041,’†‹–€ŒSº˜a’¬‰Í¼,“¹-675,,
19384-0900-19.zip,202202141041,’†‹–€ŒSº˜a’¬‰Í¼,“¹-686,,
19384-0900-19.zip,202202141041,’†‹–€ŒSº˜a’¬‰Í¼,…-7,,
19384-0900-19.zip,202202141041,’†‹–€ŒSº˜a’¬‰Í¼,–³’n”Ô-6,,
19384-0900-19.zip,202202141041,’†‹–€ŒSº˜a’¬‰Í¼,–³’n”Ô-47,,
19384-0900-19.zip,202202141041,’†‹–€ŒSº˜a’¬‰Í¼,’·‹·•¨•s–¾-318,,
19384-0900-19.zip,202202141041,’†‹–€ŒSº˜a’¬‰Í¼,1048-1,,
19384-0900-19.zip,202202141041,’†‹–€ŒSº˜a’¬‰Í¼,1048-2,,
19384-0900-19.zip,202202141041,’†‹–€ŒSº˜a’¬‰Í¼,1048-3,,
19384-0900-19.zip,202202141041,’†‹–€ŒSº˜a’¬‰Í¼,1048-4,,
19384-0900-19.zip,202202141041,’†‹–€ŒSº˜a’¬‰Í¼,1048-5,,
19384-0900-19.zip,202202141041,’†‹–€ŒSº˜a’¬‰Í¼,1048-6,,
19384-0900-19.zip,202202141041,’†‹–€ŒSº˜a’¬‰Í¼,1048-7,,
19384-0900-19.zip,202202141041,’†‹–€ŒSº˜a’¬‰Í¼,1048-8,,
19384-0900-19.zip,202202141041,’†‹–€ŒSº˜a’¬‰Í¼,1048-9,,
19384-0900-19.zip,202202141041,’†‹–€ŒSº˜a’¬‰Í¼,1049-1,,
19384-0900-19.zip,202202141041,’†‹–€ŒSº˜a’¬‰Í¼,1049-2,,
19384-0900-19.zip,202202141041,’†‹–€ŒSº˜a’¬‰Í¼,1049-4,,
19384-0900-19.zip,202202141041,’†‹–€ŒSº˜a’¬‰Í¼,1049-5,,
19384-0900-19.zip,202202141041,’†‹–€ŒSº˜a’¬‰Í¼,1049-7,,
19384-0900-19.zip,202202141041,’†‹–€ŒSº˜a’¬‰Í¼,1049-8,,
19384-0900-19.zip,202202141041,’†‹–€ŒSº˜a’¬‰Í¼,1049-9,,
19384-0900-19.zip,202202141041,’†‹–€ŒSº˜a’¬‰Í¼,1049-10,,
19384-0900-19.zip,202202141041,’†‹–€ŒSº˜a’¬‰Í¼,1049-11,,
19384-0900-19.zip,202202141041,’†‹–€ŒSº˜a’¬‰Í¼,1049-12,,
19384-0900-19.zip,202202141041,’†‹–€ŒSº˜a’¬‰Í¼,1049-13,,
19384-0900-19.zip,202202141041,’†‹–€ŒSº˜a’¬‰Í¼,1049-15,,
19384-0900-19.zip,202202141041,’†‹–€ŒSº˜a’¬‰Í¼,1049-18,,
19384-0900-19.zip,202202141041,’†‹–€ŒSº˜a’¬‰Í¼,1049-19,,
19384-0900-19.zip,202202141041,’†‹–€ŒSº˜a’¬‰Í¼,1049-21,,
19384-0900-19.zip,202202141041,’†‹–€ŒSº˜a’¬‰Í¼,1049-22,,
19384-0900-19.zip,202202141041,’†‹–€ŒSº˜a’¬‰Í¼,1049-23,,
19384-0900-19.zip,202202141041,’†‹–€ŒSº˜a’¬‰Í¼,1049-24,,
19384-0900-19.zip,202202141041,’†‹–€ŒSº˜a’¬‰Í¼,1049-25,,
19384-0900-19.zip,202202141041,’†‹–€ŒSº˜a’¬‰Í¼,1049-26,,
19384-0900-19.zip,202202141041,’†‹–€ŒSº˜a’¬‰Í¼,1049-27,,
19384-0900-19.zip,202202141041,’†‹–€ŒSº˜a’¬‰Í¼,1049-28,,
19384-0900-19.zip,202202141041,’†‹–€ŒSº˜a’¬‰Í¼,1051-1,,
19384-0900-19.zip,202202141041,’†‹–€ŒSº˜a’¬‰Í¼,1051-2,,
19384-0900-19.zip,202202141041,’†‹–€ŒSº˜a’¬‰Í¼,1051-3,,
19384-0900-19.zip,202202141041,’†‹–€ŒSº˜a’¬‰Í¼,1051-4,,
19384-0900-19.zip,202202141041,’†‹–€ŒSº˜a’¬‰Í¼,1051-5,,
19384-0900-19.zip,202202141041,’†‹–€ŒSº˜a’¬‰Í¼,1052-2,,
19384-0900-19.zip,202202141041,’†‹–€ŒSº˜a’¬‰Í¼,1053-1,,
19384-0900-19.zip,202202141041,’†‹–€ŒSº˜a’¬‰Í¼,1053-2,,
19384-0900-19.zip,202202141041,’†‹–€ŒSº˜a’¬‰Í¼,1053-3,,
19384-0900-19.zip,202202141041,’†‹–€ŒSº˜a’¬‰Í¼,1053-4,,
19384-0900-19.zip,202202141041,’†‹–€ŒSº˜a’¬‰Í¼,1053-5,,
19384-0900-19.zip,202202141041,’†‹–€ŒSº˜a’¬‰Í¼,1053-6,,
19384-0900-19.zip,202202141041,’†‹–€ŒSº˜a’¬‰Í¼,1054-1,,
19384-0900-19.zip,202202141041,’†‹–€ŒSº˜a’¬‰Í¼,1054-2,,
19384-0900-19.zip,202202141041,’†‹–€ŒSº˜a’¬‰Í¼,1054-5,,
19384-0900-19.zip,202202141041,’†‹–€ŒSº˜a’¬‰Í¼,1054-7,,
19384-0900-19.zip,202202141041,’†‹–€ŒSº˜a’¬‰Í¼,1054-8,,
19384-0900-19.zip,202202141041,’†‹–€ŒSº˜a’¬‰Í¼,1054-9,,
19384-0900-19.zip,202202141041,’†‹–€ŒSº˜a’¬‰Í¼,1054-10,,
19384-0900-19.zip,202202141041,’†‹–€ŒSº˜a’¬‰Í¼,1054-11,,
19384-0900-19.zip,202202141041,’†‹–€ŒSº˜a’¬‰Í¼,1054-12,,
19384-0900-19.zip,202202141041,’†‹–€ŒSº˜a’¬‰Í¼,1054-13,,
19384-0900-19.zip,202202141041,’†‹–€ŒSº˜a’¬‰Í¼,1055-2,,
19384-0900-19.zip,202202141041,’†‹–€ŒSº˜a’¬‰Í¼,1055-3,,
19384-0900-19.zip,202202141041,’†‹–€ŒSº˜a’¬‰Í¼,1056-1,,
19384-0900-19.zip,202202141041,’†‹–€ŒSº˜a’¬‰Í¼,1056-2,,
19384-0900-19.zip,202202141041,’†‹–€ŒSº˜a’¬‰Í¼,1056-5,,
19384-0900-19.zip,202202141041,’†‹–€ŒSº˜a’¬‰Í¼,1056-6,,
19384-0900-19.zip,202202141041,’†‹–€ŒSº˜a’¬‰Í¼,1057,,
19384-0900-19.zip,202202141041,’†‹–€ŒSº˜a’¬‰Í¼,1057-2,,
19384-0900-19.zip,202202141041,’†‹–€ŒSº˜a’¬‰Í¼,1057-3,,
19384-0900-19.zip,202202141041,’†‹–€ŒSº˜a’¬‰Í¼,1058-1,,
19384-0900-19.zip,202202141041,’†‹–€ŒSº˜a’¬‰Í¼,1058-2,,
19384-0900-19.zip,202202141041,’†‹–€ŒSº˜a’¬‰Í¼,1058-3,,
19384-0900-19.zip,202202141041,’†‹–€ŒSº˜a’¬‰Í¼,1058-7,,
19384-0900-19.zip,202202141041,’†‹–€ŒSº˜a’¬‰Í¼,1058-8,,
19384-0900-19.zip,202202141041,’†‹–€ŒSº˜a’¬‰Í¼,1060,,
19384-0900-19.zip,202202141041,’†‹–€ŒSº˜a’¬‰Í¼,1060-2,,
19384-0900-19.zip,202202141041,’†‹–€ŒSº˜a’¬‰Í¼,1060-3,,
19384-0900-19.zip,202202141041,’†‹–€ŒSº˜a’¬‰Í¼,1061-1,,
19384-0900-19.zip,202202141041,’†‹–€ŒSº˜a’¬‰Í¼,1061-2,,
19384-0900-19.zip,202202141041,’†‹–€ŒSº˜a’¬‰Í¼,1061-3,,
19384-0900-19.zip,202202141041,’†‹–€ŒSº˜a’¬‰Í¼,1061-4,,
19384-0900-19.zip,202202141041,’†‹–€ŒSº˜a’¬‰Í¼,1061-5,,
19384-0900-19.zip,202202141041,’†‹–€ŒSº˜a’¬‰Í¼,1063-1,,
19384-0900-19.zip,202202141041,’†‹–€ŒSº˜a’¬‰Í¼,1063-3,,
19384-0900-19.zip,202202141041,’†‹–€ŒSº˜a’¬‰Í¼,1063-4,,
19384-0900-19.zip,202202141041,’†‹–€ŒSº˜a’¬‰Í¼,1063-5,,
19384-0900-19.zip,202202141041,’†‹–€ŒSº˜a’¬‰Í¼,1063-8,,
19384-0900-19.zip,202202141041,’†‹–€ŒSº˜a’¬‰Í¼,1063-9,,
19384-0900-19.zip,202202141041,’†‹–€ŒSº˜a’¬‰Í¼,1065-2,,
19384-0900-19.zip,202202141041,’†‹–€ŒSº˜a’¬‰Í¼,1066,,
19384-0900-19.zip,202202141041,’†‹–€ŒSº˜a’¬‰Í¼,1068-1,,
19384-0900-19.zip,202202141041,’†‹–€ŒSº˜a’¬‰Í¼,1068-3,,
19384-0900-19.zip,202202141041,’†‹–€ŒSº˜a’¬‰Í¼,1070-1,,
19384-0900-19.zip,202202141041,’†‹–€ŒSº˜a’¬‰Í¼,1070-2,,
19384-0900-19.zip,202202141041,’†‹–€ŒSº˜a’¬‰Í¼,1070-3,,
19384-0900-19.zip,202202141041,’†‹–€ŒSº˜a’¬‰Í¼,1070-4,,
19384-0900-19.zip,202202141041,’†‹–€ŒSº˜a’¬‰Í¼,1070-7,,
19384-0900-19.zip,202202141041,’†‹–€ŒSº˜a’¬‰Í¼,1070-8,,
19384-0900-19.zip,202202141041,’†‹–€ŒSº˜a’¬‰Í¼,1073-1,,
19384-0900-19.zip,202202141041,’†‹–€ŒSº˜a’¬‰Í¼,1104-1,,
19384-0900-19.zip,202202141041,’†‹–€ŒSº˜a’¬‰Í¼,1104-2,,
19384-0900-19.zip,202202141041,’†‹–€ŒSº˜a’¬‰Í¼,1104-3,,
19384-0900-19.zip,202202141041,’†‹–€ŒSº˜a’¬‰Í¼,1104-4,,
19384-0900-19.zip,202202141041,’†‹–€ŒSº˜a’¬‰Í¼,1104-5,,
19384-0900-19.zip,202202141041,’†‹–€ŒSº˜a’¬‰Í¼,1107,,
19384-0900-19.zip,202202141041,’†‹–€ŒSº˜a’¬‰Í¼,1107-2,,
19384-0900-19.zip,202202141041,’†‹–€ŒSº˜a’¬‰Í¼,1108-1,,
19384-0900-19.zip,202202141041,’†‹–€ŒSº˜a’¬‰Í¼,1109,,
19384-0900-19.zip,202202141041,’†‹–€ŒSº˜a’¬‰Í¼,1109-2,,
19384-0900-19.zip,202202141041,’†‹–€ŒSº˜a’¬‰Í¼,1110-1,,
19384-0900-19.zip,202202141041,’†‹–€ŒSº˜a’¬‰Í¼,1110-2,,
19384-0900-19.zip,202202141041,’†‹–€ŒSº˜a’¬‰Í¼,1111,,
19384-0900-19.zip,202202141041,’†‹–€ŒSº˜a’¬‰Í¼,1111-2,,
19384-0900-19.zip,202202141041,’†‹–€ŒSº˜a’¬‰Í¼,1112-1,,
19384-0900-19.zip,202202141041,’†‹–€ŒSº˜a’¬‰Í¼,1112-2,,
19384-0900-19.zip,202202141041,’†‹–€ŒSº˜a’¬‰Í¼,1112-3,,
19384-0900-19.zip,202202141041,’†‹–€ŒSº˜a’¬‰Í¼,1112-4,,
19384-0900-19.zip,202202141041,’†‹–€ŒSº˜a’¬‰Í¼,1112-5,,
19384-0900-19.zip,202202141041,’†‹–€ŒSº˜a’¬‰Í¼,1112-6,,
19384-0900-19.zip,202202141041,’†‹–€ŒSº˜a’¬‰Í¼,1112-7,,
19384-0900-19.zip,202202141041,’†‹–€ŒSº˜a’¬‰Í¼,1112-8,,
19384-0900-19.zip,202202141041,’†‹–€ŒSº˜a’¬‰Í¼,1112-11,,
19384-0900-19.zip,202202141041,’†‹–€ŒSº˜a’¬‰Í¼,1112-12,,
19384-0900-19.zip,202202141041,’†‹–€ŒSº˜a’¬‰Í¼,1112-13,,
19384-0900-19.zip,202202141041,’†‹–€ŒSº˜a’¬‰Í¼,1112-14,,
19384-0900-19.zip,202202141041,’†‹–€ŒSº˜a’¬‰Í¼,1113-2,,
19384-0900-19.zip,202202141041,’†‹–€ŒSº˜a’¬‰Í¼,1114-2,,
19384-0900-19.zip,202202141041,’†‹–€ŒSº˜a’¬‰Í¼,1114-3,,
19384-0900-19.zip,202202141041,’†‹–€ŒSº˜a’¬‰Í¼,1114-4,,
19384-0900-19.zip,202202141041,’†‹–€ŒSº˜a’¬‰Í¼,1150-2,,
19384-0900-19.zip,202202141041,’†‹–€ŒSº˜a’¬‰Í¼,1151-1,,
19384-0900-19.zip,202202141041,’†‹–€ŒSº˜a’¬‰Í¼,1151-3,,
19384-0900-19.zip,202202141041,’†‹–€ŒSº˜a’¬‰Í¼,1151-4,,
19384-0900-19.zip,202202141041,’†‹–€ŒSº˜a’¬‰Í¼,1151-5,,
19384-0900-19.zip,202202141041,’†‹–€ŒSº˜a’¬‰Í¼,1151-7,,
19384-0900-19.zip,202202141041,’†‹–€ŒSº˜a’¬‰Í¼,1153-1,,
19384-0900-19.zip,202202141041,’†‹–€ŒSº˜a’¬‰Í¼,1153-2,,
19384-0900-19.zip,202202141041,’†‹–€ŒSº˜a’¬‰Í¼,1153-3,,
19384-0900-19.zip,202202141041,’†‹–€ŒSº˜a’¬‰Í¼,1154,,
19384-0900-19.zip,202202141041,’†‹–€ŒSº˜a’¬‰Í¼,1156-1,,
19384-0900-19.zip,202202141041,’†‹–€ŒSº˜a’¬‰Í¼,1157-2,,
19384-0900-19.zip,202202141041,’†‹–€ŒSº˜a’¬‰Í¼,1158,,
19384-0900-19.zip,202202141041,’†‹–€ŒSº˜a’¬‰Í¼,1159,,
19384-0900-19.zip,202202141041,’†‹–€ŒSº˜a’¬‰Í¼,1160,,
19384-0900-19.zip,202202141041,’†‹–€ŒSº˜a’¬‰Í¼,1161-1,,
19384-0900-19.zip,202202141041,’†‹–€ŒSº˜a’¬‰Í¼,1161-2,,
19384-0900-19.zip,202202141041,’†‹–€ŒSº˜a’¬‰Í¼,1162-1,,
19384-0900-19.zip,202202141041,’†‹–€ŒSº˜a’¬‰Í¼,1162-4,,
19384-0900-19.zip,202202141041,’†‹–€ŒSº˜a’¬‰Í¼,1164-1,,
19384-0900-19.zip,202202141041,’†‹–€ŒSº˜a’¬‰Í¼,1164-2,,
19384-0900-19.zip,202202141041,’†‹–€ŒSº˜a’¬‰Í¼,1164-5,,
19384-0900-19.zip,202202141041,’†‹–€ŒSº˜a’¬‰Í¼,1165-1,,
19384-0900-19.zip,202202141041,’†‹–€ŒSº˜a’¬‰Í¼,1166-1,,
19384-0900-19.zip,202202141041,’†‹–€ŒSº˜a’¬‰Í¼,1166-2,,
19384-0900-19.zip,202202141041,’†‹–€ŒSº˜a’¬‰Í¼,1167-1,,
19384-0900-19.zip,202202141041,’†‹–€ŒSº˜a’¬‰Í¼,1167-8,,
19384-0900-19.zip,202202141041,’†‹–€ŒSº˜a’¬‰Í¼,1168-1,,
19384-0900-19.zip,202202141041,’†‹–€ŒSº˜a’¬‰Í¼,1169-1,,
19384-0900-19.zip,202202141041,’†‹–€ŒSº˜a’¬‰Í¼,1169-2,,
19384-0900-19.zip,202202141041,’†‹–€ŒSº˜a’¬‰Í¼,1169-3,,
19384-0900-19.zip,202202141041,’†‹–€ŒSº˜a’¬‰Í¼,1169-4,,
19384-0900-19.zip,202202141041,’†‹–€ŒSº˜a’¬‰Í¼,1169-6,,
19384-0900-19.zip,202202141041,’†‹–€ŒSº˜a’¬‰Í¼,1169-7,,
19384-0900-19.zip,202202141041,’†‹–€ŒSº˜a’¬‰Í¼,1169-8,,
19384-0900-19.zip,202202141041,’†‹–€ŒSº˜a’¬‰Í¼,1170,,
19384-0900-19.zip,202202141041,’†‹–€ŒSº˜a’¬‰Í¼,1171-2,,
19384-0900-19.zip,202202141041,’†‹–€ŒSº˜a’¬‰Í¼,1171-3,,
19384-0900-19.zip,202202141041,’†‹–€ŒSº˜a’¬‰Í¼,1171-5,,
19384-0900-19.zip,202202141041,’†‹–€ŒSº˜a’¬‰Í¼,1171-6,,
19384-0900-19.zip,202202141041,’†‹–€ŒSº˜a’¬‰Í¼,1171-7,,
19384-0900-19.zip,202202141041,’†‹–€ŒSº˜a’¬‰Í¼,1173,,
19384-0900-19.zip,202202141041,’†‹–€ŒSº˜a’¬‰Í¼,1174-1,,
19384-0900-19.zip,202202141041,’†‹–€ŒSº˜a’¬‰Í¼,1174-2,,
19384-0900-19.zip,202202141041,’†‹–€ŒSº˜a’¬‰Í¼,1175-1,,
19384-0900-19.zip,202202141041,’†‹–€ŒSº˜a’¬‰Í¼,1175-3,,
19384-0900-19.zip,202202141041,’†‹–€ŒSº˜a’¬‰Í¼,1176-1,,
19384-0900-19.zip,202202141041,’†‹–€ŒSº˜a’¬‰Í¼,1176-2,,
19384-0900-19.zip,202202141041,’†‹–€ŒSº˜a’¬‰Í¼,1184-2,,
19384-0900-19.zip,202202141041,’†‹–€ŒSº˜a’¬‰Í¼,1184-5,,
19384-0900-19.zip,202202141041,’†‹–€ŒSº˜a’¬‰Í¼,1201,,
19384-0900-19.zip,202202141041,’†‹–€ŒSº˜a’¬‰Í¼,1202-2,,
19384-0900-19.zip,202202141041,’†‹–€ŒSº˜a’¬‰Í¼,1203-4,,
19384-0900-19.zip,202202141041,’†‹–€ŒSº˜a’¬‰Í¼,1210-2,,
19384-0900-19.zip,202202141041,’†‹–€ŒSº˜a’¬‰Í¼,1210-5,,
19384-0900-19.zip,202202141041,’†‹–€ŒSº˜a’¬‰Í¼,1230-1,,
19384-0900-19.zip,202202141041,’†‹–€ŒSº˜a’¬‰Í¼,1230-2,,
19384-0900-19.zip,202202141041,’†‹–€ŒSº˜a’¬‰Í¼,1230-3,,
19384-0900-19.zip,202202141041,’†‹–€ŒSº˜a’¬‰Í¼,1230-4,,
19384-0900-19.zip,202202141041,’†‹–€ŒSº˜a’¬‰Í¼,1230-5,,
19384-0900-19.zip,202202141041,’†‹–€ŒSº˜a’¬‰Í¼,1230-6,,
19384-0900-19.zip,202202141041,’†‹–€ŒSº˜a’¬‰Í¼,1230-7,,
19384-0900-19.zip,202202141041,’†‹–€ŒSº˜a’¬‰Í¼,1230-8,,
19384-0900-19.zip,202202141041,’†‹–€ŒSº˜a’¬‰Í¼,1230-9,,
19384-0900-19.zip,202202141041,’†‹–€ŒSº˜a’¬‰Í¼,1230-10,,
19384-0900-19.zip,202202141041,’†‹–€ŒSº˜a’¬‰Í¼,1230-11,,
19384-0900-19.zip,202202141041,’†‹–€ŒSº˜a’¬‰Í¼,1230-12,,
19384-0900-19.zip,202202141041,’†‹–€ŒSº˜a’¬‰Í¼,1230-13,,
19384-0900-19.zip,202202141041,’†‹–€ŒSº˜a’¬‰Í¼,1230-14,,
19384-0900-19.zip,202202141041,’†‹–€ŒSº˜a’¬‰Í¼,1230-15,,
19384-0900-19.zip,202202141041,’†‹–€ŒSº˜a’¬‰Í¼,1230-16,,
19384-0900-19.zip,202202141041,’†‹–€ŒSº˜a’¬‰Í¼,1230-17,,
19384-0900-19.zip,202202141041,’†‹–€ŒSº˜a’¬‰Í¼,1230-20,,
19384-0900-19.zip,202202141041,’†‹–€ŒSº˜a’¬‰Í¼,1230-21,,
19384-0900-19.zip,202202141041,’†‹–€ŒSº˜a’¬‰Í¼,1230-22,,
19384-0900-19.zip,202202141041,’†‹–€ŒSº˜a’¬‰Í¼,1230-23,,
19384-0900-19.zip,202202141041,’†‹–€ŒSº˜a’¬‰Í¼,1230-24,,
19384-0900-19.zip,202202141041,’†‹–€ŒSº˜a’¬‰Í¼,1231-1,,
19384-0900-19.zip,202202141041,’†‹–€ŒSº˜a’¬‰Í¼,1231-2,,
19384-0900-19.zip,202202141041,’†‹–€ŒSº˜a’¬‰Í¼,1231-5,,
19384-0900-19.zip,202202141041,’†‹–€ŒSº˜a’¬‰Í¼,1231-6,,
19384-0900-19.zip,202202141041,’†‹–€ŒSº˜a’¬‰Í¼,1231-8,,
19384-0900-19.zip,202202141041,’†‹–€ŒSº˜a’¬‰Í¼,1232-1,,
19384-0900-19.zip,202202141041,’†‹–€ŒSº˜a’¬‰Í¼,1232-2,,
19384-0900-19.zip,202202141041,’†‹–€ŒSº˜a’¬‰Í¼,1232-4,,
19384-0900-19.zip,202202141041,’†‹–€ŒSº˜a’¬‰Í¼,1232-6,,
19384-0900-19.zip,202202141041,’†‹–€ŒSº˜a’¬‰Í¼,1233-1,,
19384-0900-19.zip,202202141041,’†‹–€ŒSº˜a’¬‰Í¼,1233-2,,
19384-0900-19.zip,202202141041,’†‹–€ŒSº˜a’¬‰Í¼,1233-3,,
19384-0900-19.zip,202202141041,’†‹–€ŒSº˜a’¬‰Í¼,1233-5,,
19384-0900-19.zip,202202141041,’†‹–€ŒSº˜a’¬‰Í¼,1233-7,,
19384-0900-19.zip,202202141041,’†‹–€ŒSº˜a’¬‰Í¼,1233-9,,
19384-0900-19.zip,202202141041,’†‹–€ŒSº˜a’¬‰Í¼,1233-10,,
19384-0900-19.zip,202202141041,’†‹–€ŒSº˜a’¬‰Í¼,1234-3,,
19384-0900-19.zip,202202141041,’†‹–€ŒSº˜a’¬‰Í¼,1234-6,,
19384-0900-19.zip,202202141041,’†‹–€ŒSº˜a’¬‰Í¼,1234-7,,
19384-0900-19.zip,202202141041,’†‹–€ŒSº˜a’¬‰Í¼,1235-1,,
19384-0900-19.zip,202202141041,’†‹–€ŒSº˜a’¬‰Í¼,1235-2,,
19384-0900-19.zip,202202141041,’†‹–€ŒSº˜a’¬‰Í¼,1235-3,,
19384-0900-19.zip,202202141041,’†‹–€ŒSº˜a’¬‰Í¼,1235-4,,
19384-0900-19.zip,202202141041,’†‹–€ŒSº˜a’¬‰Í¼,1235-5,,
19384-0900-19.zip,202202141041,’†‹–€ŒSº˜a’¬‰Í¼,1235-6,,
19384-0900-19.zip,202202141041,’†‹–€ŒSº˜a’¬‰Í¼,1236,,
19384-0900-19.zip,202202141041,’†‹–€ŒSº˜a’¬‰Í¼,1237,,
19384-0900-19.zip,202202141041,’†‹–€ŒSº˜a’¬‰Í¼,1238,,
19384-0900-19.zip,202202141041,’†‹–€ŒSº˜a’¬‰Í¼,1240,,
19384-0900-19.zip,202202141041,’†‹–€ŒSº˜a’¬‰Í¼,1241,,
19384-0900-19.zip,202202141041,’†‹–€ŒSº˜a’¬‰Í¼,1242,,
19384-0900-19.zip,202202141041,’†‹–€ŒSº˜a’¬‰Í¼,1244,,
19384-0900-19.zip,202202141041,’†‹–€ŒSº˜a’¬‰Í¼,1245,,
19384-0900-19.zip,202202141041,’†‹–€ŒSº˜a’¬‰Í¼,1246,,
19384-0900-19.zip,202202141041,’†‹–€ŒSº˜a’¬‰Í¼,1249,,
19384-0900-19.zip,202202141041,’†‹–€ŒSº˜a’¬‰Í¼,1251,,
19384-0900-19.zip,202202141041,’†‹–€ŒSº˜a’¬‰Í¼,1252,,
19384-0900-19.zip,202202141041,’†‹–€ŒSº˜a’¬‰Í¼,1253,,
19384-0900-19.zip,202202141041,’†‹–€ŒSº˜a’¬‰Í¼,1254,,
19384-0900-19.zip,202202141041,’†‹–€ŒSº˜a’¬‰Í¼,–³’n”Ô-3,,
19384-0900-19.zip,202202141041,’†‹–€ŒSº˜a’¬‰Í¼,“¹-1,,
19384-0900-19.zip,202202141041,’†‹–€ŒSº˜a’¬‰Í¼,“¹-658,,
19384-0900-19.zip,202202141041,’†‹–€ŒSº˜a’¬‰Í¼,“¹-662,,
19384-0900-19.zip,202202141041,’†‹–€ŒSº˜a’¬‰Í¼,“¹-663,,
19384-0900-19.zip,202202141041,’†‹–€ŒSº˜a’¬‰Í¼,“¹-669,,
19384-0900-19.zip,202202141041,’†‹–€ŒSº˜a’¬‰Í¼,“¹-35010,,
19384-0900-19.zip,202202141041,’†‹–€ŒSº˜a’¬‰Í¼,…-858,,
19384-0900-19.zip,202202141041,’†‹–€ŒSº˜a’¬‰Í¼,…-864,,
19384-0900-19.zip,202202141041,’†‹–€ŒSº˜a’¬‰Í¼,…-871,,
19384-0900-19.zip,202202141041,’†‹–€ŒSº˜a’¬‰Í¼,…-873,,
19384-0900-19.zip,202202141041,’†‹–€ŒSº˜a’¬‰Í¼,…-35001,,
19384-0900-19.zip,202202141041,’†‹–€ŒSº˜a’¬‰Í¼,149-4,,
19384-0900-19.zip,202202141041,’†‹–€ŒSº˜a’¬‰Í¼,149-2,,
19384-0900-19.zip,202202141041,’†‹–€ŒSº˜a’¬‰Í¼,149-8,,
19384-0900-19.zip,202202141041,’†‹–€ŒSº˜a’¬‰Í¼,149-7,,
19384-0900-19.zip,202202141041,’†‹–€ŒSº˜a’¬‰Í¼,149-3,,
19384-0900-19.zip,202202141041,’†‹–€ŒSº˜a’¬‰Í¼,149-9,,
19384-0900-19.zip,202202141041,’†‹–€ŒSº˜a’¬‰Í¼,919-2,,
19384-0900-19.zip,202202141041,’†‹–€ŒSº˜a’¬‰Í¼,469-3,,
19384-0900-19.zip,202202141041,’†‹–€ŒSº˜a’¬‰Í¼,741-1,,
19384-0900-19.zip,202202141041,’†‹–€ŒSº˜a’¬‰Í¼,741-2,,
19384-0900-19.zip,202202141041,’†‹–€ŒSº˜a’¬‰Í¼,…-868,,
19384-0900-19.zip,202202141041,’†‹–€ŒSº˜a’¬‰Í¼,516-1,,
19384-0900-19.zip,202202141041,’†‹–€ŒSº˜a’¬‰Í¼,518-1,,
19384-0900-19.zip,202202141041,’†‹–€ŒSº˜a’¬‰Í¼,514-1,,
19384-0900-19.zip,202202141041,’†‹–€ŒSº˜a’¬‰Í¼,514-4,,
19384-0900-19.zip,202202141041,’†‹–€ŒSº˜a’¬‰Í¼,515-3,,
19384-0900-19.zip,202202141041,’†‹–€ŒSº˜a’¬‰Í¼,515-2,,
19384-0900-19.zip,202202141041,’†‹–€ŒSº˜a’¬‰Í¼,515-1,,
19384-0900-19.zip,202202141041,’†‹–€ŒSº˜a’¬‰Í¼,519-1,,
19384-0900-19.zip,202202141041,’†‹–€ŒSº˜a’¬‰Í¼,517,,
19384-0900-19.zip,202202141041,’†‹–€ŒSº˜a’¬‰Í¼,513-2,,
19384-0900-19.zip,202202141041,’†‹–€ŒSº˜a’¬‰Í¼,514-2,,
19384-0900-19.zip,202202141041,’†‹–€ŒSº˜a’¬‰Í¼,753-1,,
19384-0900-19.zip,202202141041,’†‹–€ŒSº˜a’¬‰Í¼,753-2,,
19384-0900-19.zip,202202141041,’†‹–€ŒSº˜a’¬‰Í¼,755,,
19384-0900-19.zip,202202141041,’†‹–€ŒSº˜a’¬‰Í¼,749,,
19384-0900-19.zip,202202141041,’†‹–€ŒSº˜a’¬‰Í¼,1163-11,,
19384-0900-19.zip,202202141041,’†‹–€ŒSº˜a’¬‰Í¼,1163-8,,
19384-0900-19.zip,202202141041,’†‹–€ŒSº˜a’¬‰Í¼,“¹-654,,
19384-0900-19.zip,202202141041,’†‹–€ŒSº˜a’¬‰Í¼,1163-12,,
19384-0900-19.zip,202202141041,’†‹–€ŒSº˜a’¬‰Í¼,1163-9,,
19384-0900-19.zip,202202141041,’†‹–€ŒSº˜a’¬‰Í¼,1042-2,,
19384-0900-19.zip,202202141041,’†‹–€ŒSº˜a’¬‰Í¼,1042-3,,
19384-0900-19.zip,202202141041,’†‹–€ŒSº˜a’¬‰Í¼,1042-5,,
19384-0900-19.zip,202202141041,’†‹–€ŒSº˜a’¬‰Í¼,1042-4,,
19384-0900-19.zip,202202141041,’†‹–€ŒSº˜a’¬‰Í¼,“¹-667,,
19384-0900-19.zip,202202141041,’†‹–€ŒSº˜a’¬‰Í¼,1038-9,,
19384-0900-19.zip,202202141041,’†‹–€ŒSº˜a’¬‰Í¼,1038-8,,
19384-0900-19.zip,202202141041,’†‹–€ŒSº˜a’¬‰Í¼,639-14,,
19384-0900-19.zip,202202141041,’†‹–€ŒSº˜a’¬‰Í¼,1149-2,,
19384-0900-19.zip,202202141041,’†‹–€ŒSº˜a’¬‰Í¼,“¹-14,,
19384-0900-19.zip,202202141041,’†‹–€ŒSº˜a’¬‰Í¼,859-8,,
19384-0900-19.zip,202202141041,’†‹–€ŒSº˜a’¬‰Í¼,861-1,,
19384-0900-19.zip,202202141041,’†‹–€ŒSº˜a’¬‰Í¼,861-2,,
19384-0900-19.zip,202202141041,’†‹–€ŒSº˜a’¬‰Í¼,“¹-655,,
19384-0900-19.zip,202202141041,’†‹–€ŒSº˜a’¬‰Í¼,…-8,,
19384-0900-19.zip,202202141041,’†‹–€ŒSº˜a’¬‰Í¼,883-4,,
19384-0900-19.zip,202202141041,’†‹–€ŒSº˜a’¬‰Í¼,883-7,,
19384-0900-19.zip,202202141041,’†‹–€ŒSº˜a’¬‰Í¼,883-2,,
19384-0900-19.zip,202202141041,’†‹–€ŒSº˜a’¬‰Í¼,883-6,,
19384-0900-19.zip,202202141041,’†‹–€ŒSº˜a’¬‰Í¼,629-18,,
19384-0900-19.zip,202202141041,’†‹–€ŒSº˜a’¬‰Í¼,629-8,,
19384-0900-19.zip,202202141041,’†‹–€ŒSº˜a’¬‰Í¼,639-7,,
19384-0900-19.zip,202202141041,’†‹–€ŒSº˜a’¬‰Í¼,661-2,,
19384-0900-19.zip,202202141041,’†‹–€ŒSº˜a’¬‰Í¼,469-1,,
19384-0900-19.zip,202202141041,’†‹–€ŒSº˜a’¬‰Í¼,469-4,,
19384-0900-19.zip,202202141041,’†‹–€ŒSº˜a’¬‰Í¼,471-1,,
19384-0900-19.zip,202202141041,’†‹–€ŒSº˜a’¬‰Í¼,471-2,,
19384-0900-19.zip,202202141041,’†‹–€ŒSº˜a’¬‰Í¼,477-2,,
19384-0900-19.zip,202202141041,’†‹–€ŒSº˜a’¬‰Í¼,469-2,,
19384-0900-19.zip,202202141041,’†‹–€ŒSº˜a’¬‰Í¼,469-5,,
19384-0900-19.zip,202202141041,’†‹–€ŒSº˜a’¬‰Í¼,…-4,,
19384-0900-19.zip,202202141041,’†‹–€ŒSº˜a’¬‰Í¼,158-1,,
19384-0900-19.zip,202202141041,’†‹–€ŒSº˜a’¬‰Í¼,158-3,,
19384-0900-19.zip,202202141041,’†‹–€ŒSº˜a’¬‰Í¼,158-2,,
19384-0900-19.zip,202202141041,’†‹–€ŒSº˜a’¬‰Í¼,157,,
19384-0900-19.zip,202202141041,’†‹–€ŒSº˜a’¬‰Í¼,859-1,,
19384-0900-19.zip,202202141041,’†‹–€ŒSº˜a’¬‰Í¼,859-9,,
19384-0900-19.zip,202202141041,’†‹–€ŒSº˜a’¬‰Í¼,859-5,,
19384-0900-19.zip,202202141041,’†‹–€ŒSº˜a’¬‰Í¼,905-2,,
19384-0900-19.zip,202202141041,’†‹–€ŒSº˜a’¬‰Í¼,870-5,,
19384-0900-19.zip,202202141041,’†‹–€ŒSº˜a’¬‰Í¼,115-13,,
19384-0900-19.zip,202202141041,’†‹–€ŒSº˜a’¬‰Í¼,870-10,,
19384-0900-19.zip,202202141041,’†‹–€ŒSº˜a’¬‰Í¼,870-9,,
19384-0900-19.zip,202202141041,’†‹–€ŒSº˜a’¬‰Í¼,870-8,,
19384-0900-19.zip,202202141041,’†‹–€ŒSº˜a’¬‰Í¼,870-6,,
19384-0900-19.zip,202202141041,’†‹–€ŒSº˜a’¬‰Í¼,870-7,,
19384-0900-19.zip,202202141041,’†‹–€ŒSº˜a’¬‰Í¼,870-12,,
19384-0900-19.zip,202202141041,’†‹–€ŒSº˜a’¬‰Í¼,870-1,,
19384-0900-19.zip,202202141041,’†‹–€ŒSº˜a’¬‰Í¼,870-11,,
19384-0900-19.zip,202202141041,’†‹–€ŒSº˜a’¬‰Í¼,876-2,,
19384-0900-19.zip,202202141041,’†‹–€ŒSº˜a’¬‰Í¼,875-2,,
19384-0900-19.zip,202202141041,’†‹–€ŒSº˜a’¬‰Í¼,115-37,,
19384-0900-19.zip,202202141041,’†‹–€ŒSº˜a’¬‰Í¼,1021-4,,
19384-0900-19.zip,202202141041,’†‹–€ŒSº˜a’¬‰Í¼,1021-5,,
19384-0900-19.zip,202202141041,’†‹–€ŒSº˜a’¬‰Í¼,639-28,,
19384-0900-19.zip,202202141041,’†‹–€ŒSº˜a’¬‰Í¼,161-1,,
19384-0900-19.zip,202202141041,’†‹–€ŒSº˜a’¬‰Í¼,161-2,,
19384-0900-19.zip,202202141041,’†‹–€ŒSº˜a’¬‰Í¼,167-1,,
19384-0900-19.zip,202202141041,’†‹–€ŒSº˜a’¬‰Í¼,167-2,,
19384-0900-19.zip,202202141041,’†‹–€ŒSº˜a’¬‰Í¼,169-4,,
19384-0900-19.zip,202202141041,’†‹–€ŒSº˜a’¬‰Í¼,169-1,,
19384-0900-19.zip,202202141041,’†‹–€ŒSº˜a’¬‰Í¼,169-5,,
19384-0900-19.zip,202202141041,’†‹–€ŒSº˜a’¬‰Í¼,169-3,,
19384-0900-19.zip,202202141041,’†‹–€ŒSº˜a’¬‰Í¼,1023-7,,
19384-0900-19.zip,202202141041,’†‹–€ŒSº˜a’¬‰Í¼,1023-2,,
19384-0900-19.zip,202202141041,’†‹–€ŒSº˜a’¬‰Í¼,1023-13,,
19384-0900-19.zip,202202141041,’†‹–€ŒSº˜a’¬‰Í¼,1023-10,,
19384-0900-19.zip,202202141041,’†‹–€ŒSº˜a’¬‰Í¼,1023-8,,
19384-0900-19.zip,202202141041,’†‹–€ŒSº˜a’¬‰Í¼,1023-12,,
19384-0900-19.zip,202202141041,’†‹–€ŒSº˜a’¬‰Í¼,1023-1,,
19384-0900-19.zip,202202141041,’†‹–€ŒSº˜a’¬‰Í¼,1023-9,,
19384-0900-19.zip,202202141041,’†‹–€ŒSº˜a’¬‰Í¼,“¹-8-1,,
19384-0900-19.zip,202202141041,’†‹–€ŒSº˜a’¬‰Í¼,495-4,,
19384-0900-19.zip,202202141041,’†‹–€ŒSº˜a’¬‰Í¼,505-5,,
19384-0900-19.zip,202202141041,’†‹–€ŒSº˜a’¬‰Í¼,849-3,,
19384-0900-19.zip,202202141041,’†‹–€ŒSº˜a’¬‰Í¼,844-1,,
19384-0900-19.zip,202202141041,’†‹–€ŒSº˜a’¬‰Í¼,844-2,,
19384-0900-19.zip,202202141041,’†‹–€ŒSº˜a’¬‰Í¼,“¹-661,,
19384-0900-19.zip,202202141041,’†‹–€ŒSº˜a’¬‰Í¼,495-9,,
19384-0900-19.zip,202202141041,’†‹–€ŒSº˜a’¬‰Í¼,495-11,,
19384-0900-19.zip,202202141041,’†‹–€ŒSº˜a’¬‰Í¼,495-3,,
19384-0900-19.zip,202202141041,’†‹–€ŒSº˜a’¬‰Í¼,495-10,,
19384-0900-19.zip,202202141041,’†‹–€ŒSº˜a’¬‰Í¼,500-24,,
19384-0900-19.zip,202202141041,’†‹–€ŒSº˜a’¬‰Í¼,500-5,,
19384-0900-19.zip,202202141041,’†‹–€ŒSº˜a’¬‰Í¼,504-6,,
19384-0900-19.zip,202202141041,’†‹–€ŒSº˜a’¬‰Í¼,504-5,,
19384-0900-19.zip,202202141041,’†‹–€ŒSº˜a’¬‰Í¼,504-4,,
19384-0900-19.zip,202202141041,’†‹–€ŒSº˜a’¬‰Í¼,493,,
19384-0900-19.zip,202202141041,’†‹–€ŒSº˜a’¬‰Í¼,“¹-8,,
19384-0900-19.zip,202202141041,’†‹–€ŒSº˜a’¬‰Í¼,495-8,,
19384-0900-19.zip,202202141041,’†‹–€ŒSº˜a’¬‰Í¼,790-2,,
19384-0900-19.zip,202202141041,’†‹–€ŒSº˜a’¬‰Í¼,777-7,,
19384-0900-19.zip,202202141041,’†‹–€ŒSº˜a’¬‰Í¼,855-1,,
19384-0900-19.zip,202202141041,’†‹–€ŒSº˜a’¬‰Í¼,855-3,,
19384-0900-19.zip,202202141041,’†‹–€ŒSº˜a’¬‰Í¼,…-865,,
19384-0900-19.zip,202202141041,’†‹–€ŒSº˜a’¬‰Í¼,777-10,,
19384-0900-19.zip,202202141041,’†‹–€ŒSº˜a’¬‰Í¼,777-6,,
19384-0900-19.zip,202202141041,’†‹–€ŒSº˜a’¬‰Í¼,777-5,,
19384-0900-19.zip,202202141041,’†‹–€ŒSº˜a’¬‰Í¼,777-9,,
19384-0900-19.zip,202202141041,’†‹–€ŒSº˜a’¬‰Í¼,777-8,,
19384-0900-19.zip,202202141041,’†‹–€ŒSº˜a’¬‰Í¼,790-1,,
19384-0900-19.zip,202202141041,’†‹–€ŒSº˜a’¬‰Í¼,504-3,,
19384-0900-19.zip,202202141041,’†‹–€ŒSº˜a’¬‰Í¼,495-7,,
19384-0900-19.zip,202202141041,’†‹–€ŒSº˜a’¬‰Í¼,932-2,,
19384-0900-19.zip,202202141041,’†‹–€ŒSº˜a’¬‰Í¼,932-1,,
19384-0900-19.zip,202202141041,’†‹–€ŒSº˜a’¬‰Í¼,930-2,,
19384-0900-19.zip,202202141041,’†‹–€ŒSº˜a’¬‰Í¼,930-1,,
19384-0900-19.zip,202202141041,’†‹–€ŒSº˜a’¬‰Í¼,745-1,,
19384-0900-19.zip,202202141041,’†‹–€ŒSº˜a’¬‰Í¼,745-4,,
19384-0900-19.zip,202202141041,’†‹–€ŒSº˜a’¬‰Í¼,…-867,,
19384-0900-19.zip,202202141041,’†‹–€ŒSº˜a’¬‰Í¼,1074-1,,
19384-0900-19.zip,202202141041,’†‹–€ŒSº˜a’¬‰Í¼,1074-6,,
19384-0900-19.zip,202202141041,’†‹–€ŒSº˜a’¬‰Í¼,1074-7,,
19384-0900-19.zip,202202141041,’†‹–€ŒSº˜a’¬‰Í¼,1074-5,,
19384-0900-19.zip,202202141041,’†‹–€ŒSº˜a’¬‰Í¼,1074-4,,
19384-0900-19.zip,202202141041,’†‹–€ŒSº˜a’¬‰Í¼,115-66,,
19384-0900-19.zip,202202141041,’†‹–€ŒSº˜a’¬‰Í¼,115-67,,
19384-0900-19.zip,202202141041,’†‹–€ŒSº˜a’¬‰Í¼,115-65,,
19384-0900-19.zip,202202141041,’†‹–€ŒSº˜a’¬‰Í¼,115-64,,
19384-0900-19.zip,202202141041,’†‹–€ŒSº˜a’¬‰Í¼,115-3,,
19384-0900-19.zip,202202141041,’†‹–€ŒSº˜a’¬‰Í¼,115-63,,
19384-0900-19.zip,202202141041,’†‹–€ŒSº˜a’¬‰Í¼,115-62,,
19384-0900-19.zip,202202141041,’†‹–€ŒSº˜a’¬‰Í¼,115-5,,
19384-0900-19.zip,202202141041,’†‹–€ŒSº˜a’¬‰Í¼,115-35,,
19384-0900-19.zip,202202141041,’†‹–€ŒSº˜a’¬‰Í¼,“¹-6,,
19384-0900-19.zip,202202141041,’†‹–€ŒSº˜a’¬‰Í¼,115-75,,
19384-0900-19.zip,202202141041,’†‹–€ŒSº˜a’¬‰Í¼,115-8,,
19384-0900-19.zip,202202141041,’†‹–€ŒSº˜a’¬‰Í¼,115-68,,
19384-0900-19.zip,202202141041,’†‹–€ŒSº˜a’¬‰Í¼,115-69,,
19384-0900-19.zip,202202141041,’†‹–€ŒSº˜a’¬‰Í¼,115-70,,
19384-0900-19.zip,202202141041,’†‹–€ŒSº˜a’¬‰Í¼,115-71,,
19384-0900-19.zip,202202141041,’†‹–€ŒSº˜a’¬‰Í¼,115-74,,
19384-0900-19.zip,202202141041,’†‹–€ŒSº˜a’¬‰Í¼,115-73,,
19384-0900-19.zip,202202141041,’†‹–€ŒSº˜a’¬‰Í¼,115-72,,
19384-0900-19.zip,202202141041,’†‹–€ŒSº˜a’¬‰Í¼,“¹-653,,
19384-0900-19.zip,202202141041,’†‹–€ŒSº˜a’¬‰Í¼,115-7,,
19384-0900-19.zip,202202141041,’†‹–€ŒSº˜a’¬‰Í¼,115-34,,
19384-0900-19.zip,202202141041,’†‹–€ŒSº˜a’¬‰Í¼,115-31,,
19384-0900-19.zip,202202141041,’†‹–€ŒSº˜a’¬‰Í¼,160-11,,
19384-0900-19.zip,202202141041,’†‹–€ŒSº˜a’¬‰Í¼,160-8,,
19384-0900-19.zip,202202141041,’†‹–€ŒSº˜a’¬‰Í¼,160-9,,
19384-0900-19.zip,202202141041,’†‹–€ŒSº˜a’¬‰Í¼,160-10,,
19384-0900-19.zip,202202141041,’†‹–€ŒSº˜a’¬‰Í¼,160-1,,
19384-0900-19.zip,202202141041,’†‹–€ŒSº˜a’¬‰Í¼,160-4,,
19384-0900-19.zip,202202141041,’†‹–€ŒSº˜a’¬‰Í¼,160-5,,
19384-0900-19.zip,202202141041,’†‹–€ŒSº˜a’¬‰Í¼,160-7,,
19384-0900-19.zip,202202141041,’†‹–€ŒSº˜a’¬‰Í¼,160-6,,
19384-0900-19.zip,202202141041,’†‹–€ŒSº˜a’¬‰Í¼,160-2,,
19384-0900-19.zip,202202141041,’†‹–€ŒSº˜a’¬‰Í¼,152-14,,
19384-0900-19.zip,202202141041,’†‹–€ŒSº˜a’¬‰Í¼,152-7,,
19384-0900-19.zip,202202141041,’†‹–€ŒSº˜a’¬‰Í¼,152-6,,
19384-0900-19.zip,202202141041,’†‹–€ŒSº˜a’¬‰Í¼,160-3,,
19384-0900-19.zip,202202141041,’†‹–€ŒSº˜a’¬‰Í¼,625-22,,
19384-0900-19.zip,202202141041,’†‹–€ŒSº˜a’¬‰Í¼,625-11,,
19384-0900-19.zip,202202141041,’†‹–€ŒSº˜a’¬‰Í¼,639-17,,
19384-0900-19.zip,202202141041,’†‹–€ŒSº˜a’¬‰Í¼,637-2,,
19384-0900-19.zip,202202141041,’†‹–€ŒSº˜a’¬‰Í¼,637-14,,
19384-0900-19.zip,202202141041,’†‹–€ŒSº˜a’¬‰Í¼,639-4,,
19384-0900-19.zip,202202141041,’†‹–€ŒSº˜a’¬‰Í¼,637-1,,
19384-0900-19.zip,202202141041,’†‹–€ŒSº˜a’¬‰Í¼,1234-4,,
19384-0900-19.zip,202202141041,’†‹–€ŒSº˜a’¬‰Í¼,1234-8,,
19384-0900-19.zip,202202141041,’†‹–€ŒSº˜a’¬‰Í¼,1234-5,,
19384-0900-19.zip,202202141041,’†‹–€ŒSº˜a’¬‰Í¼,943-2,,
19384-0900-19.zip,202202141041,’†‹–€ŒSº˜a’¬‰Í¼,943-3,,
19384-0900-19.zip,202202141041,’†‹–€ŒSº˜a’¬‰Í¼,’·‹·•¨•s–¾-10,,
19384-0900-19.zip,202202141041,’†‹–€ŒSº˜a’¬‰Í¼,…-2,,
19384-0900-19.zip,202202141041,’†‹–€ŒSº˜a’¬‰Í¼,…-859-2,,
19384-0900-19.zip,202202141041,’†‹–€ŒSº˜a’¬‰Í¼,’·‹·•¨•s–¾-320-2,,
19384-0900-19.zip,202202141041,’†‹–€ŒSº˜a’¬‰Í¼,…-1-2,,
19384-0900-19.zip,202202141041,’†‹–€ŒSº˜a’¬‰Í¼,’·‹·•¨•s–¾-7-2,,
19384-0900-19.zip,202202141041,’†‹–€ŒSº˜a’¬‰Í¼,144-2,,
19384-0900-19.zip,202202141041,’†‹–€ŒSº˜a’¬‰Í¼,144-3,,
19384-0900-19.zip,202202141041,’†‹–€ŒSº˜a’¬‰Í¼,’·‹·•¨•s–¾-5-2,,
19384-0900-19.zip,202202141041,’†‹–€ŒSº˜a’¬‰Í¼,…-30-2,,
19384-0900-19.zip,202202141041,’†‹–€ŒSº˜a’¬‰Í¼,1167-2,,
19384-0900-19.zip,202202141041,’†‹–€ŒSº˜a’¬‰Í¼,1167-3,,
19384-0900-19.zip,202202141041,’†‹–€ŒSº˜a’¬‰Í¼,…-866-3,,
19384-0900-19.zip,202202141041,’†‹–€ŒSº˜a’¬‰Í¼,“¹-9,,
19384-0900-19.zip,202202141041,’†‹–€ŒSº˜a’¬‰Í¼,…-866-2,,
19384-0900-19.zip,202202141041,’†‹–€ŒSº˜a’¬‰Í¼,“¹-657-2,,
19384-0900-19.zip,202202141041,’†‹–€ŒSº˜a’¬‰Í¼,137-2,,
19384-0900-19.zip,202202141041,’†‹–€ŒSº˜a’¬‰Í¼,136-1,,
19384-0900-19.zip,202202141041,’†‹–€ŒSº˜a’¬‰Í¼,136-4,,
19384-0900-19.zip,202202141041,’†‹–€ŒSº˜a’¬‰Í¼,137-5,,
19384-0900-19.zip,202202141041,’†‹–€ŒSº˜a’¬‰Í¼,137-6,,
19384-0900-19.zip,202202141041,’†‹–€ŒSº˜a’¬‰Í¼,137-3,,
19384-0900-19.zip,202202141041,’†‹–€ŒSº˜a’¬‰Í¼,137-1,,
19384-0900-19.zip,202202141041,’†‹–€ŒSº˜a’¬‰Í¼,137-4,,
19384-0900-19.zip,202202141041,’†‹–€ŒSº˜a’¬‰Í¼,137-7,,
19384-0900-19.zip,202202141041,’†‹–€ŒSº˜a’¬‰Í¼,136-3,,
19384-0900-19.zip,202202141041,’†‹–€ŒSº˜a’¬‰Í¼,138-2,,
19384-0900-19.zip,202202141041,’†‹–€ŒSº˜a’¬‰Í¼,144-10,,
19384-0900-19.zip,202202141041,’†‹–€ŒSº˜a’¬‰Í¼,144-6,,
19384-0900-19.zip,202202141041,’†‹–€ŒSº˜a’¬‰Í¼,144-5,,
19384-0900-19.zip,202202141041,’†‹–€ŒSº˜a’¬‰Í¼,144-7,,
19384-0900-19.zip,202202141041,’†‹–€ŒSº˜a’¬‰Í¼,144-9,,
19384-0900-19.zip,202202141041,’†‹–€ŒSº˜a’¬‰Í¼,144-8,,
19384-0900-19.zip,202202141041,’†‹–€ŒSº˜a’¬‰Í¼,144-4,,
19384-0900-19.zip,202202141041,’†‹–€ŒSº˜a’¬‰Í¼,144-1,,
19384-0900-19.zip,202202141041,’†‹–€ŒSº˜a’¬‰Í¼,“¹-657,,
19384-0900-19.zip,202202141041,’†‹–€ŒSº˜a’¬‰Í¼,145,,
19384-0900-19.zip,202202141041,’†‹–€ŒSº˜a’¬‰Í¼,138-4,,
19384-0900-19.zip,202202141041,’†‹–€ŒSº˜a’¬‰Í¼,842-3,,
19384-0900-19.zip,202202141041,’†‹–€ŒSº˜a’¬‰Í¼,842-1,,
19384-0900-19.zip,202202141041,’†‹–€ŒSº˜a’¬‰Í¼,…-6,,
19384-0900-19.zip,202202141041,’†‹–€ŒSº˜a’¬‰Í¼,842-2,,
19384-0900-19.zip,202202141041,’†‹–€ŒSº˜a’¬‰Í¼,849-1,,
19384-0900-19.zip,202202141041,’†‹–€ŒSº˜a’¬‰Í¼,132-6,,
19384-0900-19.zip,202202141041,’†‹–€ŒSº˜a’¬‰Í¼,134-1,,
19384-0900-19.zip,202202141041,’†‹–€ŒSº˜a’¬‰Í¼,132-4,,
19384-0900-19.zip,202202141041,’†‹–€ŒSº˜a’¬‰Í¼,…-10,,
19384-0900-19.zip,202202141041,’†‹–€ŒSº˜a’¬‰Í¼,…-13,,
19384-0900-19.zip,202202141041,’†‹–€ŒSº˜a’¬‰Í¼,132-1,,
19384-0900-19.zip,202202141041,’†‹–€ŒSº˜a’¬‰Í¼,132-3,,
19384-0900-19.zip,202202141041,’†‹–€ŒSº˜a’¬‰Í¼,553-7,,
19384-0900-19.zip,202202141041,’†‹–€ŒSº˜a’¬‰Í¼,553-1,,
19384-0900-19.zip,202202141041,’†‹–€ŒSº˜a’¬‰Í¼,553-6,,
19384-0900-19.zip,202202141041,’†‹–€ŒSº˜a’¬‰Í¼,553-8,,
19384-0900-19.zip,202202141041,’†‹–€ŒSº˜a’¬‰Í¼,553-5,,
19384-0900-19.zip,202202141041,’†‹–€ŒSº˜a’¬‰Í¼,553-2,,
19384-0900-19.zip,202202141041,’†‹–€ŒSº˜a’¬‰Í¼,“¹-12,,
19384-0900-19.zip,202202141041,’†‹–€ŒSº˜a’¬‰Í¼,521-3,,
19384-0900-19.zip,202202141041,’†‹–€ŒSº˜a’¬‰Í¼,524-2,,
19384-0900-19.zip,202202141041,’†‹–€ŒSº˜a’¬‰Í¼,527-4,,
19384-0900-19.zip,202202141041,’†‹–€ŒSº˜a’¬‰Í¼,508-6,,
19384-0900-19.zip,202202141041,’†‹–€ŒSº˜a’¬‰Í¼,508-5,,
19384-0900-19.zip,202202141041,’†‹–€ŒSº˜a’¬‰Í¼,508-3,,
19384-0900-19.zip,202202141041,’†‹–€ŒSº˜a’¬‰Í¼,508-1,,
19384-0900-19.zip,202202141041,’†‹–€ŒSº˜a’¬‰Í¼,508-2,,
19384-0900-19.zip,202202141041,’†‹–€ŒSº˜a’¬‰Í¼,508-4,,
19384-0900-19.zip,202202141041,’†‹–€ŒSº˜a’¬‰Í¼,511-9,,
19384-0900-19.zip,202202141041,’†‹–€ŒSº˜a’¬‰Í¼,511-2,,
19384-0900-19.zip,202202141041,’†‹–€ŒSº˜a’¬‰Í¼,511-4,,
19384-0900-19.zip,202202141041,’†‹–€ŒSº˜a’¬‰Í¼,511-6,,
19384-0900-19.zip,202202141041,’†‹–€ŒSº˜a’¬‰Í¼,511-8,,
19384-0900-19.zip,202202141041,’†‹–€ŒSº˜a’¬‰Í¼,511-7,,
19384-0900-19.zip,202202141041,’†‹–€ŒSº˜a’¬‰Í¼,511-3,,
19384-0900-19.zip,202202141041,’†‹–€ŒSº˜a’¬‰Í¼,511-1,,
19384-0900-19.zip,202202141041,’†‹–€ŒSº˜a’¬‰Í¼,521-1,,
19384-0900-19.zip,202202141041,’†‹–€ŒSº˜a’¬‰Í¼,…-857,,
19384-0900-19.zip,202202141041,’†‹–€ŒSº˜a’¬‰Í¼,525-1,,
19384-0900-19.zip,202202141041,’†‹–€ŒSº˜a’¬‰Í¼,513-1,,
19384-0900-19.zip,202202141041,’†‹–€ŒSº˜a’¬‰Í¼,513-3,,
19384-0900-19.zip,202202141041,’†‹–€ŒSº˜a’¬‰Í¼,511-10,,
19384-0900-19.zip,202202141041,’†‹–€ŒSº˜a’¬‰Í¼,511-11,,
19384-0900-19.zip,202202141041,’†‹–€ŒSº˜a’¬‰Í¼,“¹-12-2,,
19384-0900-19.zip,202202141041,’†‹–€ŒSº˜a’¬‰Í¼,1231-4,,
19384-0900-19.zip,202202141041,’†‹–€ŒSº˜a’¬‰Í¼,1231-9,,
19384-0900-19.zip,202202141041,’†‹–€ŒSº˜a’¬‰Í¼,1239,,
19384-0900-19.zip,202202141041,’†‹–€ŒSº˜a’¬‰Í¼,1231-7,,
19384-0900-19.zip,202202141041,’†‹–€ŒSº˜a’¬‰Í¼,1231-3,,
19384-0900-19.zip,202202141041,’†‹–€ŒSº˜a’¬‰Í¼,511-5,,
19384-0900-19.zip,202202141041,’†‹–€ŒSº˜a’¬‰Í¼,511-12,,
19384-0900-19.zip,202202141041,’†‹–€ŒSº˜a’¬‰Í¼,758-4,,
19384-0900-19.zip,202202141041,’†‹–€ŒSº˜a’¬‰Í¼,758-1,,
19384-0900-19.zip,202202141041,’†‹–€ŒSº˜a’¬‰Í¼,758-3,,
19384-0900-19.zip,202202141041,’†‹–€ŒSº˜a’¬‰Í¼,757-1,,
19384-0900-19.zip,202202141041,’†‹–€ŒSº˜a’¬‰Í¼,919-3,,
19384-0900-19.zip,202202141041,’†‹–€ŒSº˜a’¬‰Í¼,919-1,,
19384-0900-19.zip,202202141041,’†‹–€ŒSº˜a’¬‰Í¼,920,,
19384-0900-19.zip,202202141041,’†‹–€ŒSº˜a’¬‰Í¼,883-5,,
19384-0900-19.zip,202202141041,’†‹–€ŒSº˜a’¬‰Í¼,1234-9,,
19384-0900-19.zip,202202141041,’†‹–€ŒSº˜a’¬‰Í¼,1247,,
19384-0900-19.zip,202202141041,’†‹–€ŒSº˜a’¬‰Í¼,1248,,
19384-0900-19.zip,202202141041,’†‹–€ŒSº˜a’¬‰Í¼,883-1,,
19384-0900-19.zip,202202141041,’†‹–€ŒSº˜a’¬‰Í¼,883-8,,
19384-0900-19.zip,202202141041,’†‹–€ŒSº˜a’¬‰Í¼,883-9,,
19384-0900-19.zip,202202141041,’†‹–€ŒSº˜a’¬‰Í¼,918-6,,
19384-0900-19.zip,202202141041,’†‹–€ŒSº˜a’¬‰Í¼,918-5,,
19384-0900-19.zip,202202141041,’†‹–€ŒSº˜a’¬‰Í¼,918-2,,
19384-0900-19.zip,202202141041,’†‹–€ŒSº˜a’¬‰Í¼,918-4,,
19384-0900-19.zip,202202141041,’†‹–€ŒSº˜a’¬‰Í¼,918-1,,
19384-0900-19.zip,202202141041,’†‹–€ŒSº˜a’¬‰Í¼,918-3,,
19384-0900-19.zip,202202141041,’†‹–€ŒSº˜a’¬‰Í¼,“¹-22-2,,
19384-0900-19.zip,202202141041,’†‹–€ŒSº˜a’¬‰Í¼,917,,
19384-0900-19.zip,202202141041,’†‹–€ŒSº˜a’¬‰Í¼,913-1,,
19384-0900-19.zip,202202141041,’†‹–€ŒSº˜a’¬‰Í¼,638-7,,
19384-0900-19.zip,202202141041,’†‹–€ŒSº˜a’¬‰Í¼,638-17,,
19384-0900-19.zip,202202141041,’†‹–€ŒSº˜a’¬‰Í¼,715-1,,
19384-0900-19.zip,202202141041,’†‹–€ŒSº˜a’¬‰Í¼,715-4,,
19384-0900-19.zip,202202141041,’†‹–€ŒSº˜a’¬‰Í¼,716-1,,
19384-0900-19.zip,202202141041,’†‹–€ŒSº˜a’¬‰Í¼,716-3,,
19384-0900-19.zip,202202141041,’†‹–€ŒSº˜a’¬‰Í¼,“¹-25,,
19384-0900-19.zip,202202141041,’†‹–€ŒSº˜a’¬‰Í¼,1234-1,,
19384-0900-19.zip,202202141041,’†‹–€ŒSº˜a’¬‰Í¼,1234-13,,
19384-0900-19.zip,202202141041,’†‹–€ŒSº˜a’¬‰Í¼,1234-11,,
19384-0900-19.zip,202202141041,’†‹–€ŒSº˜a’¬‰Í¼,1234-12,,
19384-0900-19.zip,202202141041,’†‹–€ŒSº˜a’¬‰Í¼,1234-14,,
19384-0900-19.zip,202202141041,’†‹–€ŒSº˜a’¬‰Í¼,1250,,
19384-0900-19.zip,202202141041,’†‹–€ŒSº˜a’¬‰Í¼,1234-2,,
19384-0900-19.zip,202202141041,’†‹–€ŒSº˜a’¬‰Í¼,1234-10,,
19384-0900-19.zip,202202141041,’†‹–€ŒSº˜a’¬‰Í¼,1019-23,,
19384-0900-19.zip,202202141041,’†‹–€ŒSº˜a’¬‰Í¼,1019-22,,
19384-0900-19.zip,202202141041,’†‹–€ŒSº˜a’¬‰Í¼,1019-2,,
19384-0900-19.zip,202202141041,’†‹–€ŒSº˜a’¬‰Í¼,1019-16,,
19384-0900-19.zip,202202141041,’†‹–€ŒSº˜a’¬‰Í¼,1019-17,,
19384-0900-19.zip,202202141041,’†‹–€ŒSº˜a’¬‰Í¼,1019-18,,
19384-0900-19.zip,202202141041,’†‹–€ŒSº˜a’¬‰Í¼,1019-19,,
19384-0900-19.zip,202202141041,’†‹–€ŒSº˜a’¬‰Í¼,1019-20,,
19384-0900-19.zip,202202141041,’†‹–€ŒSº˜a’¬‰Í¼,1019-21,,
19384-0900-19.zip,202202141041,’†‹–€ŒSº˜a’¬‰Í¼,1019-24,,
19384-0900-19.zip,202202141041,’†‹–€ŒSº˜a’¬‰Í¼,1021-3,,
19384-0900-19.zip,202202141041,’†‹–€ŒSº˜a’¬‰Í¼,1019-15,,
19384-0900-19.zip,202202141041,’†‹–€ŒSº˜a’¬‰Í¼,639-1,,
19384-0900-19.zip,202202141041,’†‹–€ŒSº˜a’¬‰Í¼,1030-2,,
19384-0900-19.zip,202202141041,’†‹–€ŒSº˜a’¬‰Í¼,1030-6,,
19384-0900-19.zip,202202141041,’†‹–€ŒSº˜a’¬‰Í¼,1030-3,,
19384-0900-19.zip,202202141041,’†‹–€ŒSº˜a’¬‰Í¼,1030-7,,
19384-0900-19.zip,202202141041,’†‹–€ŒSº˜a’¬‰Í¼,1030-4,,
19384-0900-19.zip,202202141041,’†‹–€ŒSº˜a’¬‰Í¼,1030-1,,
19384-0900-19.zip,202202141041,’†‹–€ŒSº˜a’¬‰Í¼,1232-7,,
19384-0900-19.zip,202202141041,’†‹–€ŒSº˜a’¬‰Í¼,1232-5,,
19384-0900-19.zip,202202141041,’†‹–€ŒSº˜a’¬‰Í¼,1243,,
19384-0900-19.zip,202202141041,’†‹–€ŒSº˜a’¬‰Í¼,1232-3,,
19384-0900-19.zip,202202141041,’†‹–€ŒSº˜a’¬‰Í¼,633-13,,
19384-0900-19.zip,202202141041,’†‹–€ŒSº˜a’¬‰Í¼,638-18,,
19384-0900-19.zip,202202141041,’†‹–€ŒSº˜a’¬‰Í¼,638-6,,
19384-0900-19.zip,202202141041,’†‹–€ŒSº˜a’¬‰Í¼,638-19,,
19384-0900-19.zip,202202141041,’†‹–€ŒSº˜a’¬‰Í¼,721-3,,
19384-0900-19.zip,202202141041,’†‹–€ŒSº˜a’¬‰Í¼,769-1,,
19384-0900-19.zip,202202141041,’†‹–€ŒSº˜a’¬‰Í¼,769-2,,
19384-0900-19.zip,202202141041,’†‹–€ŒSº˜a’¬‰Í¼,765,,
19384-0900-19.zip,202202141041,’†‹–€ŒSº˜a’¬‰Í¼,633-3,,
19384-0900-19.zip,202202141041,’†‹–€ŒSº˜a’¬‰Í¼,633-11,,
19384-0900-20.zip,202202141041,’†‹–€ŒSº˜a’¬’z’nV“c,1-1,,
19384-0900-20.zip,202202141041,’†‹–€ŒSº˜a’¬’z’nV“c,1-3,,
19384-0900-20.zip,202202141041,’†‹–€ŒSº˜a’¬’z’nV“c,15-1,,
19384-0900-20.zip,202202141041,’†‹–€ŒSº˜a’¬’z’nV“c,15-6,,
19384-0900-20.zip,202202141041,’†‹–€ŒSº˜a’¬’z’nV“c,15-7,,
19384-0900-20.zip,202202141041,’†‹–€ŒSº˜a’¬’z’nV“c,15-8,,
19384-0900-20.zip,202202141041,’†‹–€ŒSº˜a’¬’z’nV“c,15-9,,
19384-0900-20.zip,202202141041,’†‹–€ŒSº˜a’¬’z’nV“c,15-10,,
19384-0900-20.zip,202202141041,’†‹–€ŒSº˜a’¬’z’nV“c,27-4,,
19384-0900-20.zip,202202141041,’†‹–€ŒSº˜a’¬’z’nV“c,39-4,,
19384-0900-20.zip,202202141041,’†‹–€ŒSº˜a’¬’z’nV“c,39-5,,
19384-0900-20.zip,202202141041,’†‹–€ŒSº˜a’¬’z’nV“c,78-4,,
19384-0900-20.zip,202202141041,’†‹–€ŒSº˜a’¬’z’nV“c,78-5,,
19384-0900-20.zip,202202141041,’†‹–€ŒSº˜a’¬’z’nV“c,78-6,,
19384-0900-20.zip,202202141041,’†‹–€ŒSº˜a’¬’z’nV“c,92-1,,
19384-0900-20.zip,202202141041,’†‹–€ŒSº˜a’¬’z’nV“c,92-2,,
19384-0900-20.zip,202202141041,’†‹–€ŒSº˜a’¬’z’nV“c,93-2,,
19384-0900-20.zip,202202141041,’†‹–€ŒSº˜a’¬’z’nV“c,94-1,,
19384-0900-20.zip,202202141041,’†‹–€ŒSº˜a’¬’z’nV“c,94-2,,
19384-0900-20.zip,202202141041,’†‹–€ŒSº˜a’¬’z’nV“c,95-1,,
19384-0900-20.zip,202202141041,’†‹–€ŒSº˜a’¬’z’nV“c,95-2,,
19384-0900-20.zip,202202141041,’†‹–€ŒSº˜a’¬’z’nV“c,96-1,,
19384-0900-20.zip,202202141041,’†‹–€ŒSº˜a’¬’z’nV“c,96-2,,
19384-0900-20.zip,202202141041,’†‹–€ŒSº˜a’¬’z’nV“c,97-2,,
19384-0900-20.zip,202202141041,’†‹–€ŒSº˜a’¬’z’nV“c,98-1,,
19384-0900-20.zip,202202141041,’†‹–€ŒSº˜a’¬’z’nV“c,98-2,,
19384-0900-20.zip,202202141041,’†‹–€ŒSº˜a’¬’z’nV“c,99-2,,
19384-0900-20.zip,202202141041,’†‹–€ŒSº˜a’¬’z’nV“c,100-1,,
19384-0900-20.zip,202202141041,’†‹–€ŒSº˜a’¬’z’nV“c,100-2,,
19384-0900-20.zip,202202141041,’†‹–€ŒSº˜a’¬’z’nV“c,100-3,,
19384-0900-20.zip,202202141041,’†‹–€ŒSº˜a’¬’z’nV“c,101-2,,
19384-0900-20.zip,202202141041,’†‹–€ŒSº˜a’¬’z’nV“c,102-2,,
19384-0900-20.zip,202202141041,’†‹–€ŒSº˜a’¬’z’nV“c,102-3,,
19384-0900-20.zip,202202141041,’†‹–€ŒSº˜a’¬’z’nV“c,102-4,,
19384-0900-20.zip,202202141041,’†‹–€ŒSº˜a’¬’z’nV“c,103-2,,
19384-0900-20.zip,202202141041,’†‹–€ŒSº˜a’¬’z’nV“c,103-3,,
19384-0900-20.zip,202202141041,’†‹–€ŒSº˜a’¬’z’nV“c,105-1,,
19384-0900-20.zip,202202141041,’†‹–€ŒSº˜a’¬’z’nV“c,105-2,,
19384-0900-20.zip,202202141041,’†‹–€ŒSº˜a’¬’z’nV“c,106-1,,
19384-0900-20.zip,202202141041,’†‹–€ŒSº˜a’¬’z’nV“c,106-2,,
19384-0900-20.zip,202202141041,’†‹–€ŒSº˜a’¬’z’nV“c,107-1,,
19384-0900-20.zip,202202141041,’†‹–€ŒSº˜a’¬’z’nV“c,107-2,,
19384-0900-20.zip,202202141041,’†‹–€ŒSº˜a’¬’z’nV“c,108-1,,
19384-0900-20.zip,202202141041,’†‹–€ŒSº˜a’¬’z’nV“c,108-2,,
19384-0900-20.zip,202202141041,’†‹–€ŒSº˜a’¬’z’nV“c,108-3,,
19384-0900-20.zip,202202141041,’†‹–€ŒSº˜a’¬’z’nV“c,109,,
19384-0900-20.zip,202202141041,’†‹–€ŒSº˜a’¬’z’nV“c,110-1,,
19384-0900-20.zip,202202141041,’†‹–€ŒSº˜a’¬’z’nV“c,110-2,,
19384-0900-20.zip,202202141041,’†‹–€ŒSº˜a’¬’z’nV“c,111,,
19384-0900-20.zip,202202141041,’†‹–€ŒSº˜a’¬’z’nV“c,112-1,,
19384-0900-20.zip,202202141041,’†‹–€ŒSº˜a’¬’z’nV“c,112-2,,
19384-0900-20.zip,202202141041,’†‹–€ŒSº˜a’¬’z’nV“c,113-2,,
19384-0900-20.zip,202202141041,’†‹–€ŒSº˜a’¬’z’nV“c,114-2,,
19384-0900-20.zip,202202141041,’†‹–€ŒSº˜a’¬’z’nV“c,114-3,,
19384-0900-20.zip,202202141041,’†‹–€ŒSº˜a’¬’z’nV“c,115-2,,
19384-0900-20.zip,202202141041,’†‹–€ŒSº˜a’¬’z’nV“c,116-2,,
19384-0900-20.zip,202202141041,’†‹–€ŒSº˜a’¬’z’nV“c,117-1,,
19384-0900-20.zip,202202141041,’†‹–€ŒSº˜a’¬’z’nV“c,117-3,,
19384-0900-20.zip,202202141041,’†‹–€ŒSº˜a’¬’z’nV“c,117-5,,
19384-0900-20.zip,202202141041,’†‹–€ŒSº˜a’¬’z’nV“c,117-6,,
19384-0900-20.zip,202202141041,’†‹–€ŒSº˜a’¬’z’nV“c,122,,
19384-0900-20.zip,202202141041,’†‹–€ŒSº˜a’¬’z’nV“c,131-1,,
19384-0900-20.zip,202202141041,’†‹–€ŒSº˜a’¬’z’nV“c,131-3,,
19384-0900-20.zip,202202141041,’†‹–€ŒSº˜a’¬’z’nV“c,168-9,,
19384-0900-20.zip,202202141041,’†‹–€ŒSº˜a’¬’z’nV“c,168-10,,
19384-0900-20.zip,202202141041,’†‹–€ŒSº˜a’¬’z’nV“c,168-18,,
19384-0900-20.zip,202202141041,’†‹–€ŒSº˜a’¬’z’nV“c,168-19,,
19384-0900-20.zip,202202141041,’†‹–€ŒSº˜a’¬’z’nV“c,168-27,,
19384-0900-20.zip,202202141041,’†‹–€ŒSº˜a’¬’z’nV“c,168-28,,
19384-0900-20.zip,202202141041,’†‹–€ŒSº˜a’¬’z’nV“c,168-36,,
19384-0900-20.zip,202202141041,’†‹–€ŒSº˜a’¬’z’nV“c,168-37,,
19384-0900-20.zip,202202141041,’†‹–€ŒSº˜a’¬’z’nV“c,168-40,,
19384-0900-20.zip,202202141041,’†‹–€ŒSº˜a’¬’z’nV“c,168-43,,
19384-0900-20.zip,202202141041,’†‹–€ŒSº˜a’¬’z’nV“c,168-44,,
19384-0900-20.zip,202202141041,’†‹–€ŒSº˜a’¬’z’nV“c,168-45,,
19384-0900-20.zip,202202141041,’†‹–€ŒSº˜a’¬’z’nV“c,168-48,,
19384-0900-20.zip,202202141041,’†‹–€ŒSº˜a’¬’z’nV“c,168-51,,
19384-0900-20.zip,202202141041,’†‹–€ŒSº˜a’¬’z’nV“c,168-58,,
19384-0900-20.zip,202202141041,’†‹–€ŒSº˜a’¬’z’nV“c,168-64,,
19384-0900-20.zip,202202141041,’†‹–€ŒSº˜a’¬’z’nV“c,168-70,,
19384-0900-20.zip,202202141041,’†‹–€ŒSº˜a’¬’z’nV“c,168-79,,
19384-0900-20.zip,202202141041,’†‹–€ŒSº˜a’¬’z’nV“c,168-80,,
19384-0900-20.zip,202202141041,’†‹–€ŒSº˜a’¬’z’nV“c,168-82,,
19384-0900-20.zip,202202141041,’†‹–€ŒSº˜a’¬’z’nV“c,168-83,,
19384-0900-20.zip,202202141041,’†‹–€ŒSº˜a’¬’z’nV“c,168-84,,
19384-0900-20.zip,202202141041,’†‹–€ŒSº˜a’¬’z’nV“c,168-85,,
19384-0900-20.zip,202202141041,’†‹–€ŒSº˜a’¬’z’nV“c,168-86,,
19384-0900-20.zip,202202141041,’†‹–€ŒSº˜a’¬’z’nV“c,“¹-1,,
19384-0900-20.zip,202202141041,’†‹–€ŒSº˜a’¬’z’nV“c,“¹-2,,
19384-0900-20.zip,202202141041,’†‹–€ŒSº˜a’¬’z’nV“c,“¹-3,,
19384-0900-20.zip,202202141041,’†‹–€ŒSº˜a’¬’z’nV“c,“¹-4,,
19384-0900-20.zip,202202141041,’†‹–€ŒSº˜a’¬’z’nV“c,…-1,,
19384-0900-20.zip,202202141041,’†‹–€ŒSº˜a’¬’z’nV“c,…-2,,
19384-0900-20.zip,202202141041,’†‹–€ŒSº˜a’¬’z’nV“c,…-3,,
19384-0900-20.zip,202202141041,’†‹–€ŒSº˜a’¬’z’nV“c,…-4,,
19384-0900-20.zip,202202141041,’†‹–€ŒSº˜a’¬’z’nV“c,…-5,,
19384-0900-20.zip,202202141041,’†‹–€ŒSº˜a’¬’z’nV“c,118-3,,
19384-0900-20.zip,202202141041,’†‹–€ŒSº˜a’¬’z’nV“c,118-1,,
19384-0900-20.zip,202202141041,’†‹–€ŒSº˜a’¬’z’nV“c,120,,
19384-0900-20.zip,202202141041,’†‹–€ŒSº˜a’¬’z’nV“c,118-2,,
19384-0900-21.zip,202202141041,’†‹–€ŒSº˜a’¬¼ğ,4363,,
19384-0900-21.zip,202202141041,’†‹–€ŒSº˜a’¬¼ğ,4364,,
19384-0900-21.zip,202202141041,’†‹–€ŒSº˜a’¬¼ğ,4344,,
19384-0900-21.zip,202202141041,’†‹–€ŒSº˜a’¬¼ğ,4345,,
19384-0900-21.zip,202202141041,’†‹–€ŒSº˜a’¬¼ğ,4346,,
19384-0900-21.zip,202202141041,’†‹–€ŒSº˜a’¬¼ğ,4347-1,,
19384-0900-21.zip,202202141041,’†‹–€ŒSº˜a’¬¼ğ,4347-2,,
19384-0900-21.zip,202202141041,’†‹–€ŒSº˜a’¬¼ğ,4347-3,,
19384-0900-21.zip,202202141041,’†‹–€ŒSº˜a’¬¼ğ,4347-4,,
19384-0900-21.zip,202202141041,’†‹–€ŒSº˜a’¬¼ğ,4347-5,,
19384-0900-21.zip,202202141041,’†‹–€ŒSº˜a’¬¼ğ,4347-6,,
19384-0900-21.zip,202202141041,’†‹–€ŒSº˜a’¬¼ğ,4349,,
19384-0900-21.zip,202202141041,’†‹–€ŒSº˜a’¬¼ğ,4351,,
19384-0900-21.zip,202202141041,’†‹–€ŒSº˜a’¬¼ğ,4352,,
19384-0900-21.zip,202202141041,’†‹–€ŒSº˜a’¬¼ğ,4353-1,,
19384-0900-21.zip,202202141041,’†‹–€ŒSº˜a’¬¼ğ,4353-2,,
19384-0900-21.zip,202202141041,’†‹–€ŒSº˜a’¬¼ğ,4353-3,,
19384-0900-21.zip,202202141041,’†‹–€ŒSº˜a’¬¼ğ,4353-4,,
19384-0900-21.zip,202202141041,’†‹–€ŒSº˜a’¬¼ğ,4353-5,,
19384-0900-21.zip,202202141041,’†‹–€ŒSº˜a’¬¼ğ,4356,,
19384-0900-21.zip,202202141041,’†‹–€ŒSº˜a’¬¼ğ,4357-1,,
19384-0900-21.zip,202202141041,’†‹–€ŒSº˜a’¬¼ğ,4357-2,,
19384-0900-21.zip,202202141041,’†‹–€ŒSº˜a’¬¼ğ,4357-3,,
19384-0900-21.zip,202202141041,’†‹–€ŒSº˜a’¬¼ğ,4357-4,,
19384-0900-21.zip,202202141041,’†‹–€ŒSº˜a’¬¼ğ,4357-5,,
19384-0900-21.zip,202202141041,’†‹–€ŒSº˜a’¬¼ğ,4357-6,,
19384-0900-21.zip,202202141041,’†‹–€ŒSº˜a’¬¼ğ,4357-7,,
19384-0900-21.zip,202202141041,’†‹–€ŒSº˜a’¬¼ğ,4357-8,,
19384-0900-21.zip,202202141041,’†‹–€ŒSº˜a’¬¼ğ,4357-9,,
19384-0900-21.zip,202202141041,’†‹–€ŒSº˜a’¬¼ğ,4358-1,,
19384-0900-21.zip,202202141041,’†‹–€ŒSº˜a’¬¼ğ,4358-2,,
19384-0900-21.zip,202202141041,’†‹–€ŒSº˜a’¬¼ğ,4358-3,,
19384-0900-21.zip,202202141041,’†‹–€ŒSº˜a’¬¼ğ,4359-3,,
19384-0900-21.zip,202202141041,’†‹–€ŒSº˜a’¬¼ğ,4359-4,,
19384-0900-21.zip,202202141041,’†‹–€ŒSº˜a’¬¼ğ,4359-5,,
19384-0900-21.zip,202202141041,’†‹–€ŒSº˜a’¬¼ğ,4359-6,,
19384-0900-21.zip,202202141041,’†‹–€ŒSº˜a’¬¼ğ,4360,,
19384-0900-21.zip,202202141041,’†‹–€ŒSº˜a’¬¼ğ,4361-1,,
19384-0900-21.zip,202202141041,’†‹–€ŒSº˜a’¬¼ğ,4361-2,,
19384-0900-21.zip,202202141041,’†‹–€ŒSº˜a’¬¼ğ,4361-3,,
19384-0900-21.zip,202202141041,’†‹–€ŒSº˜a’¬¼ğ,4361-4,,
19384-0900-21.zip,202202141041,’†‹–€ŒSº˜a’¬¼ğ,4361-5,,
19384-0900-21.zip,202202141041,’†‹–€ŒSº˜a’¬¼ğ,4361-6,,
19384-0900-21.zip,202202141041,’†‹–€ŒSº˜a’¬¼ğ,4361-7,,
19384-0900-21.zip,202202141041,’†‹–€ŒSº˜a’¬¼ğ,4361-8,,
19384-0900-21.zip,202202141041,’†‹–€ŒSº˜a’¬¼ğ,4361-9,,
19384-0900-21.zip,202202141041,’†‹–€ŒSº˜a’¬¼ğ,4361-10,,
19384-0900-21.zip,202202141041,’†‹–€ŒSº˜a’¬¼ğ,4361-11,,
19384-0900-21.zip,202202141041,’†‹–€ŒSº˜a’¬¼ğ,4361-12,,
19384-0900-21.zip,202202141041,’†‹–€ŒSº˜a’¬¼ğ,4361-13,,
19384-0900-21.zip,202202141041,’†‹–€ŒSº˜a’¬¼ğ,4362,,
19384-0900-21.zip,202202141041,’†‹–€ŒSº˜a’¬¼ğ,•MŠE–¢’è’n-903,’†‹–€ŒSº˜a’¬¼ğ,4348
19384-0900-21.zip,202202141041,’†‹–€ŒSº˜a’¬¼ğ,•MŠE–¢’è’n-903,’†‹–€ŒSº˜a’¬¼ğ,4350
19384-0900-21.zip,202202141041,’†‹–€ŒSº˜a’¬¼ğ,4339-3,,
19384-0900-21.zip,202202141041,’†‹–€ŒSº˜a’¬¼ğ,4339-4,,
19384-0900-21.zip,202202141041,’†‹–€ŒSº˜a’¬¼ğ,4340-6,,
19384-0900-21.zip,202202141041,’†‹–€ŒSº˜a’¬¼ğ,4340-8,,
19384-0900-21.zip,202202141041,’†‹–€ŒSº˜a’¬¼ğ,4340-9,,
19384-0900-21.zip,202202141041,’†‹–€ŒSº˜a’¬¼ğ,4340-10,,
19384-0900-21.zip,202202141041,’†‹–€ŒSº˜a’¬¼ğ,4340-11,,
19384-0900-21.zip,202202141041,’†‹–€ŒSº˜a’¬¼ğ,4342-1,,
19384-0900-21.zip,202202141041,’†‹–€ŒSº˜a’¬¼ğ,4342-3,,
19384-0900-21.zip,202202141041,’†‹–€ŒSº˜a’¬¼ğ,4342-6,,
19384-0900-21.zip,202202141041,’†‹–€ŒSº˜a’¬¼ğ,4342-7,,
19384-0900-21.zip,202202141041,’†‹–€ŒSº˜a’¬¼ğ,4343,,
19384-0900-21.zip,202202141041,’†‹–€ŒSº˜a’¬,’n‹æŠO-790184,,
19384-0900-21.zip,202202141041,’†‹–€ŒSº˜a’¬,’n‹æŠO-790186,,
19384-0900-21.zip,202202141041,’†‹–€ŒSº˜a’¬,’n‹æŠO-790187,,
19384-0900-21.zip,202202141041,’†‹–€ŒSº˜a’¬,’n‹æŠO-790188,,
19384-0900-21.zip,202202141041,’†‹–€ŒSº˜a’¬,’n‹æŠO-790189,,
19384-0900-21.zip,202202141041,’†‹–€ŒSº˜a’¬,’n‹æŠO-790190,,
19384-0900-21.zip,202202141041,’†‹–€ŒSº˜a’¬,’n‹æŠO-790191,,
19384-0900-21.zip,202202141041,’†‹–€ŒSº˜a’¬,’n‹æŠO-790192,,
19384-0900-21.zip,202202141041,’†‹–€ŒSº˜a’¬,’n‹æŠO-790194,,
19384-0900-21.zip,202202141041,’†‹–€ŒSº˜a’¬¼ğ,4359-7,,
19384-0900-21.zip,202202141041,’†‹–€ŒSº˜a’¬¼ğ,4359-1,,
19384-0900-21.zip,202202141041,’†‹–€ŒSº˜a’¬¼ğ,4359-2,,
19384-0900-21.zip,202202141041,’†‹–€ŒSº˜a’¬¼ğ,4340-7,,
19384-0900-21.zip,202202141041,’†‹–€ŒSº˜a’¬¼ğ,4340-13,,
19384-0900-21.zip,202202141041,’†‹–€ŒSº˜a’¬¼ğ,4340-18,,
19384-0900-21.zip,202202141041,’†‹–€ŒSº˜a’¬¼ğ,4340-12,,
19384-0900-21.zip,202202141041,’†‹–€ŒSº˜a’¬¼ğ,4340-15,,
19384-0900-21.zip,202202141041,’†‹–€ŒSº˜a’¬¼ğ,4340-16,,
19384-0900-21.zip,202202141041,’†‹–€ŒSº˜a’¬¼ğ,4340-22,,
19384-0900-21.zip,202202141041,’†‹–€ŒSº˜a’¬¼ğ,4340-17,,
19384-0900-21.zip,202202141041,’†‹–€ŒSº˜a’¬¼ğ,4340-21,,
19384-0900-21.zip,202202141041,’†‹–€ŒSº˜a’¬¼ğ,4340-19,,
19384-0900-21.zip,202202141041,’†‹–€ŒSº˜a’¬¼ğ,4340-20,,
19384-0900-21.zip,202202141041,’†‹–€ŒSº˜a’¬,’n‹æŠO-790193,,
19384-0900-21.zip,202202141041,’†‹–€ŒSº˜a’¬¼ğ,4340-14,,
19384-0900-21.zip,202202141041,’†‹–€ŒSº˜a’¬¼ğ,4341,,
19384-0900-21.zip,202202141041,’†‹–€ŒSº˜a’¬¼ğ,4342-8,,
19384-0900-21.zip,202202141041,’†‹–€ŒSº˜a’¬¼ğ,4342-2,,
19384-0900-21.zip,202202141041,’†‹–€ŒSº˜a’¬¼ğ,4342-4,,
19384-0900-21.zip,202202141041,’†‹–€ŒSº˜a’¬¼ğ,4342-9,,
19384-0900-21.zip,202202141041,’†‹–€ŒSº˜a’¬¼ğ,4342-5,,
19384-0900-21.zip,202202141041,’†‹–€ŒSº˜a’¬¼ğ,4339-2,,
19384-0900-21.zip,202202141041,’†‹–€ŒSº˜a’¬¼ğ,4339-5,,
19384-0900-21.zip,202202141041,’†‹–€ŒSº˜a’¬¼ğ,4339-1,,
19384-0900-21.zip,202202141041,’†‹–€ŒSº˜a’¬¼ğ,4339-6,,
19384-0900-21.zip,202202141041,’†‹–€ŒSº˜a’¬¼ğ,4338,,
19384-0900-21.zip,202202141041,’†‹–€ŒSº˜a’¬¼ğ,4340-4,,
19384-0900-21.zip,202202141041,’†‹–€ŒSº˜a’¬¼ğ,4340-3,,
19384-0900-21.zip,202202141041,’†‹–€ŒSº˜a’¬¼ğ,4340-23,,
19384-0900-21.zip,202202141041,’†‹–€ŒSº˜a’¬¼ğ,4340-24,,
19384-0900-21.zip,202202141041,’†‹–€ŒSº˜a’¬¼ğ,4340-5,,
19384-0900-21.zip,202202141041,’†‹–€ŒSº˜a’¬¼ğ,4340-25,,
19384-0900-21.zip,202202141041,’†‹–€ŒSº˜a’¬,’n‹æŠO-790185,,
19384-0900-21.zip,202202141041,’†‹–€ŒSº˜a’¬¼ğ,4340-2,,
19384-0900-21.zip,202202141041,’†‹–€ŒSº˜a’¬¼ğ,4340-1,,
19384-0900-21.zip,202202141041,’†‹–€ŒSº˜a’¬¼ğ,4355-1,,
19384-0900-21.zip,202202141041,’†‹–€ŒSº˜a’¬¼ğ,4355-2,,
19384-0900-21.zip,202202141041,’†‹–€ŒSº˜a’¬¼ğ,4354,,
19384-0900-21.zip,202202141041,’†‹–€ŒSº˜a’¬,’n‹æŠO-790195,,
19384-0900-22.zip,202202141041,’†‹–€ŒSº˜a’¬‰Ÿ‰z,1-1,,
19384-0900-22.zip,202202141041,’†‹–€ŒSº˜a’¬‰Ÿ‰z,1-2,,
19384-0900-22.zip,202202141041,’†‹–€ŒSº˜a’¬‰Ÿ‰z,3-1,,
19384-0900-22.zip,202202141041,’†‹–€ŒSº˜a’¬‰Ÿ‰z,3-4,,
19384-0900-22.zip,202202141041,’†‹–€ŒSº˜a’¬‰Ÿ‰z,4-1,,
19384-0900-22.zip,202202141041,’†‹–€ŒSº˜a’¬‰Ÿ‰z,4-5,,
19384-0900-22.zip,202202141041,’†‹–€ŒSº˜a’¬‰Ÿ‰z,5-1,,
19384-0900-22.zip,202202141041,’†‹–€ŒSº˜a’¬‰Ÿ‰z,6-1,,
19384-0900-22.zip,202202141041,’†‹–€ŒSº˜a’¬‰Ÿ‰z,7,,
19384-0900-22.zip,202202141041,’†‹–€ŒSº˜a’¬‰Ÿ‰z,9,,
19384-0900-22.zip,202202141041,’†‹–€ŒSº˜a’¬‰Ÿ‰z,10,,
19384-0900-22.zip,202202141041,’†‹–€ŒSº˜a’¬‰Ÿ‰z,11,,
19384-0900-22.zip,202202141041,’†‹–€ŒSº˜a’¬‰Ÿ‰z,12,,
19384-0900-22.zip,202202141041,’†‹–€ŒSº˜a’¬‰Ÿ‰z,13-1,,
19384-0900-22.zip,202202141041,’†‹–€ŒSº˜a’¬‰Ÿ‰z,13-2,,
19384-0900-22.zip,202202141041,’†‹–€ŒSº˜a’¬‰Ÿ‰z,“¹-32,,
19384-0900-22.zip,202202141041,’†‹–€ŒSº˜a’¬‰Ÿ‰z,“¹-393,,
19384-0900-22.zip,202202141041,’†‹–€ŒSº˜a’¬‰Ÿ‰z,…-1,,
19384-0900-22.zip,202202141041,’†‹–€ŒSº˜a’¬‰Ÿ‰z,…-473,,
19384-0900-22.zip,202202141041,’†‹–€ŒSº˜a’¬‰Ÿ‰z,24,,
19384-0900-22.zip,202202141041,’†‹–€ŒSº˜a’¬‰Ÿ‰z,25,,
19384-0900-22.zip,202202141041,’†‹–€ŒSº˜a’¬‰Ÿ‰z,26-1,,
19384-0900-22.zip,202202141041,’†‹–€ŒSº˜a’¬‰Ÿ‰z,26-2,,
19384-0900-22.zip,202202141041,’†‹–€ŒSº˜a’¬‰Ÿ‰z,26-3,,
19384-0900-22.zip,202202141041,’†‹–€ŒSº˜a’¬‰Ÿ‰z,28,,
19384-0900-22.zip,202202141041,’†‹–€ŒSº˜a’¬‰Ÿ‰z,29,,
19384-0900-22.zip,202202141041,’†‹–€ŒSº˜a’¬‰Ÿ‰z,30-1,,
19384-0900-22.zip,202202141041,’†‹–€ŒSº˜a’¬‰Ÿ‰z,30-2,,
19384-0900-22.zip,202202141041,’†‹–€ŒSº˜a’¬‰Ÿ‰z,31-1,,
19384-0900-22.zip,202202141041,’†‹–€ŒSº˜a’¬‰Ÿ‰z,33-1,,
19384-0900-22.zip,202202141041,’†‹–€ŒSº˜a’¬‰Ÿ‰z,37-2,,
19384-0900-22.zip,202202141041,’†‹–€ŒSº˜a’¬‰Ÿ‰z,39-1,,
19384-0900-22.zip,202202141041,’†‹–€ŒSº˜a’¬‰Ÿ‰z,39-2,,
19384-0900-22.zip,202202141041,’†‹–€ŒSº˜a’¬‰Ÿ‰z,39-3,,
19384-0900-22.zip,202202141041,’†‹–€ŒSº˜a’¬‰Ÿ‰z,39-4,,
19384-0900-22.zip,202202141041,’†‹–€ŒSº˜a’¬‰Ÿ‰z,39-5,,
19384-0900-22.zip,202202141041,’†‹–€ŒSº˜a’¬‰Ÿ‰z,39-6,,
19384-0900-22.zip,202202141041,’†‹–€ŒSº˜a’¬‰Ÿ‰z,40,,
19384-0900-22.zip,202202141041,’†‹–€ŒSº˜a’¬‰Ÿ‰z,41,,
19384-0900-22.zip,202202141041,’†‹–€ŒSº˜a’¬‰Ÿ‰z,42,,
19384-0900-22.zip,202202141041,’†‹–€ŒSº˜a’¬‰Ÿ‰z,45,,
19384-0900-22.zip,202202141041,’†‹–€ŒSº˜a’¬‰Ÿ‰z,46,,
19384-0900-22.zip,202202141041,’†‹–€ŒSº˜a’¬‰Ÿ‰z,47,,
19384-0900-22.zip,202202141041,’†‹–€ŒSº˜a’¬‰Ÿ‰z,49,,
19384-0900-22.zip,202202141041,’†‹–€ŒSº˜a’¬‰Ÿ‰z,50,,
19384-0900-22.zip,202202141041,’†‹–€ŒSº˜a’¬‰Ÿ‰z,51,,
19384-0900-22.zip,202202141041,’†‹–€ŒSº˜a’¬‰Ÿ‰z,52-1,,
19384-0900-22.zip,202202141041,’†‹–€ŒSº˜a’¬‰Ÿ‰z,52-2,,
19384-0900-22.zip,202202141041,’†‹–€ŒSº˜a’¬‰Ÿ‰z,52-3,,
19384-0900-22.zip,202202141041,’†‹–€ŒSº˜a’¬‰Ÿ‰z,53,,
19384-0900-22.zip,202202141041,’†‹–€ŒSº˜a’¬‰Ÿ‰z,54,,
19384-0900-22.zip,202202141041,’†‹–€ŒSº˜a’¬‰Ÿ‰z,56,,
19384-0900-22.zip,202202141041,’†‹–€ŒSº˜a’¬‰Ÿ‰z,57,,
19384-0900-22.zip,202202141041,’†‹–€ŒSº˜a’¬‰Ÿ‰z,58-1,,
19384-0900-22.zip,202202141041,’†‹–€ŒSº˜a’¬‰Ÿ‰z,58-2,,
19384-0900-22.zip,202202141041,’†‹–€ŒSº˜a’¬‰Ÿ‰z,60-1,,
19384-0900-22.zip,202202141041,’†‹–€ŒSº˜a’¬‰Ÿ‰z,60-2,,
19384-0900-22.zip,202202141041,’†‹–€ŒSº˜a’¬‰Ÿ‰z,61-1,,
19384-0900-22.zip,202202141041,’†‹–€ŒSº˜a’¬‰Ÿ‰z,61-2,,
19384-0900-22.zip,202202141041,’†‹–€ŒSº˜a’¬‰Ÿ‰z,62,,
19384-0900-22.zip,202202141041,’†‹–€ŒSº˜a’¬‰Ÿ‰z,65,,
19384-0900-22.zip,202202141041,’†‹–€ŒSº˜a’¬‰Ÿ‰z,67,,
19384-0900-22.zip,202202141041,’†‹–€ŒSº˜a’¬‰Ÿ‰z,68-2,,
19384-0900-22.zip,202202141041,’†‹–€ŒSº˜a’¬‰Ÿ‰z,68-3,,
19384-0900-22.zip,202202141041,’†‹–€ŒSº˜a’¬‰Ÿ‰z,68-4,,
19384-0900-22.zip,202202141041,’†‹–€ŒSº˜a’¬‰Ÿ‰z,71-1,,
19384-0900-22.zip,202202141041,’†‹–€ŒSº˜a’¬‰Ÿ‰z,71-3,,
19384-0900-22.zip,202202141041,’†‹–€ŒSº˜a’¬‰Ÿ‰z,71-4,,
19384-0900-22.zip,202202141041,’†‹–€ŒSº˜a’¬‰Ÿ‰z,71-5,,
19384-0900-22.zip,202202141041,’†‹–€ŒSº˜a’¬‰Ÿ‰z,71-6,,
19384-0900-22.zip,202202141041,’†‹–€ŒSº˜a’¬‰Ÿ‰z,“¹-359,,
19384-0900-22.zip,202202141041,’†‹–€ŒSº˜a’¬‰Ÿ‰z,“¹-375,,
19384-0900-22.zip,202202141041,’†‹–€ŒSº˜a’¬‰Ÿ‰z,“¹-413,,
19384-0900-22.zip,202202141041,’†‹–€ŒSº˜a’¬‰Ÿ‰z,…-435,,
19384-0900-22.zip,202202141041,’†‹–€ŒSº˜a’¬‰Ÿ‰z,…-535,,
19384-0900-22.zip,202202141041,’†‹–€ŒSº˜a’¬‰Ÿ‰z,…-536,,
19384-0900-22.zip,202202141041,’†‹–€ŒSº˜a’¬‰Ÿ‰z,72-3,,
19384-0900-22.zip,202202141041,’†‹–€ŒSº˜a’¬‰Ÿ‰z,74-1,,
19384-0900-22.zip,202202141041,’†‹–€ŒSº˜a’¬‰Ÿ‰z,75-1,,
19384-0900-22.zip,202202141041,’†‹–€ŒSº˜a’¬‰Ÿ‰z,78,,
19384-0900-22.zip,202202141041,’†‹–€ŒSº˜a’¬‰Ÿ‰z,80-1,,
19384-0900-22.zip,202202141041,’†‹–€ŒSº˜a’¬‰Ÿ‰z,80-2,,
19384-0900-22.zip,202202141041,’†‹–€ŒSº˜a’¬‰Ÿ‰z,81-1,,
19384-0900-22.zip,202202141041,’†‹–€ŒSº˜a’¬‰Ÿ‰z,81-2,,
19384-0900-22.zip,202202141041,’†‹–€ŒSº˜a’¬‰Ÿ‰z,82-1,,
19384-0900-22.zip,202202141041,’†‹–€ŒSº˜a’¬‰Ÿ‰z,82-2,,
19384-0900-22.zip,202202141041,’†‹–€ŒSº˜a’¬‰Ÿ‰z,82-3,,
19384-0900-22.zip,202202141041,’†‹–€ŒSº˜a’¬‰Ÿ‰z,83-1,,
19384-0900-22.zip,202202141041,’†‹–€ŒSº˜a’¬‰Ÿ‰z,83-2,,
19384-0900-22.zip,202202141041,’†‹–€ŒSº˜a’¬‰Ÿ‰z,83-3,,
19384-0900-22.zip,202202141041,’†‹–€ŒSº˜a’¬‰Ÿ‰z,84-1,,
19384-0900-22.zip,202202141041,’†‹–€ŒSº˜a’¬‰Ÿ‰z,84-2,,
19384-0900-22.zip,202202141041,’†‹–€ŒSº˜a’¬‰Ÿ‰z,84-3,,
19384-0900-22.zip,202202141041,’†‹–€ŒSº˜a’¬‰Ÿ‰z,84-4,,
19384-0900-22.zip,202202141041,’†‹–€ŒSº˜a’¬‰Ÿ‰z,85-1,,
19384-0900-22.zip,202202141041,’†‹–€ŒSº˜a’¬‰Ÿ‰z,85-2,,
19384-0900-22.zip,202202141041,’†‹–€ŒSº˜a’¬‰Ÿ‰z,85-3,,
19384-0900-22.zip,202202141041,’†‹–€ŒSº˜a’¬‰Ÿ‰z,85-4,,
19384-0900-22.zip,202202141041,’†‹–€ŒSº˜a’¬‰Ÿ‰z,86-1,,
19384-0900-22.zip,202202141041,’†‹–€ŒSº˜a’¬‰Ÿ‰z,86-2,,
19384-0900-22.zip,202202141041,’†‹–€ŒSº˜a’¬‰Ÿ‰z,86-3,,
19384-0900-22.zip,202202141041,’†‹–€ŒSº˜a’¬‰Ÿ‰z,87,,
19384-0900-22.zip,202202141041,’†‹–€ŒSº˜a’¬‰Ÿ‰z,88,,
19384-0900-22.zip,202202141041,’†‹–€ŒSº˜a’¬‰Ÿ‰z,89,,
19384-0900-22.zip,202202141041,’†‹–€ŒSº˜a’¬‰Ÿ‰z,90,,
19384-0900-22.zip,202202141041,’†‹–€ŒSº˜a’¬‰Ÿ‰z,91,,
19384-0900-22.zip,202202141041,’†‹–€ŒSº˜a’¬‰Ÿ‰z,92,,
19384-0900-22.zip,202202141041,’†‹–€ŒSº˜a’¬‰Ÿ‰z,97,,
19384-0900-22.zip,202202141041,’†‹–€ŒSº˜a’¬‰Ÿ‰z,98,,
19384-0900-22.zip,202202141041,’†‹–€ŒSº˜a’¬‰Ÿ‰z,99,,
19384-0900-22.zip,202202141041,’†‹–€ŒSº˜a’¬‰Ÿ‰z,100-1,,
19384-0900-22.zip,202202141041,’†‹–€ŒSº˜a’¬‰Ÿ‰z,100-2,,
19384-0900-22.zip,202202141041,’†‹–€ŒSº˜a’¬‰Ÿ‰z,101-2,,
19384-0900-22.zip,202202141041,’†‹–€ŒSº˜a’¬‰Ÿ‰z,102-1,,
19384-0900-22.zip,202202141041,’†‹–€ŒSº˜a’¬‰Ÿ‰z,102-2,,
19384-0900-22.zip,202202141041,’†‹–€ŒSº˜a’¬‰Ÿ‰z,102-3,,
19384-0900-22.zip,202202141041,’†‹–€ŒSº˜a’¬‰Ÿ‰z,104-1,,
19384-0900-22.zip,202202141041,’†‹–€ŒSº˜a’¬‰Ÿ‰z,104-2,,
19384-0900-22.zip,202202141041,’†‹–€ŒSº˜a’¬‰Ÿ‰z,105-1,,
19384-0900-22.zip,202202141041,’†‹–€ŒSº˜a’¬‰Ÿ‰z,105-2,,
19384-0900-22.zip,202202141041,’†‹–€ŒSº˜a’¬‰Ÿ‰z,109,,
19384-0900-22.zip,202202141041,’†‹–€ŒSº˜a’¬‰Ÿ‰z,110-1,,
19384-0900-22.zip,202202141041,’†‹–€ŒSº˜a’¬‰Ÿ‰z,110-2,,
19384-0900-22.zip,202202141041,’†‹–€ŒSº˜a’¬‰Ÿ‰z,110-3,,
19384-0900-22.zip,202202141041,’†‹–€ŒSº˜a’¬‰Ÿ‰z,111-1,,
19384-0900-22.zip,202202141041,’†‹–€ŒSº˜a’¬‰Ÿ‰z,111-2,,
19384-0900-22.zip,202202141041,’†‹–€ŒSº˜a’¬‰Ÿ‰z,113,,
19384-0900-22.zip,202202141041,’†‹–€ŒSº˜a’¬‰Ÿ‰z,115,,
19384-0900-22.zip,202202141041,’†‹–€ŒSº˜a’¬‰Ÿ‰z,116,,
19384-0900-22.zip,202202141041,’†‹–€ŒSº˜a’¬‰Ÿ‰z,118-2,,
19384-0900-22.zip,202202141041,’†‹–€ŒSº˜a’¬‰Ÿ‰z,118-3,,
19384-0900-22.zip,202202141041,’†‹–€ŒSº˜a’¬‰Ÿ‰z,123,,
19384-0900-22.zip,202202141041,’†‹–€ŒSº˜a’¬‰Ÿ‰z,126-1,,
19384-0900-22.zip,202202141041,’†‹–€ŒSº˜a’¬‰Ÿ‰z,139-1,,
19384-0900-22.zip,202202141041,’†‹–€ŒSº˜a’¬‰Ÿ‰z,143-1,,
19384-0900-22.zip,202202141041,’†‹–€ŒSº˜a’¬‰Ÿ‰z,143-2,,
19384-0900-22.zip,202202141041,’†‹–€ŒSº˜a’¬‰Ÿ‰z,146-1,,
19384-0900-22.zip,202202141041,’†‹–€ŒSº˜a’¬‰Ÿ‰z,146-2,,
19384-0900-22.zip,202202141041,’†‹–€ŒSº˜a’¬‰Ÿ‰z,147-1,,
19384-0900-22.zip,202202141041,’†‹–€ŒSº˜a’¬‰Ÿ‰z,147-2,,
19384-0900-22.zip,202202141041,’†‹–€ŒSº˜a’¬‰Ÿ‰z,147-3,,
19384-0900-22.zip,202202141041,’†‹–€ŒSº˜a’¬‰Ÿ‰z,149,,
19384-0900-22.zip,202202141041,’†‹–€ŒSº˜a’¬‰Ÿ‰z,151,,
19384-0900-22.zip,202202141041,’†‹–€ŒSº˜a’¬‰Ÿ‰z,152-1,,
19384-0900-22.zip,202202141041,’†‹–€ŒSº˜a’¬‰Ÿ‰z,152-2,,
19384-0900-22.zip,202202141041,’†‹–€ŒSº˜a’¬‰Ÿ‰z,152-3,,
19384-0900-22.zip,202202141041,’†‹–€ŒSº˜a’¬‰Ÿ‰z,153,,
19384-0900-22.zip,202202141041,’†‹–€ŒSº˜a’¬‰Ÿ‰z,154,,
19384-0900-22.zip,202202141041,’†‹–€ŒSº˜a’¬‰Ÿ‰z,155,,
19384-0900-22.zip,202202141041,’†‹–€ŒSº˜a’¬‰Ÿ‰z,156,,
19384-0900-22.zip,202202141041,’†‹–€ŒSº˜a’¬‰Ÿ‰z,157,,
19384-0900-22.zip,202202141041,’†‹–€ŒSº˜a’¬‰Ÿ‰z,158-1,,
19384-0900-22.zip,202202141041,’†‹–€ŒSº˜a’¬‰Ÿ‰z,158-2,,
19384-0900-22.zip,202202141041,’†‹–€ŒSº˜a’¬‰Ÿ‰z,159,,
19384-0900-22.zip,202202141041,’†‹–€ŒSº˜a’¬‰Ÿ‰z,–³’n”Ô-38,,
19384-0900-22.zip,202202141041,’†‹–€ŒSº˜a’¬‰Ÿ‰z,“¹-395,,
19384-0900-22.zip,202202141041,’†‹–€ŒSº˜a’¬‰Ÿ‰z,“¹-406,,
19384-0900-22.zip,202202141041,’†‹–€ŒSº˜a’¬‰Ÿ‰z,“¹-420,,
19384-0900-22.zip,202202141041,’†‹–€ŒSº˜a’¬‰Ÿ‰z,…-4,,
19384-0900-22.zip,202202141041,’†‹–€ŒSº˜a’¬‰Ÿ‰z,…-499,,
19384-0900-22.zip,202202141041,’†‹–€ŒSº˜a’¬‰Ÿ‰z,…-557,,
19384-0900-22.zip,202202141041,’†‹–€ŒSº˜a’¬‰Ÿ‰z,160,,
19384-0900-22.zip,202202141041,’†‹–€ŒSº˜a’¬‰Ÿ‰z,163,,
19384-0900-22.zip,202202141041,’†‹–€ŒSº˜a’¬‰Ÿ‰z,164-2,,
19384-0900-22.zip,202202141041,’†‹–€ŒSº˜a’¬‰Ÿ‰z,164-3,,
19384-0900-22.zip,202202141041,’†‹–€ŒSº˜a’¬‰Ÿ‰z,164-4,,
19384-0900-22.zip,202202141041,’†‹–€ŒSº˜a’¬‰Ÿ‰z,164-5,,
19384-0900-22.zip,202202141041,’†‹–€ŒSº˜a’¬‰Ÿ‰z,166-2,,
19384-0900-22.zip,202202141041,’†‹–€ŒSº˜a’¬‰Ÿ‰z,166-3,,
19384-0900-22.zip,202202141041,’†‹–€ŒSº˜a’¬‰Ÿ‰z,166-4,,
19384-0900-22.zip,202202141041,’†‹–€ŒSº˜a’¬‰Ÿ‰z,166-5,,
19384-0900-22.zip,202202141041,’†‹–€ŒSº˜a’¬‰Ÿ‰z,166-6,,
19384-0900-22.zip,202202141041,’†‹–€ŒSº˜a’¬‰Ÿ‰z,166-7,,
19384-0900-22.zip,202202141041,’†‹–€ŒSº˜a’¬‰Ÿ‰z,166-8,,
19384-0900-22.zip,202202141041,’†‹–€ŒSº˜a’¬‰Ÿ‰z,168-1,,
19384-0900-22.zip,202202141041,’†‹–€ŒSº˜a’¬‰Ÿ‰z,168-2,,
19384-0900-22.zip,202202141041,’†‹–€ŒSº˜a’¬‰Ÿ‰z,168-3,,
19384-0900-22.zip,202202141041,’†‹–€ŒSº˜a’¬‰Ÿ‰z,168-4,,
19384-0900-22.zip,202202141041,’†‹–€ŒSº˜a’¬‰Ÿ‰z,168-5,,
19384-0900-22.zip,202202141041,’†‹–€ŒSº˜a’¬‰Ÿ‰z,169,,
19384-0900-22.zip,202202141041,’†‹–€ŒSº˜a’¬‰Ÿ‰z,171-1,,
19384-0900-22.zip,202202141041,’†‹–€ŒSº˜a’¬‰Ÿ‰z,171-2,,
19384-0900-22.zip,202202141041,’†‹–€ŒSº˜a’¬‰Ÿ‰z,173-1,,
19384-0900-22.zip,202202141041,’†‹–€ŒSº˜a’¬‰Ÿ‰z,173-2,,
19384-0900-22.zip,202202141041,’†‹–€ŒSº˜a’¬‰Ÿ‰z,174-1,,
19384-0900-22.zip,202202141041,’†‹–€ŒSº˜a’¬‰Ÿ‰z,174-2,,
19384-0900-22.zip,202202141041,’†‹–€ŒSº˜a’¬‰Ÿ‰z,175-1,,
19384-0900-22.zip,202202141041,’†‹–€ŒSº˜a’¬‰Ÿ‰z,176-1,,
19384-0900-22.zip,202202141041,’†‹–€ŒSº˜a’¬‰Ÿ‰z,177-1,,
19384-0900-22.zip,202202141041,’†‹–€ŒSº˜a’¬‰Ÿ‰z,200-1,,
19384-0900-22.zip,202202141041,’†‹–€ŒSº˜a’¬‰Ÿ‰z,200-2,,
19384-0900-22.zip,202202141041,’†‹–€ŒSº˜a’¬‰Ÿ‰z,201,,
19384-0900-22.zip,202202141041,’†‹–€ŒSº˜a’¬‰Ÿ‰z,202-1,,
19384-0900-22.zip,202202141041,’†‹–€ŒSº˜a’¬‰Ÿ‰z,202-2,,
19384-0900-22.zip,202202141041,’†‹–€ŒSº˜a’¬‰Ÿ‰z,202-3,,
19384-0900-22.zip,202202141041,’†‹–€ŒSº˜a’¬‰Ÿ‰z,202-4,,
19384-0900-22.zip,202202141041,’†‹–€ŒSº˜a’¬‰Ÿ‰z,207-4,,
19384-0900-22.zip,202202141041,’†‹–€ŒSº˜a’¬‰Ÿ‰z,207-5,,
19384-0900-22.zip,202202141041,’†‹–€ŒSº˜a’¬‰Ÿ‰z,207-6,,
19384-0900-22.zip,202202141041,’†‹–€ŒSº˜a’¬‰Ÿ‰z,207-7,,
19384-0900-22.zip,202202141041,’†‹–€ŒSº˜a’¬‰Ÿ‰z,207-8,,
19384-0900-22.zip,202202141041,’†‹–€ŒSº˜a’¬‰Ÿ‰z,207-9,,
19384-0900-22.zip,202202141041,’†‹–€ŒSº˜a’¬‰Ÿ‰z,207-10,,
19384-0900-22.zip,202202141041,’†‹–€ŒSº˜a’¬‰Ÿ‰z,207-11,,
19384-0900-22.zip,202202141041,’†‹–€ŒSº˜a’¬‰Ÿ‰z,207-12,,
19384-0900-22.zip,202202141041,’†‹–€ŒSº˜a’¬‰Ÿ‰z,207-13,,
19384-0900-22.zip,202202141041,’†‹–€ŒSº˜a’¬‰Ÿ‰z,207-14,,
19384-0900-22.zip,202202141041,’†‹–€ŒSº˜a’¬‰Ÿ‰z,207-15,,
19384-0900-22.zip,202202141041,’†‹–€ŒSº˜a’¬‰Ÿ‰z,207-16,,
19384-0900-22.zip,202202141041,’†‹–€ŒSº˜a’¬‰Ÿ‰z,“¹-1-1,,
19384-0900-22.zip,202202141041,’†‹–€ŒSº˜a’¬‰Ÿ‰z,“¹-11,,
19384-0900-22.zip,202202141041,’†‹–€ŒSº˜a’¬‰Ÿ‰z,“¹-13,,
19384-0900-22.zip,202202141041,’†‹–€ŒSº˜a’¬‰Ÿ‰z,“¹-351,,
19384-0900-22.zip,202202141041,’†‹–€ŒSº˜a’¬‰Ÿ‰z,“¹-386,,
19384-0900-22.zip,202202141041,’†‹–€ŒSº˜a’¬‰Ÿ‰z,“¹-431,,
19384-0900-22.zip,202202141041,’†‹–€ŒSº˜a’¬‰Ÿ‰z,“¹-440,,
19384-0900-22.zip,202202141041,’†‹–€ŒSº˜a’¬‰Ÿ‰z,“¹-443,,
19384-0900-22.zip,202202141041,’†‹–€ŒSº˜a’¬‰Ÿ‰z,“¹-446,,
19384-0900-22.zip,202202141041,’†‹–€ŒSº˜a’¬‰Ÿ‰z,…-1-1,,
19384-0900-22.zip,202202141041,’†‹–€ŒSº˜a’¬‰Ÿ‰z,…-52,,
19384-0900-22.zip,202202141041,’†‹–€ŒSº˜a’¬‰Ÿ‰z,…-449,,
19384-0900-22.zip,202202141041,’†‹–€ŒSº˜a’¬‰Ÿ‰z,…-503,,
19384-0900-22.zip,202202141041,’†‹–€ŒSº˜a’¬‰Ÿ‰z,…-522,,
19384-0900-22.zip,202202141041,’†‹–€ŒSº˜a’¬‰Ÿ‰z,…-583,,
19384-0900-22.zip,202202141041,’†‹–€ŒSº˜a’¬‰Ÿ‰z,…-589,,
19384-0900-22.zip,202202141041,’†‹–€ŒSº˜a’¬‰Ÿ‰z,434,,
19384-0900-22.zip,202202141041,’†‹–€ŒSº˜a’¬‰Ÿ‰z,435,,
19384-0900-22.zip,202202141041,’†‹–€ŒSº˜a’¬‰Ÿ‰z,438-1,,
19384-0900-22.zip,202202141041,’†‹–€ŒSº˜a’¬‰Ÿ‰z,438-2,,
19384-0900-22.zip,202202141041,’†‹–€ŒSº˜a’¬‰Ÿ‰z,438-3,,
19384-0900-22.zip,202202141041,’†‹–€ŒSº˜a’¬‰Ÿ‰z,439,,
19384-0900-22.zip,202202141041,’†‹–€ŒSº˜a’¬‰Ÿ‰z,440,,
19384-0900-22.zip,202202141041,’†‹–€ŒSº˜a’¬‰Ÿ‰z,441-3,,
19384-0900-22.zip,202202141041,’†‹–€ŒSº˜a’¬‰Ÿ‰z,442-1,,
19384-0900-22.zip,202202141041,’†‹–€ŒSº˜a’¬‰Ÿ‰z,442-3,,
19384-0900-22.zip,202202141041,’†‹–€ŒSº˜a’¬‰Ÿ‰z,442-4,,
19384-0900-22.zip,202202141041,’†‹–€ŒSº˜a’¬‰Ÿ‰z,443,,
19384-0900-22.zip,202202141041,’†‹–€ŒSº˜a’¬‰Ÿ‰z,444,,
19384-0900-22.zip,202202141041,’†‹–€ŒSº˜a’¬‰Ÿ‰z,446,,
19384-0900-22.zip,202202141041,’†‹–€ŒSº˜a’¬‰Ÿ‰z,447-1,,
19384-0900-22.zip,202202141041,’†‹–€ŒSº˜a’¬‰Ÿ‰z,447-2,,
19384-0900-22.zip,202202141041,’†‹–€ŒSº˜a’¬‰Ÿ‰z,448,,
19384-0900-22.zip,202202141041,’†‹–€ŒSº˜a’¬‰Ÿ‰z,449,,
19384-0900-22.zip,202202141041,’†‹–€ŒSº˜a’¬‰Ÿ‰z,“¹-344,,
19384-0900-22.zip,202202141041,’†‹–€ŒSº˜a’¬‰Ÿ‰z,“¹-379,,
19384-0900-22.zip,202202141041,’†‹–€ŒSº˜a’¬‰Ÿ‰z,…-5,,
19384-0900-22.zip,202202141041,’†‹–€ŒSº˜a’¬‰Ÿ‰z,…-32,,
19384-0900-22.zip,202202141041,’†‹–€ŒSº˜a’¬‰Ÿ‰z,…-463,,
19384-0900-22.zip,202202141041,’†‹–€ŒSº˜a’¬‰Ÿ‰z,…-515,,
19384-0900-22.zip,202202141041,’†‹–€ŒSº˜a’¬‰Ÿ‰z,…-528,,
19384-0900-22.zip,202202141041,’†‹–€ŒSº˜a’¬‰Ÿ‰z,450,,
19384-0900-22.zip,202202141041,’†‹–€ŒSº˜a’¬‰Ÿ‰z,451,,
19384-0900-22.zip,202202141041,’†‹–€ŒSº˜a’¬‰Ÿ‰z,452-1,,
19384-0900-22.zip,202202141041,’†‹–€ŒSº˜a’¬‰Ÿ‰z,452-2,,
19384-0900-22.zip,202202141041,’†‹–€ŒSº˜a’¬‰Ÿ‰z,452-3,,
19384-0900-22.zip,202202141041,’†‹–€ŒSº˜a’¬‰Ÿ‰z,452-4,,
19384-0900-22.zip,202202141041,’†‹–€ŒSº˜a’¬‰Ÿ‰z,452-5,,
19384-0900-22.zip,202202141041,’†‹–€ŒSº˜a’¬‰Ÿ‰z,452-6,,
19384-0900-22.zip,202202141041,’†‹–€ŒSº˜a’¬‰Ÿ‰z,453,,
19384-0900-22.zip,202202141041,’†‹–€ŒSº˜a’¬‰Ÿ‰z,454-1,,
19384-0900-22.zip,202202141041,’†‹–€ŒSº˜a’¬‰Ÿ‰z,454-2,,
19384-0900-22.zip,202202141041,’†‹–€ŒSº˜a’¬‰Ÿ‰z,455-1,,
19384-0900-22.zip,202202141041,’†‹–€ŒSº˜a’¬‰Ÿ‰z,456,,
19384-0900-22.zip,202202141041,’†‹–€ŒSº˜a’¬‰Ÿ‰z,457,,
19384-0900-22.zip,202202141041,’†‹–€ŒSº˜a’¬‰Ÿ‰z,463-1,,
19384-0900-22.zip,202202141041,’†‹–€ŒSº˜a’¬‰Ÿ‰z,463-7,,
19384-0900-22.zip,202202141041,’†‹–€ŒSº˜a’¬‰Ÿ‰z,463-8,,
19384-0900-22.zip,202202141041,’†‹–€ŒSº˜a’¬‰Ÿ‰z,464-4,,
19384-0900-22.zip,202202141041,’†‹–€ŒSº˜a’¬‰Ÿ‰z,464-5,,
19384-0900-22.zip,202202141041,’†‹–€ŒSº˜a’¬‰Ÿ‰z,464-8,,
19384-0900-22.zip,202202141041,’†‹–€ŒSº˜a’¬‰Ÿ‰z,464-12,,
19384-0900-22.zip,202202141041,’†‹–€ŒSº˜a’¬‰Ÿ‰z,473,,
19384-0900-22.zip,202202141041,’†‹–€ŒSº˜a’¬‰Ÿ‰z,474,,
19384-0900-22.zip,202202141041,’†‹–€ŒSº˜a’¬‰Ÿ‰z,…-487,,
19384-0900-22.zip,202202141041,’†‹–€ŒSº˜a’¬‰Ÿ‰z,…-523,,
19384-0900-22.zip,202202141041,’†‹–€ŒSº˜a’¬‰Ÿ‰z,485-1,,
19384-0900-22.zip,202202141041,’†‹–€ŒSº˜a’¬‰Ÿ‰z,485-3,,
19384-0900-22.zip,202202141041,’†‹–€ŒSº˜a’¬‰Ÿ‰z,485-9,,
19384-0900-22.zip,202202141041,’†‹–€ŒSº˜a’¬‰Ÿ‰z,485-10,,
19384-0900-22.zip,202202141041,’†‹–€ŒSº˜a’¬‰Ÿ‰z,485-13,,
19384-0900-22.zip,202202141041,’†‹–€ŒSº˜a’¬‰Ÿ‰z,517-5,,
19384-0900-22.zip,202202141041,’†‹–€ŒSº˜a’¬‰Ÿ‰z,517-6,,
19384-0900-22.zip,202202141041,’†‹–€ŒSº˜a’¬‰Ÿ‰z,517-7,,
19384-0900-22.zip,202202141041,’†‹–€ŒSº˜a’¬‰Ÿ‰z,517-8,,
19384-0900-22.zip,202202141041,’†‹–€ŒSº˜a’¬‰Ÿ‰z,519-1,,
19384-0900-22.zip,202202141041,’†‹–€ŒSº˜a’¬‰Ÿ‰z,522-1,,
19384-0900-22.zip,202202141041,’†‹–€ŒSº˜a’¬‰Ÿ‰z,522-2,,
19384-0900-22.zip,202202141041,’†‹–€ŒSº˜a’¬‰Ÿ‰z,523-3,,
19384-0900-22.zip,202202141041,’†‹–€ŒSº˜a’¬‰Ÿ‰z,524-2,,
19384-0900-22.zip,202202141041,’†‹–€ŒSº˜a’¬‰Ÿ‰z,525,,
19384-0900-22.zip,202202141041,’†‹–€ŒSº˜a’¬‰Ÿ‰z,526-1,,
19384-0900-22.zip,202202141041,’†‹–€ŒSº˜a’¬‰Ÿ‰z,526-2,,
19384-0900-22.zip,202202141041,’†‹–€ŒSº˜a’¬‰Ÿ‰z,526-3,,
19384-0900-22.zip,202202141041,’†‹–€ŒSº˜a’¬‰Ÿ‰z,529-1,,
19384-0900-22.zip,202202141041,’†‹–€ŒSº˜a’¬‰Ÿ‰z,529-2,,
19384-0900-22.zip,202202141041,’†‹–€ŒSº˜a’¬‰Ÿ‰z,529-3,,
19384-0900-22.zip,202202141041,’†‹–€ŒSº˜a’¬‰Ÿ‰z,–³’n”Ô-14,,
19384-0900-22.zip,202202141041,’†‹–€ŒSº˜a’¬‰Ÿ‰z,“¹-370,,
19384-0900-22.zip,202202141041,’†‹–€ŒSº˜a’¬‰Ÿ‰z,“¹-382,,
19384-0900-22.zip,202202141041,’†‹–€ŒSº˜a’¬‰Ÿ‰z,“¹-410,,
19384-0900-22.zip,202202141041,’†‹–€ŒSº˜a’¬‰Ÿ‰z,“¹-424,,
19384-0900-22.zip,202202141041,’†‹–€ŒSº˜a’¬‰Ÿ‰z,…-506,,
19384-0900-22.zip,202202141041,’†‹–€ŒSº˜a’¬‰Ÿ‰z,…-531,,
19384-0900-22.zip,202202141041,’†‹–€ŒSº˜a’¬‰Ÿ‰z,530-1,,
19384-0900-22.zip,202202141041,’†‹–€ŒSº˜a’¬‰Ÿ‰z,530-2,,
19384-0900-22.zip,202202141041,’†‹–€ŒSº˜a’¬‰Ÿ‰z,531-1,,
19384-0900-22.zip,202202141041,’†‹–€ŒSº˜a’¬‰Ÿ‰z,532,,
19384-0900-22.zip,202202141041,’†‹–€ŒSº˜a’¬‰Ÿ‰z,533-1,,
19384-0900-22.zip,202202141041,’†‹–€ŒSº˜a’¬‰Ÿ‰z,533-4,,
19384-0900-22.zip,202202141041,’†‹–€ŒSº˜a’¬‰Ÿ‰z,534-1,,
19384-0900-22.zip,202202141041,’†‹–€ŒSº˜a’¬‰Ÿ‰z,534-2,,
19384-0900-22.zip,202202141041,’†‹–€ŒSº˜a’¬‰Ÿ‰z,534-4,,
19384-0900-22.zip,202202141041,’†‹–€ŒSº˜a’¬‰Ÿ‰z,537-1,,
19384-0900-22.zip,202202141041,’†‹–€ŒSº˜a’¬‰Ÿ‰z,542-2,,
19384-0900-22.zip,202202141041,’†‹–€ŒSº˜a’¬‰Ÿ‰z,542-8,,
19384-0900-22.zip,202202141041,’†‹–€ŒSº˜a’¬‰Ÿ‰z,568-1,,
19384-0900-22.zip,202202141041,’†‹–€ŒSº˜a’¬‰Ÿ‰z,“¹-358,,
19384-0900-22.zip,202202141041,’†‹–€ŒSº˜a’¬‰Ÿ‰z,“¹-396,,
19384-0900-22.zip,202202141041,’†‹–€ŒSº˜a’¬‰Ÿ‰z,“¹-404,,
19384-0900-22.zip,202202141041,’†‹–€ŒSº˜a’¬‰Ÿ‰z,“¹-421,,
19384-0900-22.zip,202202141041,’†‹–€ŒSº˜a’¬‰Ÿ‰z,…-452,,
19384-0900-22.zip,202202141041,’†‹–€ŒSº˜a’¬‰Ÿ‰z,…-471,,
19384-0900-22.zip,202202141041,’†‹–€ŒSº˜a’¬‰Ÿ‰z,…-507,,
19384-0900-22.zip,202202141041,’†‹–€ŒSº˜a’¬‰Ÿ‰z,…-532,,
19384-0900-22.zip,202202141041,’†‹–€ŒSº˜a’¬‰Ÿ‰z,573-1,,
19384-0900-22.zip,202202141041,’†‹–€ŒSº˜a’¬‰Ÿ‰z,573-4,,
19384-0900-22.zip,202202141041,’†‹–€ŒSº˜a’¬‰Ÿ‰z,574-1,,
19384-0900-22.zip,202202141041,’†‹–€ŒSº˜a’¬‰Ÿ‰z,575,,
19384-0900-22.zip,202202141041,’†‹–€ŒSº˜a’¬‰Ÿ‰z,576-1,,
19384-0900-22.zip,202202141041,’†‹–€ŒSº˜a’¬‰Ÿ‰z,577-1,,
19384-0900-22.zip,202202141041,’†‹–€ŒSº˜a’¬‰Ÿ‰z,577-4,,
19384-0900-22.zip,202202141041,’†‹–€ŒSº˜a’¬‰Ÿ‰z,578-1,,
19384-0900-22.zip,202202141041,’†‹–€ŒSº˜a’¬‰Ÿ‰z,578-5,,
19384-0900-22.zip,202202141041,’†‹–€ŒSº˜a’¬‰Ÿ‰z,578-6,,
19384-0900-22.zip,202202141041,’†‹–€ŒSº˜a’¬‰Ÿ‰z,578-7,,
19384-0900-22.zip,202202141041,’†‹–€ŒSº˜a’¬‰Ÿ‰z,579-1,,
19384-0900-22.zip,202202141041,’†‹–€ŒSº˜a’¬‰Ÿ‰z,579-2,,
19384-0900-22.zip,202202141041,’†‹–€ŒSº˜a’¬‰Ÿ‰z,579-3,,
19384-0900-22.zip,202202141041,’†‹–€ŒSº˜a’¬‰Ÿ‰z,582-1,,
19384-0900-22.zip,202202141041,’†‹–€ŒSº˜a’¬‰Ÿ‰z,582-2,,
19384-0900-22.zip,202202141041,’†‹–€ŒSº˜a’¬‰Ÿ‰z,582-3,,
19384-0900-22.zip,202202141041,’†‹–€ŒSº˜a’¬‰Ÿ‰z,583,,
19384-0900-22.zip,202202141041,’†‹–€ŒSº˜a’¬‰Ÿ‰z,584-1,,
19384-0900-22.zip,202202141041,’†‹–€ŒSº˜a’¬‰Ÿ‰z,584-2,,
19384-0900-22.zip,202202141041,’†‹–€ŒSº˜a’¬‰Ÿ‰z,584-3,,
19384-0900-22.zip,202202141041,’†‹–€ŒSº˜a’¬‰Ÿ‰z,584-4,,
19384-0900-22.zip,202202141041,’†‹–€ŒSº˜a’¬‰Ÿ‰z,585-1,,
19384-0900-22.zip,202202141041,’†‹–€ŒSº˜a’¬‰Ÿ‰z,585-2,,
19384-0900-22.zip,202202141041,’†‹–€ŒSº˜a’¬‰Ÿ‰z,585-3,,
19384-0900-22.zip,202202141041,’†‹–€ŒSº˜a’¬‰Ÿ‰z,585-4,,
19384-0900-22.zip,202202141041,’†‹–€ŒSº˜a’¬‰Ÿ‰z,585-5,,
19384-0900-22.zip,202202141041,’†‹–€ŒSº˜a’¬‰Ÿ‰z,585-6,,
19384-0900-22.zip,202202141041,’†‹–€ŒSº˜a’¬‰Ÿ‰z,585-7,,
19384-0900-22.zip,202202141041,’†‹–€ŒSº˜a’¬‰Ÿ‰z,585-8,,
19384-0900-22.zip,202202141041,’†‹–€ŒSº˜a’¬‰Ÿ‰z,586-1,,
19384-0900-22.zip,202202141041,’†‹–€ŒSº˜a’¬‰Ÿ‰z,586-2,,
19384-0900-22.zip,202202141041,’†‹–€ŒSº˜a’¬‰Ÿ‰z,586-3,,
19384-0900-22.zip,202202141041,’†‹–€ŒSº˜a’¬‰Ÿ‰z,586-4,,
19384-0900-22.zip,202202141041,’†‹–€ŒSº˜a’¬‰Ÿ‰z,586-5,,
19384-0900-22.zip,202202141041,’†‹–€ŒSº˜a’¬‰Ÿ‰z,586-6,,
19384-0900-22.zip,202202141041,’†‹–€ŒSº˜a’¬‰Ÿ‰z,586-7,,
19384-0900-22.zip,202202141041,’†‹–€ŒSº˜a’¬‰Ÿ‰z,587,,
19384-0900-22.zip,202202141041,’†‹–€ŒSº˜a’¬‰Ÿ‰z,587-2,,
19384-0900-22.zip,202202141041,’†‹–€ŒSº˜a’¬‰Ÿ‰z,588-1,,
19384-0900-22.zip,202202141041,’†‹–€ŒSº˜a’¬‰Ÿ‰z,588-2,,
19384-0900-22.zip,202202141041,’†‹–€ŒSº˜a’¬‰Ÿ‰z,589-1,,
19384-0900-22.zip,202202141041,’†‹–€ŒSº˜a’¬‰Ÿ‰z,589-2,,
19384-0900-22.zip,202202141041,’†‹–€ŒSº˜a’¬‰Ÿ‰z,591-1,,
19384-0900-22.zip,202202141041,’†‹–€ŒSº˜a’¬‰Ÿ‰z,591-2,,
19384-0900-22.zip,202202141041,’†‹–€ŒSº˜a’¬‰Ÿ‰z,592-1,,
19384-0900-22.zip,202202141041,’†‹–€ŒSº˜a’¬‰Ÿ‰z,592-2,,
19384-0900-22.zip,202202141041,’†‹–€ŒSº˜a’¬‰Ÿ‰z,593-1,,
19384-0900-22.zip,202202141041,’†‹–€ŒSº˜a’¬‰Ÿ‰z,593-2,,
19384-0900-22.zip,202202141041,’†‹–€ŒSº˜a’¬‰Ÿ‰z,593-3,,
19384-0900-22.zip,202202141041,’†‹–€ŒSº˜a’¬‰Ÿ‰z,593-4,,
19384-0900-22.zip,202202141041,’†‹–€ŒSº˜a’¬‰Ÿ‰z,593-5,,
19384-0900-22.zip,202202141041,’†‹–€ŒSº˜a’¬‰Ÿ‰z,593-6,,
19384-0900-22.zip,202202141041,’†‹–€ŒSº˜a’¬‰Ÿ‰z,596-1,,
19384-0900-22.zip,202202141041,’†‹–€ŒSº˜a’¬‰Ÿ‰z,596-2,,
19384-0900-22.zip,202202141041,’†‹–€ŒSº˜a’¬‰Ÿ‰z,596-3,,
19384-0900-22.zip,202202141041,’†‹–€ŒSº˜a’¬‰Ÿ‰z,596-4,,
19384-0900-22.zip,202202141041,’†‹–€ŒSº˜a’¬‰Ÿ‰z,599-1,,
19384-0900-22.zip,202202141041,’†‹–€ŒSº˜a’¬‰Ÿ‰z,599-3,,
19384-0900-22.zip,202202141041,’†‹–€ŒSº˜a’¬‰Ÿ‰z,599-4,,
19384-0900-22.zip,202202141041,’†‹–€ŒSº˜a’¬‰Ÿ‰z,606-1,,
19384-0900-22.zip,202202141041,’†‹–€ŒSº˜a’¬‰Ÿ‰z,606-3,,
19384-0900-22.zip,202202141041,’†‹–€ŒSº˜a’¬‰Ÿ‰z,606-4,,
19384-0900-22.zip,202202141041,’†‹–€ŒSº˜a’¬‰Ÿ‰z,606-5,,
19384-0900-22.zip,202202141041,’†‹–€ŒSº˜a’¬‰Ÿ‰z,607,,
19384-0900-22.zip,202202141041,’†‹–€ŒSº˜a’¬‰Ÿ‰z,607-2,,
19384-0900-22.zip,202202141041,’†‹–€ŒSº˜a’¬‰Ÿ‰z,609-1,,
19384-0900-22.zip,202202141041,’†‹–€ŒSº˜a’¬‰Ÿ‰z,609-2,,
19384-0900-22.zip,202202141041,’†‹–€ŒSº˜a’¬‰Ÿ‰z,610-1,,
19384-0900-22.zip,202202141041,’†‹–€ŒSº˜a’¬‰Ÿ‰z,610-2,,
19384-0900-22.zip,202202141041,’†‹–€ŒSº˜a’¬‰Ÿ‰z,612-1,,
19384-0900-22.zip,202202141041,’†‹–€ŒSº˜a’¬‰Ÿ‰z,612-2,,
19384-0900-22.zip,202202141041,’†‹–€ŒSº˜a’¬‰Ÿ‰z,614,,
19384-0900-22.zip,202202141041,’†‹–€ŒSº˜a’¬‰Ÿ‰z,614-2,,
19384-0900-22.zip,202202141041,’†‹–€ŒSº˜a’¬‰Ÿ‰z,615,,
19384-0900-22.zip,202202141041,’†‹–€ŒSº˜a’¬‰Ÿ‰z,615-2,,
19384-0900-22.zip,202202141041,’†‹–€ŒSº˜a’¬‰Ÿ‰z,616,,
19384-0900-22.zip,202202141041,’†‹–€ŒSº˜a’¬‰Ÿ‰z,617-2,,
19384-0900-22.zip,202202141041,’†‹–€ŒSº˜a’¬‰Ÿ‰z,617-3,,
19384-0900-22.zip,202202141041,’†‹–€ŒSº˜a’¬‰Ÿ‰z,618,,
19384-0900-22.zip,202202141041,’†‹–€ŒSº˜a’¬‰Ÿ‰z,619-1,,
19384-0900-22.zip,202202141041,’†‹–€ŒSº˜a’¬‰Ÿ‰z,619-2,,
19384-0900-22.zip,202202141041,’†‹–€ŒSº˜a’¬‰Ÿ‰z,620,,
19384-0900-22.zip,202202141041,’†‹–€ŒSº˜a’¬‰Ÿ‰z,621-1,,
19384-0900-22.zip,202202141041,’†‹–€ŒSº˜a’¬‰Ÿ‰z,621-2,,
19384-0900-22.zip,202202141041,’†‹–€ŒSº˜a’¬‰Ÿ‰z,621-3,,
19384-0900-22.zip,202202141041,’†‹–€ŒSº˜a’¬‰Ÿ‰z,622,,
19384-0900-22.zip,202202141041,’†‹–€ŒSº˜a’¬‰Ÿ‰z,625-1,,
19384-0900-22.zip,202202141041,’†‹–€ŒSº˜a’¬‰Ÿ‰z,625-2,,
19384-0900-22.zip,202202141041,’†‹–€ŒSº˜a’¬‰Ÿ‰z,626,,
19384-0900-22.zip,202202141041,’†‹–€ŒSº˜a’¬‰Ÿ‰z,629-2,,
19384-0900-22.zip,202202141041,’†‹–€ŒSº˜a’¬‰Ÿ‰z,630,,
19384-0900-22.zip,202202141041,’†‹–€ŒSº˜a’¬‰Ÿ‰z,631-1,,
19384-0900-22.zip,202202141041,’†‹–€ŒSº˜a’¬‰Ÿ‰z,631-2,,
19384-0900-22.zip,202202141041,’†‹–€ŒSº˜a’¬‰Ÿ‰z,633-1,,
19384-0900-22.zip,202202141041,’†‹–€ŒSº˜a’¬‰Ÿ‰z,633-2,,
19384-0900-22.zip,202202141041,’†‹–€ŒSº˜a’¬‰Ÿ‰z,633-3,,
19384-0900-22.zip,202202141041,’†‹–€ŒSº˜a’¬‰Ÿ‰z,636,,
19384-0900-22.zip,202202141041,’†‹–€ŒSº˜a’¬‰Ÿ‰z,637-1,,
19384-0900-22.zip,202202141041,’†‹–€ŒSº˜a’¬‰Ÿ‰z,638-1,,
19384-0900-22.zip,202202141041,’†‹–€ŒSº˜a’¬‰Ÿ‰z,638-2,,
19384-0900-22.zip,202202141041,’†‹–€ŒSº˜a’¬‰Ÿ‰z,638-3,,
19384-0900-22.zip,202202141041,’†‹–€ŒSº˜a’¬‰Ÿ‰z,638-4,,
19384-0900-22.zip,202202141041,’†‹–€ŒSº˜a’¬‰Ÿ‰z,639,,
19384-0900-22.zip,202202141041,’†‹–€ŒSº˜a’¬‰Ÿ‰z,640-1,,
19384-0900-22.zip,202202141041,’†‹–€ŒSº˜a’¬‰Ÿ‰z,642,,
19384-0900-22.zip,202202141041,’†‹–€ŒSº˜a’¬‰Ÿ‰z,643,,
19384-0900-22.zip,202202141041,’†‹–€ŒSº˜a’¬‰Ÿ‰z,644,,
19384-0900-22.zip,202202141041,’†‹–€ŒSº˜a’¬‰Ÿ‰z,649,,
19384-0900-22.zip,202202141041,’†‹–€ŒSº˜a’¬‰Ÿ‰z,650-1,,
19384-0900-22.zip,202202141041,’†‹–€ŒSº˜a’¬‰Ÿ‰z,650-2,,
19384-0900-22.zip,202202141041,’†‹–€ŒSº˜a’¬‰Ÿ‰z,650-3,,
19384-0900-22.zip,202202141041,’†‹–€ŒSº˜a’¬‰Ÿ‰z,650-5,,
19384-0900-22.zip,202202141041,’†‹–€ŒSº˜a’¬‰Ÿ‰z,654-1,,
19384-0900-22.zip,202202141041,’†‹–€ŒSº˜a’¬‰Ÿ‰z,654-2,,
19384-0900-22.zip,202202141041,’†‹–€ŒSº˜a’¬‰Ÿ‰z,655-1,,
19384-0900-22.zip,202202141041,’†‹–€ŒSº˜a’¬‰Ÿ‰z,655-2,,
19384-0900-22.zip,202202141041,’†‹–€ŒSº˜a’¬‰Ÿ‰z,656-1,,
19384-0900-22.zip,202202141041,’†‹–€ŒSº˜a’¬‰Ÿ‰z,656-2,,
19384-0900-22.zip,202202141041,’†‹–€ŒSº˜a’¬‰Ÿ‰z,659-1,,
19384-0900-22.zip,202202141041,’†‹–€ŒSº˜a’¬‰Ÿ‰z,659-3,,
19384-0900-22.zip,202202141041,’†‹–€ŒSº˜a’¬‰Ÿ‰z,661-1,,
19384-0900-22.zip,202202141041,’†‹–€ŒSº˜a’¬‰Ÿ‰z,664-2,,
19384-0900-22.zip,202202141041,’†‹–€ŒSº˜a’¬‰Ÿ‰z,664-3,,
19384-0900-22.zip,202202141041,’†‹–€ŒSº˜a’¬‰Ÿ‰z,665-2,,
19384-0900-22.zip,202202141041,’†‹–€ŒSº˜a’¬‰Ÿ‰z,665-3,,
19384-0900-22.zip,202202141041,’†‹–€ŒSº˜a’¬‰Ÿ‰z,666-1,,
19384-0900-22.zip,202202141041,’†‹–€ŒSº˜a’¬‰Ÿ‰z,668-1,,
19384-0900-22.zip,202202141041,’†‹–€ŒSº˜a’¬‰Ÿ‰z,668-3,,
19384-0900-22.zip,202202141041,’†‹–€ŒSº˜a’¬‰Ÿ‰z,669-1,,
19384-0900-22.zip,202202141041,’†‹–€ŒSº˜a’¬‰Ÿ‰z,669-3,,
19384-0900-22.zip,202202141041,’†‹–€ŒSº˜a’¬‰Ÿ‰z,669-4,,
19384-0900-22.zip,202202141041,’†‹–€ŒSº˜a’¬‰Ÿ‰z,669-5,,
19384-0900-22.zip,202202141041,’†‹–€ŒSº˜a’¬‰Ÿ‰z,“¹-5,,
19384-0900-22.zip,202202141041,’†‹–€ŒSº˜a’¬‰Ÿ‰z,“¹-353,,
19384-0900-22.zip,202202141041,’†‹–€ŒSº˜a’¬‰Ÿ‰z,“¹-387,,
19384-0900-22.zip,202202141041,’†‹–€ŒSº˜a’¬‰Ÿ‰z,“¹-405,,
19384-0900-22.zip,202202141041,’†‹–€ŒSº˜a’¬‰Ÿ‰z,“¹-419,,
19384-0900-22.zip,202202141041,’†‹–€ŒSº˜a’¬‰Ÿ‰z,…-444,,
19384-0900-22.zip,202202141041,’†‹–€ŒSº˜a’¬‰Ÿ‰z,…-505,,
19384-0900-22.zip,202202141041,’†‹–€ŒSº˜a’¬‰Ÿ‰z,…-529,,
19384-0900-22.zip,202202141041,’†‹–€ŒSº˜a’¬‰Ÿ‰z,…-544,,
19384-0900-22.zip,202202141041,’†‹–€ŒSº˜a’¬‰Ÿ‰z,…-567,,
19384-0900-22.zip,202202141041,’†‹–€ŒSº˜a’¬‰Ÿ‰z,670-1,,
19384-0900-22.zip,202202141041,’†‹–€ŒSº˜a’¬‰Ÿ‰z,670-3,,
19384-0900-22.zip,202202141041,’†‹–€ŒSº˜a’¬‰Ÿ‰z,671-1,,
19384-0900-22.zip,202202141041,’†‹–€ŒSº˜a’¬‰Ÿ‰z,671-2,,
19384-0900-22.zip,202202141041,’†‹–€ŒSº˜a’¬‰Ÿ‰z,671-3,,
19384-0900-22.zip,202202141041,’†‹–€ŒSº˜a’¬‰Ÿ‰z,672,,
19384-0900-22.zip,202202141041,’†‹–€ŒSº˜a’¬‰Ÿ‰z,682-1,,
19384-0900-22.zip,202202141041,’†‹–€ŒSº˜a’¬‰Ÿ‰z,682-2,,
19384-0900-22.zip,202202141041,’†‹–€ŒSº˜a’¬‰Ÿ‰z,682-3,,
19384-0900-22.zip,202202141041,’†‹–€ŒSº˜a’¬‰Ÿ‰z,683-1,,
19384-0900-22.zip,202202141041,’†‹–€ŒSº˜a’¬‰Ÿ‰z,683-2,,
19384-0900-22.zip,202202141041,’†‹–€ŒSº˜a’¬‰Ÿ‰z,684-1,,
19384-0900-22.zip,202202141041,’†‹–€ŒSº˜a’¬‰Ÿ‰z,684-2,,
19384-0900-22.zip,202202141041,’†‹–€ŒSº˜a’¬‰Ÿ‰z,685-1,,
19384-0900-22.zip,202202141041,’†‹–€ŒSº˜a’¬‰Ÿ‰z,685-2,,
19384-0900-22.zip,202202141041,’†‹–€ŒSº˜a’¬‰Ÿ‰z,686,,
19384-0900-22.zip,202202141041,’†‹–€ŒSº˜a’¬‰Ÿ‰z,688-1,,
19384-0900-22.zip,202202141041,’†‹–€ŒSº˜a’¬‰Ÿ‰z,688-2,,
19384-0900-22.zip,202202141041,’†‹–€ŒSº˜a’¬‰Ÿ‰z,688-3,,
19384-0900-22.zip,202202141041,’†‹–€ŒSº˜a’¬‰Ÿ‰z,689,,
19384-0900-22.zip,202202141041,’†‹–€ŒSº˜a’¬‰Ÿ‰z,692-1,,
19384-0900-22.zip,202202141041,’†‹–€ŒSº˜a’¬‰Ÿ‰z,692-2,,
19384-0900-22.zip,202202141041,’†‹–€ŒSº˜a’¬‰Ÿ‰z,692-3,,
19384-0900-22.zip,202202141041,’†‹–€ŒSº˜a’¬‰Ÿ‰z,692-4,,
19384-0900-22.zip,202202141041,’†‹–€ŒSº˜a’¬‰Ÿ‰z,703,,
19384-0900-22.zip,202202141041,’†‹–€ŒSº˜a’¬‰Ÿ‰z,704-1,,
19384-0900-22.zip,202202141041,’†‹–€ŒSº˜a’¬‰Ÿ‰z,704-2,,
19384-0900-22.zip,202202141041,’†‹–€ŒSº˜a’¬‰Ÿ‰z,704-3,,
19384-0900-22.zip,202202141041,’†‹–€ŒSº˜a’¬‰Ÿ‰z,705-1,,
19384-0900-22.zip,202202141041,’†‹–€ŒSº˜a’¬‰Ÿ‰z,705-2,,
19384-0900-22.zip,202202141041,’†‹–€ŒSº˜a’¬‰Ÿ‰z,705-3,,
19384-0900-22.zip,202202141041,’†‹–€ŒSº˜a’¬‰Ÿ‰z,705-4,,
19384-0900-22.zip,202202141041,’†‹–€ŒSº˜a’¬‰Ÿ‰z,708-1,,
19384-0900-22.zip,202202141041,’†‹–€ŒSº˜a’¬‰Ÿ‰z,708-2,,
19384-0900-22.zip,202202141041,’†‹–€ŒSº˜a’¬‰Ÿ‰z,708-3,,
19384-0900-22.zip,202202141041,’†‹–€ŒSº˜a’¬‰Ÿ‰z,709-1,,
19384-0900-22.zip,202202141041,’†‹–€ŒSº˜a’¬‰Ÿ‰z,709-2,,
19384-0900-22.zip,202202141041,’†‹–€ŒSº˜a’¬‰Ÿ‰z,709-3,,
19384-0900-22.zip,202202141041,’†‹–€ŒSº˜a’¬‰Ÿ‰z,779-1,,
19384-0900-22.zip,202202141041,’†‹–€ŒSº˜a’¬‰Ÿ‰z,779-4,,
19384-0900-22.zip,202202141041,’†‹–€ŒSº˜a’¬‰Ÿ‰z,779-6,,
19384-0900-22.zip,202202141041,’†‹–€ŒSº˜a’¬‰Ÿ‰z,779-7,,
19384-0900-22.zip,202202141041,’†‹–€ŒSº˜a’¬‰Ÿ‰z,785-4,,
19384-0900-22.zip,202202141041,’†‹–€ŒSº˜a’¬‰Ÿ‰z,786-3,,
19384-0900-22.zip,202202141041,’†‹–€ŒSº˜a’¬‰Ÿ‰z,788-3,,
19384-0900-22.zip,202202141041,’†‹–€ŒSº˜a’¬‰Ÿ‰z,789-1,,
19384-0900-22.zip,202202141041,’†‹–€ŒSº˜a’¬‰Ÿ‰z,789-2,,
19384-0900-22.zip,202202141041,’†‹–€ŒSº˜a’¬‰Ÿ‰z,789-3,,
19384-0900-22.zip,202202141041,’†‹–€ŒSº˜a’¬‰Ÿ‰z,793-2,,
19384-0900-22.zip,202202141041,’†‹–€ŒSº˜a’¬‰Ÿ‰z,793-3,,
19384-0900-22.zip,202202141041,’†‹–€ŒSº˜a’¬‰Ÿ‰z,794-1,,
19384-0900-22.zip,202202141041,’†‹–€ŒSº˜a’¬‰Ÿ‰z,794-2,,
19384-0900-22.zip,202202141041,’†‹–€ŒSº˜a’¬‰Ÿ‰z,794-3,,
19384-0900-22.zip,202202141041,’†‹–€ŒSº˜a’¬‰Ÿ‰z,795-1,,
19384-0900-22.zip,202202141041,’†‹–€ŒSº˜a’¬‰Ÿ‰z,795-3,,
19384-0900-22.zip,202202141041,’†‹–€ŒSº˜a’¬‰Ÿ‰z,795-4,,
19384-0900-22.zip,202202141041,’†‹–€ŒSº˜a’¬‰Ÿ‰z,797-1,,
19384-0900-22.zip,202202141041,’†‹–€ŒSº˜a’¬‰Ÿ‰z,798-1,,
19384-0900-22.zip,202202141041,’†‹–€ŒSº˜a’¬‰Ÿ‰z,798-3,,
19384-0900-22.zip,202202141041,’†‹–€ŒSº˜a’¬‰Ÿ‰z,799-1,,
19384-0900-22.zip,202202141041,’†‹–€ŒSº˜a’¬‰Ÿ‰z,799-3,,
19384-0900-22.zip,202202141041,’†‹–€ŒSº˜a’¬‰Ÿ‰z,799-4,,
19384-0900-22.zip,202202141041,’†‹–€ŒSº˜a’¬‰Ÿ‰z,800-1,,
19384-0900-22.zip,202202141041,’†‹–€ŒSº˜a’¬‰Ÿ‰z,800-2,,
19384-0900-22.zip,202202141041,’†‹–€ŒSº˜a’¬‰Ÿ‰z,800-4,,
19384-0900-22.zip,202202141041,’†‹–€ŒSº˜a’¬‰Ÿ‰z,“¹-2,,
19384-0900-22.zip,202202141041,’†‹–€ŒSº˜a’¬‰Ÿ‰z,“¹-6,,
19384-0900-22.zip,202202141041,’†‹–€ŒSº˜a’¬‰Ÿ‰z,“¹-8,,
19384-0900-22.zip,202202141041,’†‹–€ŒSº˜a’¬‰Ÿ‰z,“¹-30,,
19384-0900-22.zip,202202141041,’†‹–€ŒSº˜a’¬‰Ÿ‰z,“¹-368,,
19384-0900-22.zip,202202141041,’†‹–€ŒSº˜a’¬‰Ÿ‰z,“¹-399,,
19384-0900-22.zip,202202141041,’†‹–€ŒSº˜a’¬‰Ÿ‰z,“¹-439,,
19384-0900-22.zip,202202141041,’†‹–€ŒSº˜a’¬‰Ÿ‰z,“¹-444,,
19384-0900-22.zip,202202141041,’†‹–€ŒSº˜a’¬‰Ÿ‰z,…-438,,
19384-0900-22.zip,202202141041,’†‹–€ŒSº˜a’¬‰Ÿ‰z,…-483,,
19384-0900-22.zip,202202141041,’†‹–€ŒSº˜a’¬‰Ÿ‰z,…-513,,
19384-0900-22.zip,202202141041,’†‹–€ŒSº˜a’¬‰Ÿ‰z,…-539,,
19384-0900-22.zip,202202141041,’†‹–€ŒSº˜a’¬‰Ÿ‰z,801-1,,
19384-0900-22.zip,202202141041,’†‹–€ŒSº˜a’¬‰Ÿ‰z,801-3,,
19384-0900-22.zip,202202141041,’†‹–€ŒSº˜a’¬‰Ÿ‰z,801-4,,
19384-0900-22.zip,202202141041,’†‹–€ŒSº˜a’¬‰Ÿ‰z,801-5,,
19384-0900-22.zip,202202141041,’†‹–€ŒSº˜a’¬‰Ÿ‰z,802-1,,
19384-0900-22.zip,202202141041,’†‹–€ŒSº˜a’¬‰Ÿ‰z,802-2,,
19384-0900-22.zip,202202141041,’†‹–€ŒSº˜a’¬‰Ÿ‰z,803-1,,
19384-0900-22.zip,202202141041,’†‹–€ŒSº˜a’¬‰Ÿ‰z,803-4,,
19384-0900-22.zip,202202141041,’†‹–€ŒSº˜a’¬‰Ÿ‰z,804-1,,
19384-0900-22.zip,202202141041,’†‹–€ŒSº˜a’¬‰Ÿ‰z,805-1,,
19384-0900-22.zip,202202141041,’†‹–€ŒSº˜a’¬‰Ÿ‰z,805-3,,
19384-0900-22.zip,202202141041,’†‹–€ŒSº˜a’¬‰Ÿ‰z,805-4,,
19384-0900-22.zip,202202141041,’†‹–€ŒSº˜a’¬‰Ÿ‰z,806-1,,
19384-0900-22.zip,202202141041,’†‹–€ŒSº˜a’¬‰Ÿ‰z,806-2,,
19384-0900-22.zip,202202141041,’†‹–€ŒSº˜a’¬‰Ÿ‰z,806-3,,
19384-0900-22.zip,202202141041,’†‹–€ŒSº˜a’¬‰Ÿ‰z,808-1,,
19384-0900-22.zip,202202141041,’†‹–€ŒSº˜a’¬‰Ÿ‰z,809-1,,
19384-0900-22.zip,202202141041,’†‹–€ŒSº˜a’¬‰Ÿ‰z,809-2,,
19384-0900-22.zip,202202141041,’†‹–€ŒSº˜a’¬‰Ÿ‰z,809-4,,
19384-0900-22.zip,202202141041,’†‹–€ŒSº˜a’¬‰Ÿ‰z,809-5,,
19384-0900-22.zip,202202141041,’†‹–€ŒSº˜a’¬‰Ÿ‰z,812-1,,
19384-0900-22.zip,202202141041,’†‹–€ŒSº˜a’¬‰Ÿ‰z,813-1,,
19384-0900-22.zip,202202141041,’†‹–€ŒSº˜a’¬‰Ÿ‰z,813-2,,
19384-0900-22.zip,202202141041,’†‹–€ŒSº˜a’¬‰Ÿ‰z,813-3,,
19384-0900-22.zip,202202141041,’†‹–€ŒSº˜a’¬‰Ÿ‰z,815-1,,
19384-0900-22.zip,202202141041,’†‹–€ŒSº˜a’¬‰Ÿ‰z,815-2,,
19384-0900-22.zip,202202141041,’†‹–€ŒSº˜a’¬‰Ÿ‰z,818-1,,
19384-0900-22.zip,202202141041,’†‹–€ŒSº˜a’¬‰Ÿ‰z,818-2,,
19384-0900-22.zip,202202141041,’†‹–€ŒSº˜a’¬‰Ÿ‰z,821-1,,
19384-0900-22.zip,202202141041,’†‹–€ŒSº˜a’¬‰Ÿ‰z,821-2,,
19384-0900-22.zip,202202141041,’†‹–€ŒSº˜a’¬‰Ÿ‰z,821-3,,
19384-0900-22.zip,202202141041,’†‹–€ŒSº˜a’¬‰Ÿ‰z,821-4,,
19384-0900-22.zip,202202141041,’†‹–€ŒSº˜a’¬‰Ÿ‰z,821-5,,
19384-0900-22.zip,202202141041,’†‹–€ŒSº˜a’¬‰Ÿ‰z,821-6,,
19384-0900-22.zip,202202141041,’†‹–€ŒSº˜a’¬‰Ÿ‰z,821-7,,
19384-0900-22.zip,202202141041,’†‹–€ŒSº˜a’¬‰Ÿ‰z,821-8,,
19384-0900-22.zip,202202141041,’†‹–€ŒSº˜a’¬‰Ÿ‰z,823-2,,
19384-0900-22.zip,202202141041,’†‹–€ŒSº˜a’¬‰Ÿ‰z,823-3,,
19384-0900-22.zip,202202141041,’†‹–€ŒSº˜a’¬‰Ÿ‰z,824,,
19384-0900-22.zip,202202141041,’†‹–€ŒSº˜a’¬‰Ÿ‰z,825-1,,
19384-0900-22.zip,202202141041,’†‹–€ŒSº˜a’¬‰Ÿ‰z,825-2,,
19384-0900-22.zip,202202141041,’†‹–€ŒSº˜a’¬‰Ÿ‰z,825-3,,
19384-0900-22.zip,202202141041,’†‹–€ŒSº˜a’¬‰Ÿ‰z,825-4,,
19384-0900-22.zip,202202141041,’†‹–€ŒSº˜a’¬‰Ÿ‰z,826-1,,
19384-0900-22.zip,202202141041,’†‹–€ŒSº˜a’¬‰Ÿ‰z,826-2,,
19384-0900-22.zip,202202141041,’†‹–€ŒSº˜a’¬‰Ÿ‰z,826-4,,
19384-0900-22.zip,202202141041,’†‹–€ŒSº˜a’¬‰Ÿ‰z,826-5,,
19384-0900-22.zip,202202141041,’†‹–€ŒSº˜a’¬‰Ÿ‰z,826-6,,
19384-0900-22.zip,202202141041,’†‹–€ŒSº˜a’¬‰Ÿ‰z,826-7,,
19384-0900-22.zip,202202141041,’†‹–€ŒSº˜a’¬‰Ÿ‰z,826-8,,
19384-0900-22.zip,202202141041,’†‹–€ŒSº˜a’¬‰Ÿ‰z,827-1,,
19384-0900-22.zip,202202141041,’†‹–€ŒSº˜a’¬‰Ÿ‰z,827-3,,
19384-0900-22.zip,202202141041,’†‹–€ŒSº˜a’¬‰Ÿ‰z,827-4,,
19384-0900-22.zip,202202141041,’†‹–€ŒSº˜a’¬‰Ÿ‰z,827-5,,
19384-0900-22.zip,202202141041,’†‹–€ŒSº˜a’¬‰Ÿ‰z,828-1,,
19384-0900-22.zip,202202141041,’†‹–€ŒSº˜a’¬‰Ÿ‰z,828-2,,
19384-0900-22.zip,202202141041,’†‹–€ŒSº˜a’¬‰Ÿ‰z,828-3,,
19384-0900-22.zip,202202141041,’†‹–€ŒSº˜a’¬‰Ÿ‰z,828-4,,
19384-0900-22.zip,202202141041,’†‹–€ŒSº˜a’¬‰Ÿ‰z,828-5,,
19384-0900-22.zip,202202141041,’†‹–€ŒSº˜a’¬‰Ÿ‰z,828-6,,
19384-0900-22.zip,202202141041,’†‹–€ŒSº˜a’¬‰Ÿ‰z,828-7,,
19384-0900-22.zip,202202141041,’†‹–€ŒSº˜a’¬‰Ÿ‰z,829-1,,
19384-0900-22.zip,202202141041,’†‹–€ŒSº˜a’¬‰Ÿ‰z,829-2,,
19384-0900-22.zip,202202141041,’†‹–€ŒSº˜a’¬‰Ÿ‰z,830-1,,
19384-0900-22.zip,202202141041,’†‹–€ŒSº˜a’¬‰Ÿ‰z,830-2,,
19384-0900-22.zip,202202141041,’†‹–€ŒSº˜a’¬‰Ÿ‰z,830-3,,
19384-0900-22.zip,202202141041,’†‹–€ŒSº˜a’¬‰Ÿ‰z,830-4,,
19384-0900-22.zip,202202141041,’†‹–€ŒSº˜a’¬‰Ÿ‰z,830-5,,
19384-0900-22.zip,202202141041,’†‹–€ŒSº˜a’¬‰Ÿ‰z,831-1,,
19384-0900-22.zip,202202141041,’†‹–€ŒSº˜a’¬‰Ÿ‰z,831-2,,
19384-0900-22.zip,202202141041,’†‹–€ŒSº˜a’¬‰Ÿ‰z,831-3,,
19384-0900-22.zip,202202141041,’†‹–€ŒSº˜a’¬‰Ÿ‰z,831-4,,
19384-0900-22.zip,202202141041,’†‹–€ŒSº˜a’¬‰Ÿ‰z,831-5,,
19384-0900-22.zip,202202141041,’†‹–€ŒSº˜a’¬‰Ÿ‰z,831-6,,
19384-0900-22.zip,202202141041,’†‹–€ŒSº˜a’¬‰Ÿ‰z,831-7,,
19384-0900-22.zip,202202141041,’†‹–€ŒSº˜a’¬‰Ÿ‰z,831-8,,
19384-0900-22.zip,202202141041,’†‹–€ŒSº˜a’¬‰Ÿ‰z,832-2,,
19384-0900-22.zip,202202141041,’†‹–€ŒSº˜a’¬‰Ÿ‰z,832-3,,
19384-0900-22.zip,202202141041,’†‹–€ŒSº˜a’¬‰Ÿ‰z,835-2,,
19384-0900-22.zip,202202141041,’†‹–€ŒSº˜a’¬‰Ÿ‰z,“¹-29,,
19384-0900-22.zip,202202141041,’†‹–€ŒSº˜a’¬‰Ÿ‰z,“¹-33,,
19384-0900-22.zip,202202141041,’†‹–€ŒSº˜a’¬‰Ÿ‰z,“¹-35,,
19384-0900-22.zip,202202141041,’†‹–€ŒSº˜a’¬‰Ÿ‰z,“¹-36,,
19384-0900-22.zip,202202141041,’†‹–€ŒSº˜a’¬‰Ÿ‰z,“¹-333,,
19384-0900-22.zip,202202141041,’†‹–€ŒSº˜a’¬‰Ÿ‰z,“¹-360,,
19384-0900-22.zip,202202141041,’†‹–€ŒSº˜a’¬‰Ÿ‰z,“¹-369,,
19384-0900-22.zip,202202141041,’†‹–€ŒSº˜a’¬‰Ÿ‰z,…-31,,
19384-0900-22.zip,202202141041,’†‹–€ŒSº˜a’¬‰Ÿ‰z,…-481,,
19384-0900-22.zip,202202141041,’†‹–€ŒSº˜a’¬‰Ÿ‰z,…-511,,
19384-0900-22.zip,202202141041,’†‹–€ŒSº˜a’¬‰Ÿ‰z,836-2,,
19384-0900-22.zip,202202141041,’†‹–€ŒSº˜a’¬‰Ÿ‰z,836-3,,
19384-0900-22.zip,202202141041,’†‹–€ŒSº˜a’¬‰Ÿ‰z,837,,
19384-0900-22.zip,202202141041,’†‹–€ŒSº˜a’¬‰Ÿ‰z,837-2,,
19384-0900-22.zip,202202141041,’†‹–€ŒSº˜a’¬‰Ÿ‰z,837-3,,
19384-0900-22.zip,202202141041,’†‹–€ŒSº˜a’¬‰Ÿ‰z,839-2,,
19384-0900-22.zip,202202141041,’†‹–€ŒSº˜a’¬‰Ÿ‰z,839-3,,
19384-0900-22.zip,202202141041,’†‹–€ŒSº˜a’¬‰Ÿ‰z,840-1,,
19384-0900-22.zip,202202141041,’†‹–€ŒSº˜a’¬‰Ÿ‰z,840-2,,
19384-0900-22.zip,202202141041,’†‹–€ŒSº˜a’¬‰Ÿ‰z,840-3,,
19384-0900-22.zip,202202141041,’†‹–€ŒSº˜a’¬‰Ÿ‰z,840-4,,
19384-0900-22.zip,202202141041,’†‹–€ŒSº˜a’¬‰Ÿ‰z,840-5,,
19384-0900-22.zip,202202141041,’†‹–€ŒSº˜a’¬‰Ÿ‰z,842,,
19384-0900-22.zip,202202141041,’†‹–€ŒSº˜a’¬‰Ÿ‰z,843-1,,
19384-0900-22.zip,202202141041,’†‹–€ŒSº˜a’¬‰Ÿ‰z,843-2,,
19384-0900-22.zip,202202141041,’†‹–€ŒSº˜a’¬‰Ÿ‰z,847-1,,
19384-0900-22.zip,202202141041,’†‹–€ŒSº˜a’¬‰Ÿ‰z,847-2,,
19384-0900-22.zip,202202141041,’†‹–€ŒSº˜a’¬‰Ÿ‰z,847-3,,
19384-0900-22.zip,202202141041,’†‹–€ŒSº˜a’¬‰Ÿ‰z,848-1,,
19384-0900-22.zip,202202141041,’†‹–€ŒSº˜a’¬‰Ÿ‰z,848-2,,
19384-0900-22.zip,202202141041,’†‹–€ŒSº˜a’¬‰Ÿ‰z,848-3,,
19384-0900-22.zip,202202141041,’†‹–€ŒSº˜a’¬‰Ÿ‰z,848-4,,
19384-0900-22.zip,202202141041,’†‹–€ŒSº˜a’¬‰Ÿ‰z,848-5,,
19384-0900-22.zip,202202141041,’†‹–€ŒSº˜a’¬‰Ÿ‰z,849-1,,
19384-0900-22.zip,202202141041,’†‹–€ŒSº˜a’¬‰Ÿ‰z,849-2,,
19384-0900-22.zip,202202141041,’†‹–€ŒSº˜a’¬‰Ÿ‰z,849-3,,
19384-0900-22.zip,202202141041,’†‹–€ŒSº˜a’¬‰Ÿ‰z,849-4,,
19384-0900-22.zip,202202141041,’†‹–€ŒSº˜a’¬‰Ÿ‰z,850-1,,
19384-0900-22.zip,202202141041,’†‹–€ŒSº˜a’¬‰Ÿ‰z,850-2,,
19384-0900-22.zip,202202141041,’†‹–€ŒSº˜a’¬‰Ÿ‰z,850-3,,
19384-0900-22.zip,202202141041,’†‹–€ŒSº˜a’¬‰Ÿ‰z,851,,
19384-0900-22.zip,202202141041,’†‹–€ŒSº˜a’¬‰Ÿ‰z,853,,
19384-0900-22.zip,202202141041,’†‹–€ŒSº˜a’¬‰Ÿ‰z,855,,
19384-0900-22.zip,202202141041,’†‹–€ŒSº˜a’¬‰Ÿ‰z,857,,
19384-0900-22.zip,202202141041,’†‹–€ŒSº˜a’¬‰Ÿ‰z,858-1,,
19384-0900-22.zip,202202141041,’†‹–€ŒSº˜a’¬‰Ÿ‰z,858-2,,
19384-0900-22.zip,202202141041,’†‹–€ŒSº˜a’¬‰Ÿ‰z,–³’n”Ô-1,,
19384-0900-22.zip,202202141041,’†‹–€ŒSº˜a’¬‰Ÿ‰z,–³’n”Ô-2,,
19384-0900-22.zip,202202141041,’†‹–€ŒSº˜a’¬‰Ÿ‰z,…-445,,
19384-0900-22.zip,202202141041,’†‹–€ŒSº˜a’¬‰Ÿ‰z,…-510,,
19384-0900-22.zip,202202141041,’†‹–€ŒSº˜a’¬‰Ÿ‰z,…-563,,
19384-0900-22.zip,202202141041,’†‹–€ŒSº˜a’¬‰Ÿ‰z,859,,
19384-0900-22.zip,202202141041,’†‹–€ŒSº˜a’¬‰Ÿ‰z,860-1,,
19384-0900-22.zip,202202141041,’†‹–€ŒSº˜a’¬‰Ÿ‰z,860-2,,
19384-0900-22.zip,202202141041,’†‹–€ŒSº˜a’¬‰Ÿ‰z,860-3,,
19384-0900-22.zip,202202141041,’†‹–€ŒSº˜a’¬‰Ÿ‰z,860-4,,
19384-0900-22.zip,202202141041,’†‹–€ŒSº˜a’¬‰Ÿ‰z,861-1,,
19384-0900-22.zip,202202141041,’†‹–€ŒSº˜a’¬‰Ÿ‰z,861-3,,
19384-0900-22.zip,202202141041,’†‹–€ŒSº˜a’¬‰Ÿ‰z,862,,
19384-0900-22.zip,202202141041,’†‹–€ŒSº˜a’¬‰Ÿ‰z,863-1,,
19384-0900-22.zip,202202141041,’†‹–€ŒSº˜a’¬‰Ÿ‰z,863-3,,
19384-0900-22.zip,202202141041,’†‹–€ŒSº˜a’¬‰Ÿ‰z,863-4,,
19384-0900-22.zip,202202141041,’†‹–€ŒSº˜a’¬‰Ÿ‰z,864-1,,
19384-0900-22.zip,202202141041,’†‹–€ŒSº˜a’¬‰Ÿ‰z,885-1,,
19384-0900-22.zip,202202141041,’†‹–€ŒSº˜a’¬‰Ÿ‰z,885-2,,
19384-0900-22.zip,202202141041,’†‹–€ŒSº˜a’¬‰Ÿ‰z,885-3,,
19384-0900-22.zip,202202141041,’†‹–€ŒSº˜a’¬‰Ÿ‰z,885-4,,
19384-0900-22.zip,202202141041,’†‹–€ŒSº˜a’¬‰Ÿ‰z,897,,
19384-0900-22.zip,202202141041,’†‹–€ŒSº˜a’¬‰Ÿ‰z,901,,
19384-0900-22.zip,202202141041,’†‹–€ŒSº˜a’¬‰Ÿ‰z,910-1,,
19384-0900-22.zip,202202141041,’†‹–€ŒSº˜a’¬‰Ÿ‰z,911-1,,
19384-0900-22.zip,202202141041,’†‹–€ŒSº˜a’¬‰Ÿ‰z,913-1,,
19384-0900-22.zip,202202141041,’†‹–€ŒSº˜a’¬‰Ÿ‰z,913-3,,
19384-0900-22.zip,202202141041,’†‹–€ŒSº˜a’¬‰Ÿ‰z,914-1,,
19384-0900-22.zip,202202141041,’†‹–€ŒSº˜a’¬‰Ÿ‰z,914-2,,
19384-0900-22.zip,202202141041,’†‹–€ŒSº˜a’¬‰Ÿ‰z,917,,
19384-0900-22.zip,202202141041,’†‹–€ŒSº˜a’¬‰Ÿ‰z,917-1,,
19384-0900-22.zip,202202141041,’†‹–€ŒSº˜a’¬‰Ÿ‰z,918,,
19384-0900-22.zip,202202141041,’†‹–€ŒSº˜a’¬‰Ÿ‰z,919-1,,
19384-0900-22.zip,202202141041,’†‹–€ŒSº˜a’¬‰Ÿ‰z,919-2,,
19384-0900-22.zip,202202141041,’†‹–€ŒSº˜a’¬‰Ÿ‰z,919-3,,
19384-0900-22.zip,202202141041,’†‹–€ŒSº˜a’¬‰Ÿ‰z,920-1,,
19384-0900-22.zip,202202141041,’†‹–€ŒSº˜a’¬‰Ÿ‰z,920-2,,
19384-0900-22.zip,202202141041,’†‹–€ŒSº˜a’¬‰Ÿ‰z,922,,
19384-0900-22.zip,202202141041,’†‹–€ŒSº˜a’¬‰Ÿ‰z,922-3,,
19384-0900-22.zip,202202141041,’†‹–€ŒSº˜a’¬‰Ÿ‰z,923-1,,
19384-0900-22.zip,202202141041,’†‹–€ŒSº˜a’¬‰Ÿ‰z,923-3,,
19384-0900-22.zip,202202141041,’†‹–€ŒSº˜a’¬‰Ÿ‰z,“¹-383,,
19384-0900-22.zip,202202141041,’†‹–€ŒSº˜a’¬‰Ÿ‰z,…-6,,
19384-0900-22.zip,202202141041,’†‹–€ŒSº˜a’¬‰Ÿ‰z,…-100,,
19384-0900-22.zip,202202141041,’†‹–€ŒSº˜a’¬‰Ÿ‰z,…-443,,
19384-0900-22.zip,202202141041,’†‹–€ŒSº˜a’¬‰Ÿ‰z,…-474,,
19384-0900-22.zip,202202141041,’†‹–€ŒSº˜a’¬‰Ÿ‰z,’·‹·•¨•s–¾-49,,
19384-0900-22.zip,202202141041,’†‹–€ŒSº˜a’¬‰Ÿ‰z,924-1,,
19384-0900-22.zip,202202141041,’†‹–€ŒSº˜a’¬‰Ÿ‰z,925-1,,
19384-0900-22.zip,202202141041,’†‹–€ŒSº˜a’¬‰Ÿ‰z,925-2,,
19384-0900-22.zip,202202141041,’†‹–€ŒSº˜a’¬‰Ÿ‰z,925-3,,
19384-0900-22.zip,202202141041,’†‹–€ŒSº˜a’¬‰Ÿ‰z,927-4,,
19384-0900-22.zip,202202141041,’†‹–€ŒSº˜a’¬‰Ÿ‰z,928-1,,
19384-0900-22.zip,202202141041,’†‹–€ŒSº˜a’¬‰Ÿ‰z,928-4,,
19384-0900-22.zip,202202141041,’†‹–€ŒSº˜a’¬‰Ÿ‰z,928-6,,
19384-0900-22.zip,202202141041,’†‹–€ŒSº˜a’¬‰Ÿ‰z,929-3,,
19384-0900-22.zip,202202141041,’†‹–€ŒSº˜a’¬‰Ÿ‰z,930-1,,
19384-0900-22.zip,202202141041,’†‹–€ŒSº˜a’¬‰Ÿ‰z,932,,
19384-0900-22.zip,202202141041,’†‹–€ŒSº˜a’¬‰Ÿ‰z,933,,
19384-0900-22.zip,202202141041,’†‹–€ŒSº˜a’¬‰Ÿ‰z,935,,
19384-0900-22.zip,202202141041,’†‹–€ŒSº˜a’¬‰Ÿ‰z,936,,
19384-0900-22.zip,202202141041,’†‹–€ŒSº˜a’¬‰Ÿ‰z,937-1,,
19384-0900-22.zip,202202141041,’†‹–€ŒSº˜a’¬‰Ÿ‰z,937-4,,
19384-0900-22.zip,202202141041,’†‹–€ŒSº˜a’¬‰Ÿ‰z,937-5,,
19384-0900-22.zip,202202141041,’†‹–€ŒSº˜a’¬‰Ÿ‰z,938-1,,
19384-0900-22.zip,202202141041,’†‹–€ŒSº˜a’¬‰Ÿ‰z,938-3,,
19384-0900-22.zip,202202141041,’†‹–€ŒSº˜a’¬‰Ÿ‰z,939-1,,
19384-0900-22.zip,202202141041,’†‹–€ŒSº˜a’¬‰Ÿ‰z,939-2,,
19384-0900-22.zip,202202141041,’†‹–€ŒSº˜a’¬‰Ÿ‰z,939-3,,
19384-0900-22.zip,202202141041,’†‹–€ŒSº˜a’¬‰Ÿ‰z,941-1,,
19384-0900-22.zip,202202141041,’†‹–€ŒSº˜a’¬‰Ÿ‰z,941-2,,
19384-0900-22.zip,202202141041,’†‹–€ŒSº˜a’¬‰Ÿ‰z,943-1,,
19384-0900-22.zip,202202141041,’†‹–€ŒSº˜a’¬‰Ÿ‰z,943-2,,
19384-0900-22.zip,202202141041,’†‹–€ŒSº˜a’¬‰Ÿ‰z,944,,
19384-0900-22.zip,202202141041,’†‹–€ŒSº˜a’¬‰Ÿ‰z,945,,
19384-0900-22.zip,202202141041,’†‹–€ŒSº˜a’¬‰Ÿ‰z,946,,
19384-0900-22.zip,202202141041,’†‹–€ŒSº˜a’¬‰Ÿ‰z,947,,
19384-0900-22.zip,202202141041,’†‹–€ŒSº˜a’¬‰Ÿ‰z,948,,
19384-0900-22.zip,202202141041,’†‹–€ŒSº˜a’¬‰Ÿ‰z,949,,
19384-0900-22.zip,202202141041,’†‹–€ŒSº˜a’¬‰Ÿ‰z,950-2,,
19384-0900-22.zip,202202141041,’†‹–€ŒSº˜a’¬‰Ÿ‰z,950-3,,
19384-0900-22.zip,202202141041,’†‹–€ŒSº˜a’¬‰Ÿ‰z,951,,
19384-0900-22.zip,202202141041,’†‹–€ŒSº˜a’¬‰Ÿ‰z,952,,
19384-0900-22.zip,202202141041,’†‹–€ŒSº˜a’¬‰Ÿ‰z,954-2,,
19384-0900-22.zip,202202141041,’†‹–€ŒSº˜a’¬‰Ÿ‰z,954-4,,
19384-0900-22.zip,202202141041,’†‹–€ŒSº˜a’¬‰Ÿ‰z,954-5,,
19384-0900-22.zip,202202141041,’†‹–€ŒSº˜a’¬‰Ÿ‰z,955-1,,
19384-0900-22.zip,202202141041,’†‹–€ŒSº˜a’¬‰Ÿ‰z,955-2,,
19384-0900-22.zip,202202141041,’†‹–€ŒSº˜a’¬‰Ÿ‰z,955-3,,
19384-0900-22.zip,202202141041,’†‹–€ŒSº˜a’¬‰Ÿ‰z,956-1,,
19384-0900-22.zip,202202141041,’†‹–€ŒSº˜a’¬‰Ÿ‰z,956-2,,
19384-0900-22.zip,202202141041,’†‹–€ŒSº˜a’¬‰Ÿ‰z,956-3,,
19384-0900-22.zip,202202141041,’†‹–€ŒSº˜a’¬‰Ÿ‰z,958,,
19384-0900-22.zip,202202141041,’†‹–€ŒSº˜a’¬‰Ÿ‰z,959-1,,
19384-0900-22.zip,202202141041,’†‹–€ŒSº˜a’¬‰Ÿ‰z,959-2,,
19384-0900-22.zip,202202141041,’†‹–€ŒSº˜a’¬‰Ÿ‰z,960-1,,
19384-0900-22.zip,202202141041,’†‹–€ŒSº˜a’¬‰Ÿ‰z,960-2,,
19384-0900-22.zip,202202141041,’†‹–€ŒSº˜a’¬‰Ÿ‰z,960-3,,
19384-0900-22.zip,202202141041,’†‹–€ŒSº˜a’¬‰Ÿ‰z,961,,
19384-0900-22.zip,202202141041,’†‹–€ŒSº˜a’¬‰Ÿ‰z,962-1,,
19384-0900-22.zip,202202141041,’†‹–€ŒSº˜a’¬‰Ÿ‰z,962-2,,
19384-0900-22.zip,202202141041,’†‹–€ŒSº˜a’¬‰Ÿ‰z,962-3,,
19384-0900-22.zip,202202141041,’†‹–€ŒSº˜a’¬‰Ÿ‰z,963-1,,
19384-0900-22.zip,202202141041,’†‹–€ŒSº˜a’¬‰Ÿ‰z,963-2,,
19384-0900-22.zip,202202141041,’†‹–€ŒSº˜a’¬‰Ÿ‰z,963-3,,
19384-0900-22.zip,202202141041,’†‹–€ŒSº˜a’¬‰Ÿ‰z,963-4,,
19384-0900-22.zip,202202141041,’†‹–€ŒSº˜a’¬‰Ÿ‰z,964,,
19384-0900-22.zip,202202141041,’†‹–€ŒSº˜a’¬‰Ÿ‰z,964-2,,
19384-0900-22.zip,202202141041,’†‹–€ŒSº˜a’¬‰Ÿ‰z,965,,
19384-0900-22.zip,202202141041,’†‹–€ŒSº˜a’¬‰Ÿ‰z,966,,
19384-0900-22.zip,202202141041,’†‹–€ŒSº˜a’¬‰Ÿ‰z,970,,
19384-0900-22.zip,202202141041,’†‹–€ŒSº˜a’¬‰Ÿ‰z,972-1,,
19384-0900-22.zip,202202141041,’†‹–€ŒSº˜a’¬‰Ÿ‰z,972-2,,
19384-0900-22.zip,202202141041,’†‹–€ŒSº˜a’¬‰Ÿ‰z,972-3,,
19384-0900-22.zip,202202141041,’†‹–€ŒSº˜a’¬‰Ÿ‰z,972-4,,
19384-0900-22.zip,202202141041,’†‹–€ŒSº˜a’¬‰Ÿ‰z,973-1,,
19384-0900-22.zip,202202141041,’†‹–€ŒSº˜a’¬‰Ÿ‰z,973-2,,
19384-0900-22.zip,202202141041,’†‹–€ŒSº˜a’¬‰Ÿ‰z,973-3,,
19384-0900-22.zip,202202141041,’†‹–€ŒSº˜a’¬‰Ÿ‰z,973-4,,
19384-0900-22.zip,202202141041,’†‹–€ŒSº˜a’¬‰Ÿ‰z,973-5,,
19384-0900-22.zip,202202141041,’†‹–€ŒSº˜a’¬‰Ÿ‰z,973-6,,
19384-0900-22.zip,202202141041,’†‹–€ŒSº˜a’¬‰Ÿ‰z,974,,
19384-0900-22.zip,202202141041,’†‹–€ŒSº˜a’¬‰Ÿ‰z,975-1,,
19384-0900-22.zip,202202141041,’†‹–€ŒSº˜a’¬‰Ÿ‰z,975-2,,
19384-0900-22.zip,202202141041,’†‹–€ŒSº˜a’¬‰Ÿ‰z,975-3,,
19384-0900-22.zip,202202141041,’†‹–€ŒSº˜a’¬‰Ÿ‰z,976-1,,
19384-0900-22.zip,202202141041,’†‹–€ŒSº˜a’¬‰Ÿ‰z,976-2,,
19384-0900-22.zip,202202141041,’†‹–€ŒSº˜a’¬‰Ÿ‰z,977,,
19384-0900-22.zip,202202141041,’†‹–€ŒSº˜a’¬‰Ÿ‰z,978,,
19384-0900-22.zip,202202141041,’†‹–€ŒSº˜a’¬‰Ÿ‰z,979,,
19384-0900-22.zip,202202141041,’†‹–€ŒSº˜a’¬‰Ÿ‰z,980,,
19384-0900-22.zip,202202141041,’†‹–€ŒSº˜a’¬‰Ÿ‰z,983,,
19384-0900-22.zip,202202141041,’†‹–€ŒSº˜a’¬‰Ÿ‰z,984,,
19384-0900-22.zip,202202141041,’†‹–€ŒSº˜a’¬‰Ÿ‰z,987-1,,
19384-0900-22.zip,202202141041,’†‹–€ŒSº˜a’¬‰Ÿ‰z,987-2,,
19384-0900-22.zip,202202141041,’†‹–€ŒSº˜a’¬‰Ÿ‰z,988,,
19384-0900-22.zip,202202141041,’†‹–€ŒSº˜a’¬‰Ÿ‰z,990,,
19384-0900-22.zip,202202141041,’†‹–€ŒSº˜a’¬‰Ÿ‰z,991,,
19384-0900-22.zip,202202141041,’†‹–€ŒSº˜a’¬‰Ÿ‰z,992,,
19384-0900-22.zip,202202141041,’†‹–€ŒSº˜a’¬‰Ÿ‰z,993,,
19384-0900-22.zip,202202141041,’†‹–€ŒSº˜a’¬‰Ÿ‰z,994,,
19384-0900-22.zip,202202141041,’†‹–€ŒSº˜a’¬‰Ÿ‰z,995-1,,
19384-0900-22.zip,202202141041,’†‹–€ŒSº˜a’¬‰Ÿ‰z,995-2,,
19384-0900-22.zip,202202141041,’†‹–€ŒSº˜a’¬‰Ÿ‰z,996,,
19384-0900-22.zip,202202141041,’†‹–€ŒSº˜a’¬‰Ÿ‰z,997-1,,
19384-0900-22.zip,202202141041,’†‹–€ŒSº˜a’¬‰Ÿ‰z,997-3,,
19384-0900-22.zip,202202141041,’†‹–€ŒSº˜a’¬‰Ÿ‰z,997-7,,
19384-0900-22.zip,202202141041,’†‹–€ŒSº˜a’¬‰Ÿ‰z,998,,
19384-0900-22.zip,202202141041,’†‹–€ŒSº˜a’¬‰Ÿ‰z,1000-1,,
19384-0900-22.zip,202202141041,’†‹–€ŒSº˜a’¬‰Ÿ‰z,1000-2,,
19384-0900-22.zip,202202141041,’†‹–€ŒSº˜a’¬‰Ÿ‰z,1001,,
19384-0900-22.zip,202202141041,’†‹–€ŒSº˜a’¬‰Ÿ‰z,1002,,
19384-0900-22.zip,202202141041,’†‹–€ŒSº˜a’¬‰Ÿ‰z,1003,,
19384-0900-22.zip,202202141041,’†‹–€ŒSº˜a’¬‰Ÿ‰z,1004-1,,
19384-0900-22.zip,202202141041,’†‹–€ŒSº˜a’¬‰Ÿ‰z,1004-2,,
19384-0900-22.zip,202202141041,’†‹–€ŒSº˜a’¬‰Ÿ‰z,1007-1,,
19384-0900-22.zip,202202141041,’†‹–€ŒSº˜a’¬‰Ÿ‰z,1007-4,,
19384-0900-22.zip,202202141041,’†‹–€ŒSº˜a’¬‰Ÿ‰z,1011-1,,
19384-0900-22.zip,202202141041,’†‹–€ŒSº˜a’¬‰Ÿ‰z,1011-2,,
19384-0900-22.zip,202202141041,’†‹–€ŒSº˜a’¬‰Ÿ‰z,1011-3,,
19384-0900-22.zip,202202141041,’†‹–€ŒSº˜a’¬‰Ÿ‰z,1012-1,,
19384-0900-22.zip,202202141041,’†‹–€ŒSº˜a’¬‰Ÿ‰z,1012-2,,
19384-0900-22.zip,202202141041,’†‹–€ŒSº˜a’¬‰Ÿ‰z,1014-1,,
19384-0900-22.zip,202202141041,’†‹–€ŒSº˜a’¬‰Ÿ‰z,1014-2,,
19384-0900-22.zip,202202141041,’†‹–€ŒSº˜a’¬‰Ÿ‰z,1014-4,,
19384-0900-22.zip,202202141041,’†‹–€ŒSº˜a’¬‰Ÿ‰z,1015,,
19384-0900-22.zip,202202141041,’†‹–€ŒSº˜a’¬‰Ÿ‰z,1016,,
19384-0900-22.zip,202202141041,’†‹–€ŒSº˜a’¬‰Ÿ‰z,1017-2,,
19384-0900-22.zip,202202141041,’†‹–€ŒSº˜a’¬‰Ÿ‰z,1018,,
19384-0900-22.zip,202202141041,’†‹–€ŒSº˜a’¬‰Ÿ‰z,1019-1,,
19384-0900-22.zip,202202141041,’†‹–€ŒSº˜a’¬‰Ÿ‰z,1019-2,,
19384-0900-22.zip,202202141041,’†‹–€ŒSº˜a’¬‰Ÿ‰z,1019-3,,
19384-0900-22.zip,202202141041,’†‹–€ŒSº˜a’¬‰Ÿ‰z,1019-5,,
19384-0900-22.zip,202202141041,’†‹–€ŒSº˜a’¬‰Ÿ‰z,1019-7,,
19384-0900-22.zip,202202141041,’†‹–€ŒSº˜a’¬‰Ÿ‰z,1022-1,,
19384-0900-22.zip,202202141041,’†‹–€ŒSº˜a’¬‰Ÿ‰z,1022-2,,
19384-0900-22.zip,202202141041,’†‹–€ŒSº˜a’¬‰Ÿ‰z,1023,,
19384-0900-22.zip,202202141041,’†‹–€ŒSº˜a’¬‰Ÿ‰z,1025-1,,
19384-0900-22.zip,202202141041,’†‹–€ŒSº˜a’¬‰Ÿ‰z,1025-2,,
19384-0900-22.zip,202202141041,’†‹–€ŒSº˜a’¬‰Ÿ‰z,1027-5,,
19384-0900-22.zip,202202141041,’†‹–€ŒSº˜a’¬‰Ÿ‰z,1027-6,,
19384-0900-22.zip,202202141041,’†‹–€ŒSº˜a’¬‰Ÿ‰z,1027-8,,
19384-0900-22.zip,202202141041,’†‹–€ŒSº˜a’¬‰Ÿ‰z,“¹-100,,
19384-0900-22.zip,202202141041,’†‹–€ŒSº˜a’¬‰Ÿ‰z,“¹-408,,
19384-0900-22.zip,202202141041,’†‹–€ŒSº˜a’¬‰Ÿ‰z,“¹-416,,
19384-0900-22.zip,202202141041,’†‹–€ŒSº˜a’¬‰Ÿ‰z,“¹-428,,
19384-0900-22.zip,202202141041,’†‹–€ŒSº˜a’¬‰Ÿ‰z,…-18,,
19384-0900-22.zip,202202141041,’†‹–€ŒSº˜a’¬‰Ÿ‰z,…-461,,
19384-0900-22.zip,202202141041,’†‹–€ŒSº˜a’¬‰Ÿ‰z,…-488,,
19384-0900-22.zip,202202141041,’†‹–€ŒSº˜a’¬‰Ÿ‰z,…-550,,
19384-0900-22.zip,202202141041,’†‹–€ŒSº˜a’¬‰Ÿ‰z,…-570,,
19384-0900-22.zip,202202141041,’†‹–€ŒSº˜a’¬‰Ÿ‰z,…-578,,
19384-0900-22.zip,202202141041,’†‹–€ŒSº˜a’¬‰Ÿ‰z,…-580,,
19384-0900-22.zip,202202141041,’†‹–€ŒSº˜a’¬‰Ÿ‰z,…-587,,
19384-0900-22.zip,202202141041,’†‹–€ŒSº˜a’¬‰Ÿ‰z,…-591,,
19384-0900-22.zip,202202141041,’†‹–€ŒSº˜a’¬‰Ÿ‰z,…-595,,
19384-0900-22.zip,202202141041,’†‹–€ŒSº˜a’¬‰Ÿ‰z,…-598,,
19384-0900-22.zip,202202141041,’†‹–€ŒSº˜a’¬‰Ÿ‰z,…-599,,
19384-0900-22.zip,202202141041,’†‹–€ŒSº˜a’¬‰Ÿ‰z,…-30101,,
19384-0900-22.zip,202202141041,’†‹–€ŒSº˜a’¬‰Ÿ‰z,’·‹·•¨•s–¾-46,,
19384-0900-22.zip,202202141041,’†‹–€ŒSº˜a’¬‰Ÿ‰z,’·‹·•¨•s–¾-47,,
19384-0900-22.zip,202202141041,’†‹–€ŒSº˜a’¬‰Ÿ‰z,’·‹·•¨•s–¾-48,,
19384-0900-22.zip,202202141041,’†‹–€ŒSº˜a’¬‰Ÿ‰z,915-1,,
19384-0900-22.zip,202202141041,’†‹–€ŒSº˜a’¬‰Ÿ‰z,915-2,,
19384-0900-22.zip,202202141041,’†‹–€ŒSº˜a’¬‰Ÿ‰z,915-3,,
19384-0900-22.zip,202202141041,’†‹–€ŒSº˜a’¬‰Ÿ‰z,916-1,,
19384-0900-22.zip,202202141041,’†‹–€ŒSº˜a’¬‰Ÿ‰z,916-2,,
19384-0900-22.zip,202202141041,’†‹–€ŒSº˜a’¬‰Ÿ‰z,1028-1,,
19384-0900-22.zip,202202141041,’†‹–€ŒSº˜a’¬‰Ÿ‰z,1028-4,,
19384-0900-22.zip,202202141041,’†‹–€ŒSº˜a’¬‰Ÿ‰z,1028-5,,
19384-0900-22.zip,202202141041,’†‹–€ŒSº˜a’¬‰Ÿ‰z,1029-1,,
19384-0900-22.zip,202202141041,’†‹–€ŒSº˜a’¬‰Ÿ‰z,1029-2,,
19384-0900-22.zip,202202141041,’†‹–€ŒSº˜a’¬‰Ÿ‰z,1029-4,,
19384-0900-22.zip,202202141041,’†‹–€ŒSº˜a’¬‰Ÿ‰z,1029-5,,
19384-0900-22.zip,202202141041,’†‹–€ŒSº˜a’¬‰Ÿ‰z,1031-2,,
19384-0900-22.zip,202202141041,’†‹–€ŒSº˜a’¬‰Ÿ‰z,1031-3,,
19384-0900-22.zip,202202141041,’†‹–€ŒSº˜a’¬‰Ÿ‰z,1031-5,,
19384-0900-22.zip,202202141041,’†‹–€ŒSº˜a’¬‰Ÿ‰z,1031-6,,
19384-0900-22.zip,202202141041,’†‹–€ŒSº˜a’¬‰Ÿ‰z,1031-12,,
19384-0900-22.zip,202202141041,’†‹–€ŒSº˜a’¬‰Ÿ‰z,1031-13,,
19384-0900-22.zip,202202141041,’†‹–€ŒSº˜a’¬‰Ÿ‰z,1031-14,,
19384-0900-22.zip,202202141041,’†‹–€ŒSº˜a’¬‰Ÿ‰z,1031-15,,
19384-0900-22.zip,202202141041,’†‹–€ŒSº˜a’¬‰Ÿ‰z,1031-16,,
19384-0900-22.zip,202202141041,’†‹–€ŒSº˜a’¬‰Ÿ‰z,1031-17,,
19384-0900-22.zip,202202141041,’†‹–€ŒSº˜a’¬‰Ÿ‰z,1031-18,,
19384-0900-22.zip,202202141041,’†‹–€ŒSº˜a’¬‰Ÿ‰z,1031-19,,
19384-0900-22.zip,202202141041,’†‹–€ŒSº˜a’¬‰Ÿ‰z,1032-2,,
19384-0900-22.zip,202202141041,’†‹–€ŒSº˜a’¬‰Ÿ‰z,1032-3,,
19384-0900-22.zip,202202141041,’†‹–€ŒSº˜a’¬‰Ÿ‰z,1032-4,,
19384-0900-22.zip,202202141041,’†‹–€ŒSº˜a’¬‰Ÿ‰z,1032-13,,
19384-0900-22.zip,202202141041,’†‹–€ŒSº˜a’¬‰Ÿ‰z,1032-15,,
19384-0900-22.zip,202202141041,’†‹–€ŒSº˜a’¬‰Ÿ‰z,1032-16,,
19384-0900-22.zip,202202141041,’†‹–€ŒSº˜a’¬‰Ÿ‰z,1032-18,,
19384-0900-22.zip,202202141041,’†‹–€ŒSº˜a’¬‰Ÿ‰z,1032-20,,
19384-0900-22.zip,202202141041,’†‹–€ŒSº˜a’¬‰Ÿ‰z,1032-21,,
19384-0900-22.zip,202202141041,’†‹–€ŒSº˜a’¬‰Ÿ‰z,1032-22,,
19384-0900-22.zip,202202141041,’†‹–€ŒSº˜a’¬‰Ÿ‰z,1032-23,,
19384-0900-22.zip,202202141041,’†‹–€ŒSº˜a’¬‰Ÿ‰z,1048-1,,
19384-0900-22.zip,202202141041,’†‹–€ŒSº˜a’¬‰Ÿ‰z,1048-2,,
19384-0900-22.zip,202202141041,’†‹–€ŒSº˜a’¬‰Ÿ‰z,1049-1,,
19384-0900-22.zip,202202141041,’†‹–€ŒSº˜a’¬‰Ÿ‰z,1049-2,,
19384-0900-22.zip,202202141041,’†‹–€ŒSº˜a’¬‰Ÿ‰z,1050,,
19384-0900-22.zip,202202141041,’†‹–€ŒSº˜a’¬‰Ÿ‰z,1050-2,,
19384-0900-22.zip,202202141041,’†‹–€ŒSº˜a’¬‰Ÿ‰z,1051-2,,
19384-0900-22.zip,202202141041,’†‹–€ŒSº˜a’¬‰Ÿ‰z,1054-1,,
19384-0900-22.zip,202202141041,’†‹–€ŒSº˜a’¬‰Ÿ‰z,1054-2,,
19384-0900-22.zip,202202141041,’†‹–€ŒSº˜a’¬‰Ÿ‰z,1055-1,,
19384-0900-22.zip,202202141041,’†‹–€ŒSº˜a’¬‰Ÿ‰z,1055-3,,
19384-0900-22.zip,202202141041,’†‹–€ŒSº˜a’¬‰Ÿ‰z,1055-4,,
19384-0900-22.zip,202202141041,’†‹–€ŒSº˜a’¬‰Ÿ‰z,1055-6,,
19384-0900-22.zip,202202141041,’†‹–€ŒSº˜a’¬‰Ÿ‰z,1055-7,,
19384-0900-22.zip,202202141041,’†‹–€ŒSº˜a’¬‰Ÿ‰z,1055-10,,
19384-0900-22.zip,202202141041,’†‹–€ŒSº˜a’¬‰Ÿ‰z,1056-2,,
19384-0900-22.zip,202202141041,’†‹–€ŒSº˜a’¬‰Ÿ‰z,1061-2,,
19384-0900-22.zip,202202141041,’†‹–€ŒSº˜a’¬‰Ÿ‰z,1065,,
19384-0900-22.zip,202202141041,’†‹–€ŒSº˜a’¬‰Ÿ‰z,1066-1,,
19384-0900-22.zip,202202141041,’†‹–€ŒSº˜a’¬‰Ÿ‰z,1066-2,,
19384-0900-22.zip,202202141041,’†‹–€ŒSº˜a’¬‰Ÿ‰z,1067-1,,
19384-0900-22.zip,202202141041,’†‹–€ŒSº˜a’¬‰Ÿ‰z,1067-2,,
19384-0900-22.zip,202202141041,’†‹–€ŒSº˜a’¬‰Ÿ‰z,1068-1,,
19384-0900-22.zip,202202141041,’†‹–€ŒSº˜a’¬‰Ÿ‰z,1068-2,,
19384-0900-22.zip,202202141041,’†‹–€ŒSº˜a’¬‰Ÿ‰z,1068-4,,
19384-0900-22.zip,202202141041,’†‹–€ŒSº˜a’¬‰Ÿ‰z,1068-5,,
19384-0900-22.zip,202202141041,’†‹–€ŒSº˜a’¬‰Ÿ‰z,1068-6,,
19384-0900-22.zip,202202141041,’†‹–€ŒSº˜a’¬‰Ÿ‰z,1068-7,,
19384-0900-22.zip,202202141041,’†‹–€ŒSº˜a’¬‰Ÿ‰z,1068-8,,
19384-0900-22.zip,202202141041,’†‹–€ŒSº˜a’¬‰Ÿ‰z,1068-9,,
19384-0900-22.zip,202202141041,’†‹–€ŒSº˜a’¬‰Ÿ‰z,1068-10,,
19384-0900-22.zip,202202141041,’†‹–€ŒSº˜a’¬‰Ÿ‰z,1068-11,,
19384-0900-22.zip,202202141041,’†‹–€ŒSº˜a’¬‰Ÿ‰z,1068-12,,
19384-0900-22.zip,202202141041,’†‹–€ŒSº˜a’¬‰Ÿ‰z,1069,,
19384-0900-22.zip,202202141041,’†‹–€ŒSº˜a’¬‰Ÿ‰z,1070-1,,
19384-0900-22.zip,202202141041,’†‹–€ŒSº˜a’¬‰Ÿ‰z,1070-2,,
19384-0900-22.zip,202202141041,’†‹–€ŒSº˜a’¬‰Ÿ‰z,1070-3,,
19384-0900-22.zip,202202141041,’†‹–€ŒSº˜a’¬‰Ÿ‰z,1070-4,,
19384-0900-22.zip,202202141041,’†‹–€ŒSº˜a’¬‰Ÿ‰z,1071-1,,
19384-0900-22.zip,202202141041,’†‹–€ŒSº˜a’¬‰Ÿ‰z,1071-3,,
19384-0900-22.zip,202202141041,’†‹–€ŒSº˜a’¬‰Ÿ‰z,1071-4,,
19384-0900-22.zip,202202141041,’†‹–€ŒSº˜a’¬‰Ÿ‰z,1072-1,,
19384-0900-22.zip,202202141041,’†‹–€ŒSº˜a’¬‰Ÿ‰z,1072-3,,
19384-0900-22.zip,202202141041,’†‹–€ŒSº˜a’¬‰Ÿ‰z,1073-1,,
19384-0900-22.zip,202202141041,’†‹–€ŒSº˜a’¬‰Ÿ‰z,1073-2,,
19384-0900-22.zip,202202141041,’†‹–€ŒSº˜a’¬‰Ÿ‰z,1073-4,,
19384-0900-22.zip,202202141041,’†‹–€ŒSº˜a’¬‰Ÿ‰z,1074-1,,
19384-0900-22.zip,202202141041,’†‹–€ŒSº˜a’¬‰Ÿ‰z,1074-2,,
19384-0900-22.zip,202202141041,’†‹–€ŒSº˜a’¬‰Ÿ‰z,1074-3,,
19384-0900-22.zip,202202141041,’†‹–€ŒSº˜a’¬‰Ÿ‰z,1074-5,,
19384-0900-22.zip,202202141041,’†‹–€ŒSº˜a’¬‰Ÿ‰z,1074-6,,
19384-0900-22.zip,202202141041,’†‹–€ŒSº˜a’¬‰Ÿ‰z,1075-1,,
19384-0900-22.zip,202202141041,’†‹–€ŒSº˜a’¬‰Ÿ‰z,1075-3,,
19384-0900-22.zip,202202141041,’†‹–€ŒSº˜a’¬‰Ÿ‰z,1075-4,,
19384-0900-22.zip,202202141041,’†‹–€ŒSº˜a’¬‰Ÿ‰z,1076,,
19384-0900-22.zip,202202141041,’†‹–€ŒSº˜a’¬‰Ÿ‰z,1076-2,,
19384-0900-22.zip,202202141041,’†‹–€ŒSº˜a’¬‰Ÿ‰z,1077-1,,
19384-0900-22.zip,202202141041,’†‹–€ŒSº˜a’¬‰Ÿ‰z,1077-2,,
19384-0900-22.zip,202202141041,’†‹–€ŒSº˜a’¬‰Ÿ‰z,1077-3,,
19384-0900-22.zip,202202141041,’†‹–€ŒSº˜a’¬‰Ÿ‰z,1078-1,,
19384-0900-22.zip,202202141041,’†‹–€ŒSº˜a’¬‰Ÿ‰z,1078-2,,
19384-0900-22.zip,202202141041,’†‹–€ŒSº˜a’¬‰Ÿ‰z,1078-3,,
19384-0900-22.zip,202202141041,’†‹–€ŒSº˜a’¬‰Ÿ‰z,1078-5,,
19384-0900-22.zip,202202141041,’†‹–€ŒSº˜a’¬‰Ÿ‰z,1078-6,,
19384-0900-22.zip,202202141041,’†‹–€ŒSº˜a’¬‰Ÿ‰z,1078-7,,
19384-0900-22.zip,202202141041,’†‹–€ŒSº˜a’¬‰Ÿ‰z,1079-1,,
19384-0900-22.zip,202202141041,’†‹–€ŒSº˜a’¬‰Ÿ‰z,1079-2,,
19384-0900-22.zip,202202141041,’†‹–€ŒSº˜a’¬‰Ÿ‰z,1079-4,,
19384-0900-22.zip,202202141041,’†‹–€ŒSº˜a’¬‰Ÿ‰z,1080-1,,
19384-0900-22.zip,202202141041,’†‹–€ŒSº˜a’¬‰Ÿ‰z,1081-1,,
19384-0900-22.zip,202202141041,’†‹–€ŒSº˜a’¬‰Ÿ‰z,1081-2,,
19384-0900-22.zip,202202141041,’†‹–€ŒSº˜a’¬‰Ÿ‰z,1081-4,,
19384-0900-22.zip,202202141041,’†‹–€ŒSº˜a’¬‰Ÿ‰z,1082,,
19384-0900-22.zip,202202141041,’†‹–€ŒSº˜a’¬‰Ÿ‰z,1083-1,,
19384-0900-22.zip,202202141041,’†‹–€ŒSº˜a’¬‰Ÿ‰z,1083-2,,
19384-0900-22.zip,202202141041,’†‹–€ŒSº˜a’¬‰Ÿ‰z,1083-3,,
19384-0900-22.zip,202202141041,’†‹–€ŒSº˜a’¬‰Ÿ‰z,1083-4,,
19384-0900-22.zip,202202141041,’†‹–€ŒSº˜a’¬‰Ÿ‰z,1083-5,,
19384-0900-22.zip,202202141041,’†‹–€ŒSº˜a’¬‰Ÿ‰z,1086-3,,
19384-0900-22.zip,202202141041,’†‹–€ŒSº˜a’¬‰Ÿ‰z,1087-1,,
19384-0900-22.zip,202202141041,’†‹–€ŒSº˜a’¬‰Ÿ‰z,1087-3,,
19384-0900-22.zip,202202141041,’†‹–€ŒSº˜a’¬‰Ÿ‰z,1087-5,,
19384-0900-22.zip,202202141041,’†‹–€ŒSº˜a’¬‰Ÿ‰z,1087-6,,
19384-0900-22.zip,202202141041,’†‹–€ŒSº˜a’¬‰Ÿ‰z,1090-1,,
19384-0900-22.zip,202202141041,’†‹–€ŒSº˜a’¬‰Ÿ‰z,1090-3,,
19384-0900-22.zip,202202141041,’†‹–€ŒSº˜a’¬‰Ÿ‰z,1090-4,,
19384-0900-22.zip,202202141041,’†‹–€ŒSº˜a’¬‰Ÿ‰z,1090-5,,
19384-0900-22.zip,202202141041,’†‹–€ŒSº˜a’¬‰Ÿ‰z,1090-6,,
19384-0900-22.zip,202202141041,’†‹–€ŒSº˜a’¬‰Ÿ‰z,1090-7,,
19384-0900-22.zip,202202141041,’†‹–€ŒSº˜a’¬‰Ÿ‰z,1090-8,,
19384-0900-22.zip,202202141041,’†‹–€ŒSº˜a’¬‰Ÿ‰z,1090-9,,
19384-0900-22.zip,202202141041,’†‹–€ŒSº˜a’¬‰Ÿ‰z,1091-1,,
19384-0900-22.zip,202202141041,’†‹–€ŒSº˜a’¬‰Ÿ‰z,1092-1,,
19384-0900-22.zip,202202141041,’†‹–€ŒSº˜a’¬‰Ÿ‰z,1092-2,,
19384-0900-22.zip,202202141041,’†‹–€ŒSº˜a’¬‰Ÿ‰z,1095-1,,
19384-0900-22.zip,202202141041,’†‹–€ŒSº˜a’¬‰Ÿ‰z,1095-3,,
19384-0900-22.zip,202202141041,’†‹–€ŒSº˜a’¬‰Ÿ‰z,1095-10,,
19384-0900-22.zip,202202141041,’†‹–€ŒSº˜a’¬‰Ÿ‰z,1095-11,,
19384-0900-22.zip,202202141041,’†‹–€ŒSº˜a’¬‰Ÿ‰z,1101-1,,
19384-0900-22.zip,202202141041,’†‹–€ŒSº˜a’¬‰Ÿ‰z,1101-3,,
19384-0900-22.zip,202202141041,’†‹–€ŒSº˜a’¬‰Ÿ‰z,1105-1,,
19384-0900-22.zip,202202141041,’†‹–€ŒSº˜a’¬‰Ÿ‰z,1105-2,,
19384-0900-22.zip,202202141041,’†‹–€ŒSº˜a’¬‰Ÿ‰z,1105-3,,
19384-0900-22.zip,202202141041,’†‹–€ŒSº˜a’¬‰Ÿ‰z,1105-4,,
19384-0900-22.zip,202202141041,’†‹–€ŒSº˜a’¬‰Ÿ‰z,1105-5,,
19384-0900-22.zip,202202141041,’†‹–€ŒSº˜a’¬‰Ÿ‰z,1107-1,,
19384-0900-22.zip,202202141041,’†‹–€ŒSº˜a’¬‰Ÿ‰z,1107-3,,
19384-0900-22.zip,202202141041,’†‹–€ŒSº˜a’¬‰Ÿ‰z,1108-1,,
19384-0900-22.zip,202202141041,’†‹–€ŒSº˜a’¬‰Ÿ‰z,1108-3,,
19384-0900-22.zip,202202141041,’†‹–€ŒSº˜a’¬‰Ÿ‰z,1108-4,,
19384-0900-22.zip,202202141041,’†‹–€ŒSº˜a’¬‰Ÿ‰z,1108-5,,
19384-0900-22.zip,202202141041,’†‹–€ŒSº˜a’¬‰Ÿ‰z,1108-6,,
19384-0900-22.zip,202202141041,’†‹–€ŒSº˜a’¬‰Ÿ‰z,1109-1,,
19384-0900-22.zip,202202141041,’†‹–€ŒSº˜a’¬‰Ÿ‰z,1109-2,,
19384-0900-22.zip,202202141041,’†‹–€ŒSº˜a’¬‰Ÿ‰z,1110-1,,
19384-0900-22.zip,202202141041,’†‹–€ŒSº˜a’¬‰Ÿ‰z,1110-2,,
19384-0900-22.zip,202202141041,’†‹–€ŒSº˜a’¬‰Ÿ‰z,1111-1,,
19384-0900-22.zip,202202141041,’†‹–€ŒSº˜a’¬‰Ÿ‰z,1112-1,,
19384-0900-22.zip,202202141041,’†‹–€ŒSº˜a’¬‰Ÿ‰z,1112-2,,
19384-0900-22.zip,202202141041,’†‹–€ŒSº˜a’¬‰Ÿ‰z,1112-3,,
19384-0900-22.zip,202202141041,’†‹–€ŒSº˜a’¬‰Ÿ‰z,1113,,
19384-0900-22.zip,202202141041,’†‹–€ŒSº˜a’¬‰Ÿ‰z,1114-1,,
19384-0900-22.zip,202202141041,’†‹–€ŒSº˜a’¬‰Ÿ‰z,1116-1,,
19384-0900-22.zip,202202141041,’†‹–€ŒSº˜a’¬‰Ÿ‰z,1116-3,,
19384-0900-22.zip,202202141041,’†‹–€ŒSº˜a’¬‰Ÿ‰z,1117-1,,
19384-0900-22.zip,202202141041,’†‹–€ŒSº˜a’¬‰Ÿ‰z,1117-2,,
19384-0900-22.zip,202202141041,’†‹–€ŒSº˜a’¬‰Ÿ‰z,1118,,
19384-0900-22.zip,202202141041,’†‹–€ŒSº˜a’¬‰Ÿ‰z,1118-2,,
19384-0900-22.zip,202202141041,’†‹–€ŒSº˜a’¬‰Ÿ‰z,1119,,
19384-0900-22.zip,202202141041,’†‹–€ŒSº˜a’¬‰Ÿ‰z,1119-2,,
19384-0900-22.zip,202202141041,’†‹–€ŒSº˜a’¬‰Ÿ‰z,1120-1,,
19384-0900-22.zip,202202141041,’†‹–€ŒSº˜a’¬‰Ÿ‰z,1120-2,,
19384-0900-22.zip,202202141041,’†‹–€ŒSº˜a’¬‰Ÿ‰z,1120-3,,
19384-0900-22.zip,202202141041,’†‹–€ŒSº˜a’¬‰Ÿ‰z,1122,,
19384-0900-22.zip,202202141041,’†‹–€ŒSº˜a’¬‰Ÿ‰z,1123,,
19384-0900-22.zip,202202141041,’†‹–€ŒSº˜a’¬‰Ÿ‰z,1125-1,,
19384-0900-22.zip,202202141041,’†‹–€ŒSº˜a’¬‰Ÿ‰z,1125-2,,
19384-0900-22.zip,202202141041,’†‹–€ŒSº˜a’¬‰Ÿ‰z,1125-3,,
19384-0900-22.zip,202202141041,’†‹–€ŒSº˜a’¬‰Ÿ‰z,1125-4,,
19384-0900-22.zip,202202141041,’†‹–€ŒSº˜a’¬‰Ÿ‰z,1130-3,,
19384-0900-22.zip,202202141041,’†‹–€ŒSº˜a’¬‰Ÿ‰z,1130-4,,
19384-0900-22.zip,202202141041,’†‹–€ŒSº˜a’¬‰Ÿ‰z,1132-1,,
19384-0900-22.zip,202202141041,’†‹–€ŒSº˜a’¬‰Ÿ‰z,1132-2,,
19384-0900-22.zip,202202141041,’†‹–€ŒSº˜a’¬‰Ÿ‰z,1132-3,,
19384-0900-22.zip,202202141041,’†‹–€ŒSº˜a’¬‰Ÿ‰z,1132-4,,
19384-0900-22.zip,202202141041,’†‹–€ŒSº˜a’¬‰Ÿ‰z,1132-5,,
19384-0900-22.zip,202202141041,’†‹–€ŒSº˜a’¬‰Ÿ‰z,1132-6,,
19384-0900-22.zip,202202141041,’†‹–€ŒSº˜a’¬‰Ÿ‰z,1132-7,,
19384-0900-22.zip,202202141041,’†‹–€ŒSº˜a’¬‰Ÿ‰z,1132-8,,
19384-0900-22.zip,202202141041,’†‹–€ŒSº˜a’¬‰Ÿ‰z,1136,,
19384-0900-22.zip,202202141041,’†‹–€ŒSº˜a’¬‰Ÿ‰z,1137,,
19384-0900-22.zip,202202141041,’†‹–€ŒSº˜a’¬‰Ÿ‰z,1138,,
19384-0900-22.zip,202202141041,’†‹–€ŒSº˜a’¬‰Ÿ‰z,1138-2,,
19384-0900-22.zip,202202141041,’†‹–€ŒSº˜a’¬‰Ÿ‰z,1140,,
19384-0900-22.zip,202202141041,’†‹–€ŒSº˜a’¬‰Ÿ‰z,1140-2,,
19384-0900-22.zip,202202141041,’†‹–€ŒSº˜a’¬‰Ÿ‰z,1141-1,,
19384-0900-22.zip,202202141041,’†‹–€ŒSº˜a’¬‰Ÿ‰z,1141-2,,
19384-0900-22.zip,202202141041,’†‹–€ŒSº˜a’¬‰Ÿ‰z,1142-1,,
19384-0900-22.zip,202202141041,’†‹–€ŒSº˜a’¬‰Ÿ‰z,1142-2,,
19384-0900-22.zip,202202141041,’†‹–€ŒSº˜a’¬‰Ÿ‰z,1142-3,,
19384-0900-22.zip,202202141041,’†‹–€ŒSº˜a’¬‰Ÿ‰z,1142-4,,
19384-0900-22.zip,202202141041,’†‹–€ŒSº˜a’¬‰Ÿ‰z,1144-3,,
19384-0900-22.zip,202202141041,’†‹–€ŒSº˜a’¬‰Ÿ‰z,“¹-28,,
19384-0900-22.zip,202202141041,’†‹–€ŒSº˜a’¬‰Ÿ‰z,“¹-385,,
19384-0900-22.zip,202202141041,’†‹–€ŒSº˜a’¬‰Ÿ‰z,“¹-402,,
19384-0900-22.zip,202202141041,’†‹–€ŒSº˜a’¬‰Ÿ‰z,“¹-430,,
19384-0900-22.zip,202202141041,’†‹–€ŒSº˜a’¬‰Ÿ‰z,…-10,,
19384-0900-22.zip,202202141041,’†‹–€ŒSº˜a’¬‰Ÿ‰z,…-13,,
19384-0900-22.zip,202202141041,’†‹–€ŒSº˜a’¬‰Ÿ‰z,…-453,,
19384-0900-22.zip,202202141041,’†‹–€ŒSº˜a’¬‰Ÿ‰z,…-468,,
19384-0900-22.zip,202202141041,’†‹–€ŒSº˜a’¬‰Ÿ‰z,…-493,,
19384-0900-22.zip,202202141041,’†‹–€ŒSº˜a’¬‰Ÿ‰z,…-520,,
19384-0900-22.zip,202202141041,’†‹–€ŒSº˜a’¬‰Ÿ‰z,…-549,,
19384-0900-22.zip,202202141041,’†‹–€ŒSº˜a’¬‰Ÿ‰z,…-554,,
19384-0900-22.zip,202202141041,’†‹–€ŒSº˜a’¬‰Ÿ‰z,…-568,,
19384-0900-22.zip,202202141041,’†‹–€ŒSº˜a’¬‰Ÿ‰z,…-579,,
19384-0900-22.zip,202202141041,’†‹–€ŒSº˜a’¬‰Ÿ‰z,…-584,,
19384-0900-22.zip,202202141041,’†‹–€ŒSº˜a’¬‰Ÿ‰z,1146-1,,
19384-0900-22.zip,202202141041,’†‹–€ŒSº˜a’¬‰Ÿ‰z,1147,,
19384-0900-22.zip,202202141041,’†‹–€ŒSº˜a’¬‰Ÿ‰z,1149,,
19384-0900-22.zip,202202141041,’†‹–€ŒSº˜a’¬‰Ÿ‰z,1150,,
19384-0900-22.zip,202202141041,’†‹–€ŒSº˜a’¬‰Ÿ‰z,1160-1,,
19384-0900-22.zip,202202141041,’†‹–€ŒSº˜a’¬‰Ÿ‰z,1160-2,,
19384-0900-22.zip,202202141041,’†‹–€ŒSº˜a’¬‰Ÿ‰z,1160-3,,
19384-0900-22.zip,202202141041,’†‹–€ŒSº˜a’¬‰Ÿ‰z,1161,,
19384-0900-22.zip,202202141041,’†‹–€ŒSº˜a’¬‰Ÿ‰z,1162,,
19384-0900-22.zip,202202141041,’†‹–€ŒSº˜a’¬‰Ÿ‰z,1164,,
19384-0900-22.zip,202202141041,’†‹–€ŒSº˜a’¬‰Ÿ‰z,1165,,
19384-0900-22.zip,202202141041,’†‹–€ŒSº˜a’¬‰Ÿ‰z,1166,,
19384-0900-22.zip,202202141041,’†‹–€ŒSº˜a’¬‰Ÿ‰z,1167,,
19384-0900-22.zip,202202141041,’†‹–€ŒSº˜a’¬‰Ÿ‰z,1168,,
19384-0900-22.zip,202202141041,’†‹–€ŒSº˜a’¬‰Ÿ‰z,1169,,
19384-0900-22.zip,202202141041,’†‹–€ŒSº˜a’¬‰Ÿ‰z,1170,,
19384-0900-22.zip,202202141041,’†‹–€ŒSº˜a’¬‰Ÿ‰z,1176,,
19384-0900-22.zip,202202141041,’†‹–€ŒSº˜a’¬‰Ÿ‰z,1178-1,,
19384-0900-22.zip,202202141041,’†‹–€ŒSº˜a’¬‰Ÿ‰z,1178-2,,
19384-0900-22.zip,202202141041,’†‹–€ŒSº˜a’¬‰Ÿ‰z,1179-1,,
19384-0900-22.zip,202202141041,’†‹–€ŒSº˜a’¬‰Ÿ‰z,1179-2,,
19384-0900-22.zip,202202141041,’†‹–€ŒSº˜a’¬‰Ÿ‰z,1180-1,,
19384-0900-22.zip,202202141041,’†‹–€ŒSº˜a’¬‰Ÿ‰z,1180-2,,
19384-0900-22.zip,202202141041,’†‹–€ŒSº˜a’¬‰Ÿ‰z,1181,,
19384-0900-22.zip,202202141041,’†‹–€ŒSº˜a’¬‰Ÿ‰z,1183,,
19384-0900-22.zip,202202141041,’†‹–€ŒSº˜a’¬‰Ÿ‰z,1184-1,,
19384-0900-22.zip,202202141041,’†‹–€ŒSº˜a’¬‰Ÿ‰z,1184-4,,
19384-0900-22.zip,202202141041,’†‹–€ŒSº˜a’¬‰Ÿ‰z,1188-2,,
19384-0900-22.zip,202202141041,’†‹–€ŒSº˜a’¬‰Ÿ‰z,1189-2,,
19384-0900-22.zip,202202141041,’†‹–€ŒSº˜a’¬‰Ÿ‰z,1190-1,,
19384-0900-22.zip,202202141041,’†‹–€ŒSº˜a’¬‰Ÿ‰z,1190-2,,
19384-0900-22.zip,202202141041,’†‹–€ŒSº˜a’¬‰Ÿ‰z,1191-1,,
19384-0900-22.zip,202202141041,’†‹–€ŒSº˜a’¬‰Ÿ‰z,1191-2,,
19384-0900-22.zip,202202141041,’†‹–€ŒSº˜a’¬‰Ÿ‰z,1191-3,,
19384-0900-22.zip,202202141041,’†‹–€ŒSº˜a’¬‰Ÿ‰z,1192-1,,
19384-0900-22.zip,202202141041,’†‹–€ŒSº˜a’¬‰Ÿ‰z,1192-2,,
19384-0900-22.zip,202202141041,’†‹–€ŒSº˜a’¬‰Ÿ‰z,1192-3,,
19384-0900-22.zip,202202141041,’†‹–€ŒSº˜a’¬‰Ÿ‰z,1193-2,,
19384-0900-22.zip,202202141041,’†‹–€ŒSº˜a’¬‰Ÿ‰z,1195-2,,
19384-0900-22.zip,202202141041,’†‹–€ŒSº˜a’¬‰Ÿ‰z,1196-2,,
19384-0900-22.zip,202202141041,’†‹–€ŒSº˜a’¬‰Ÿ‰z,1197-2,,
19384-0900-22.zip,202202141041,’†‹–€ŒSº˜a’¬‰Ÿ‰z,1198,,
19384-0900-22.zip,202202141041,’†‹–€ŒSº˜a’¬‰Ÿ‰z,…-458,,
19384-0900-22.zip,202202141041,’†‹–€ŒSº˜a’¬‰Ÿ‰z,…-465,,
19384-0900-22.zip,202202141041,’†‹–€ŒSº˜a’¬‰Ÿ‰z,1199-1,,
19384-0900-22.zip,202202141041,’†‹–€ŒSº˜a’¬‰Ÿ‰z,1200,,
19384-0900-22.zip,202202141041,’†‹–€ŒSº˜a’¬‰Ÿ‰z,1201,,
19384-0900-22.zip,202202141041,’†‹–€ŒSº˜a’¬‰Ÿ‰z,1202-1,,
19384-0900-22.zip,202202141041,’†‹–€ŒSº˜a’¬‰Ÿ‰z,1202-2,,
19384-0900-22.zip,202202141041,’†‹–€ŒSº˜a’¬‰Ÿ‰z,1203-2,,
19384-0900-22.zip,202202141041,’†‹–€ŒSº˜a’¬‰Ÿ‰z,1203-3,,
19384-0900-22.zip,202202141041,’†‹–€ŒSº˜a’¬‰Ÿ‰z,1205-1,,
19384-0900-22.zip,202202141041,’†‹–€ŒSº˜a’¬‰Ÿ‰z,1205-2,,
19384-0900-22.zip,202202141041,’†‹–€ŒSº˜a’¬‰Ÿ‰z,1207-1,,
19384-0900-22.zip,202202141041,’†‹–€ŒSº˜a’¬‰Ÿ‰z,1207-2,,
19384-0900-22.zip,202202141041,’†‹–€ŒSº˜a’¬‰Ÿ‰z,1207-3,,
19384-0900-22.zip,202202141041,’†‹–€ŒSº˜a’¬‰Ÿ‰z,1213,,
19384-0900-22.zip,202202141041,’†‹–€ŒSº˜a’¬‰Ÿ‰z,1214,,
19384-0900-22.zip,202202141041,’†‹–€ŒSº˜a’¬‰Ÿ‰z,1216,,
19384-0900-22.zip,202202141041,’†‹–€ŒSº˜a’¬‰Ÿ‰z,1217,,
19384-0900-22.zip,202202141041,’†‹–€ŒSº˜a’¬‰Ÿ‰z,1218,,
19384-0900-22.zip,202202141041,’†‹–€ŒSº˜a’¬‰Ÿ‰z,1219,,
19384-0900-22.zip,202202141041,’†‹–€ŒSº˜a’¬‰Ÿ‰z,1220,,
19384-0900-22.zip,202202141041,’†‹–€ŒSº˜a’¬‰Ÿ‰z,1220-2,,
19384-0900-22.zip,202202141041,’†‹–€ŒSº˜a’¬‰Ÿ‰z,1220-5,,
19384-0900-22.zip,202202141041,’†‹–€ŒSº˜a’¬‰Ÿ‰z,1221,,
19384-0900-22.zip,202202141041,’†‹–€ŒSº˜a’¬‰Ÿ‰z,1222-2,,
19384-0900-22.zip,202202141041,’†‹–€ŒSº˜a’¬‰Ÿ‰z,1224-1,,
19384-0900-22.zip,202202141041,’†‹–€ŒSº˜a’¬‰Ÿ‰z,1224-2,,
19384-0900-22.zip,202202141041,’†‹–€ŒSº˜a’¬‰Ÿ‰z,1228-2,,
19384-0900-22.zip,202202141041,’†‹–€ŒSº˜a’¬‰Ÿ‰z,1230-1,,
19384-0900-22.zip,202202141041,’†‹–€ŒSº˜a’¬‰Ÿ‰z,1230-3,,
19384-0900-22.zip,202202141041,’†‹–€ŒSº˜a’¬‰Ÿ‰z,1230-4,,
19384-0900-22.zip,202202141041,’†‹–€ŒSº˜a’¬‰Ÿ‰z,1230-6,,
19384-0900-22.zip,202202141041,’†‹–€ŒSº˜a’¬‰Ÿ‰z,1230-7,,
19384-0900-22.zip,202202141041,’†‹–€ŒSº˜a’¬‰Ÿ‰z,1234-1,,
19384-0900-22.zip,202202141041,’†‹–€ŒSº˜a’¬‰Ÿ‰z,1234-2,,
19384-0900-22.zip,202202141041,’†‹–€ŒSº˜a’¬‰Ÿ‰z,1235-1,,
19384-0900-22.zip,202202141041,’†‹–€ŒSº˜a’¬‰Ÿ‰z,1235-2,,
19384-0900-22.zip,202202141041,’†‹–€ŒSº˜a’¬‰Ÿ‰z,1236-1,,
19384-0900-22.zip,202202141041,’†‹–€ŒSº˜a’¬‰Ÿ‰z,1236-2,,
19384-0900-22.zip,202202141041,’†‹–€ŒSº˜a’¬‰Ÿ‰z,1238,,
19384-0900-22.zip,202202141041,’†‹–€ŒSº˜a’¬‰Ÿ‰z,1239,,
19384-0900-22.zip,202202141041,’†‹–€ŒSº˜a’¬‰Ÿ‰z,1240-1,,
19384-0900-22.zip,202202141041,’†‹–€ŒSº˜a’¬‰Ÿ‰z,1240-2,,
19384-0900-22.zip,202202141041,’†‹–€ŒSº˜a’¬‰Ÿ‰z,1241,,
19384-0900-22.zip,202202141041,’†‹–€ŒSº˜a’¬‰Ÿ‰z,1242-2,,
19384-0900-22.zip,202202141041,’†‹–€ŒSº˜a’¬‰Ÿ‰z,1244-2,,
19384-0900-22.zip,202202141041,’†‹–€ŒSº˜a’¬‰Ÿ‰z,1244-3,,
19384-0900-22.zip,202202141041,’†‹–€ŒSº˜a’¬‰Ÿ‰z,1245-1,,
19384-0900-22.zip,202202141041,’†‹–€ŒSº˜a’¬‰Ÿ‰z,1245-2,,
19384-0900-22.zip,202202141041,’†‹–€ŒSº˜a’¬‰Ÿ‰z,1245-3,,
19384-0900-22.zip,202202141041,’†‹–€ŒSº˜a’¬‰Ÿ‰z,1246-1,,
19384-0900-22.zip,202202141041,’†‹–€ŒSº˜a’¬‰Ÿ‰z,1246-2,,
19384-0900-22.zip,202202141041,’†‹–€ŒSº˜a’¬‰Ÿ‰z,1246-3,,
19384-0900-22.zip,202202141041,’†‹–€ŒSº˜a’¬‰Ÿ‰z,1247-1,,
19384-0900-22.zip,202202141041,’†‹–€ŒSº˜a’¬‰Ÿ‰z,1247-2,,
19384-0900-22.zip,202202141041,’†‹–€ŒSº˜a’¬‰Ÿ‰z,1248-1,,
19384-0900-22.zip,202202141041,’†‹–€ŒSº˜a’¬‰Ÿ‰z,1248-2,,
19384-0900-22.zip,202202141041,’†‹–€ŒSº˜a’¬‰Ÿ‰z,1250-1,,
19384-0900-22.zip,202202141041,’†‹–€ŒSº˜a’¬‰Ÿ‰z,1250-2,,
19384-0900-22.zip,202202141041,’†‹–€ŒSº˜a’¬‰Ÿ‰z,1250-4,,
19384-0900-22.zip,202202141041,’†‹–€ŒSº˜a’¬‰Ÿ‰z,1252,,
19384-0900-22.zip,202202141041,’†‹–€ŒSº˜a’¬‰Ÿ‰z,1253,,
19384-0900-22.zip,202202141041,’†‹–€ŒSº˜a’¬‰Ÿ‰z,1254,,
19384-0900-22.zip,202202141041,’†‹–€ŒSº˜a’¬‰Ÿ‰z,1255,,
19384-0900-22.zip,202202141041,’†‹–€ŒSº˜a’¬‰Ÿ‰z,1256,,
19384-0900-22.zip,202202141041,’†‹–€ŒSº˜a’¬‰Ÿ‰z,1257,,
19384-0900-22.zip,202202141041,’†‹–€ŒSº˜a’¬‰Ÿ‰z,1258,,
19384-0900-22.zip,202202141041,’†‹–€ŒSº˜a’¬‰Ÿ‰z,1259,,
19384-0900-22.zip,202202141041,’†‹–€ŒSº˜a’¬‰Ÿ‰z,1260,,
19384-0900-22.zip,202202141041,’†‹–€ŒSº˜a’¬‰Ÿ‰z,1261,,
19384-0900-22.zip,202202141041,’†‹–€ŒSº˜a’¬‰Ÿ‰z,1263,,
19384-0900-22.zip,202202141041,’†‹–€ŒSº˜a’¬‰Ÿ‰z,1264,,
19384-0900-22.zip,202202141041,’†‹–€ŒSº˜a’¬‰Ÿ‰z,1264-2,,
19384-0900-22.zip,202202141041,’†‹–€ŒSº˜a’¬‰Ÿ‰z,1265-2,,
19384-0900-22.zip,202202141041,’†‹–€ŒSº˜a’¬‰Ÿ‰z,1266,,
19384-0900-22.zip,202202141041,’†‹–€ŒSº˜a’¬‰Ÿ‰z,1267-1,,
19384-0900-22.zip,202202141041,’†‹–€ŒSº˜a’¬‰Ÿ‰z,1267-2,,
19384-0900-22.zip,202202141041,’†‹–€ŒSº˜a’¬‰Ÿ‰z,1271-1,,
19384-0900-22.zip,202202141041,’†‹–€ŒSº˜a’¬‰Ÿ‰z,1271-2,,
19384-0900-22.zip,202202141041,’†‹–€ŒSº˜a’¬‰Ÿ‰z,1272-1,,
19384-0900-22.zip,202202141041,’†‹–€ŒSº˜a’¬‰Ÿ‰z,1272-2,,
19384-0900-22.zip,202202141041,’†‹–€ŒSº˜a’¬‰Ÿ‰z,1272-7,,
19384-0900-22.zip,202202141041,’†‹–€ŒSº˜a’¬‰Ÿ‰z,1272-8,,
19384-0900-22.zip,202202141041,’†‹–€ŒSº˜a’¬‰Ÿ‰z,1273-1,,
19384-0900-22.zip,202202141041,’†‹–€ŒSº˜a’¬‰Ÿ‰z,1273-2,,
19384-0900-22.zip,202202141041,’†‹–€ŒSº˜a’¬‰Ÿ‰z,1273-3,,
19384-0900-22.zip,202202141041,’†‹–€ŒSº˜a’¬‰Ÿ‰z,1273-4,,
19384-0900-22.zip,202202141041,’†‹–€ŒSº˜a’¬‰Ÿ‰z,1274-1,,
19384-0900-22.zip,202202141041,’†‹–€ŒSº˜a’¬‰Ÿ‰z,1274-2,,
19384-0900-22.zip,202202141041,’†‹–€ŒSº˜a’¬‰Ÿ‰z,1274-3,,
19384-0900-22.zip,202202141041,’†‹–€ŒSº˜a’¬‰Ÿ‰z,1274-4,,
19384-0900-22.zip,202202141041,’†‹–€ŒSº˜a’¬‰Ÿ‰z,1274-5,,
19384-0900-22.zip,202202141041,’†‹–€ŒSº˜a’¬‰Ÿ‰z,1274-6,,
19384-0900-22.zip,202202141041,’†‹–€ŒSº˜a’¬‰Ÿ‰z,1274-7,,
19384-0900-22.zip,202202141041,’†‹–€ŒSº˜a’¬‰Ÿ‰z,1274-8,,
19384-0900-22.zip,202202141041,’†‹–€ŒSº˜a’¬‰Ÿ‰z,1274-9,,
19384-0900-22.zip,202202141041,’†‹–€ŒSº˜a’¬‰Ÿ‰z,1276,,
19384-0900-22.zip,202202141041,’†‹–€ŒSº˜a’¬‰Ÿ‰z,1277-1,,
19384-0900-22.zip,202202141041,’†‹–€ŒSº˜a’¬‰Ÿ‰z,1277-2,,
19384-0900-22.zip,202202141041,’†‹–€ŒSº˜a’¬‰Ÿ‰z,1281-1,,
19384-0900-22.zip,202202141041,’†‹–€ŒSº˜a’¬‰Ÿ‰z,1281-2,,
19384-0900-22.zip,202202141041,’†‹–€ŒSº˜a’¬‰Ÿ‰z,1283,,
19384-0900-22.zip,202202141041,’†‹–€ŒSº˜a’¬‰Ÿ‰z,1284,,
19384-0900-22.zip,202202141041,’†‹–€ŒSº˜a’¬‰Ÿ‰z,1285-2,,
19384-0900-22.zip,202202141041,’†‹–€ŒSº˜a’¬‰Ÿ‰z,1286-1,,
19384-0900-22.zip,202202141041,’†‹–€ŒSº˜a’¬‰Ÿ‰z,1286-2,,
19384-0900-22.zip,202202141041,’†‹–€ŒSº˜a’¬‰Ÿ‰z,1287,,
19384-0900-22.zip,202202141041,’†‹–€ŒSº˜a’¬‰Ÿ‰z,1288,,
19384-0900-22.zip,202202141041,’†‹–€ŒSº˜a’¬‰Ÿ‰z,1289,,
19384-0900-22.zip,202202141041,’†‹–€ŒSº˜a’¬‰Ÿ‰z,1291,,
19384-0900-22.zip,202202141041,’†‹–€ŒSº˜a’¬‰Ÿ‰z,1293,,
19384-0900-22.zip,202202141041,’†‹–€ŒSº˜a’¬‰Ÿ‰z,1296,,
19384-0900-22.zip,202202141041,’†‹–€ŒSº˜a’¬‰Ÿ‰z,1302,,
19384-0900-22.zip,202202141041,’†‹–€ŒSº˜a’¬‰Ÿ‰z,1303,,
19384-0900-22.zip,202202141041,’†‹–€ŒSº˜a’¬‰Ÿ‰z,1303-2,,
19384-0900-22.zip,202202141041,’†‹–€ŒSº˜a’¬‰Ÿ‰z,1304,,
19384-0900-22.zip,202202141041,’†‹–€ŒSº˜a’¬‰Ÿ‰z,1305-1,,
19384-0900-22.zip,202202141041,’†‹–€ŒSº˜a’¬‰Ÿ‰z,1305-2,,
19384-0900-22.zip,202202141041,’†‹–€ŒSº˜a’¬‰Ÿ‰z,1306-1,,
19384-0900-22.zip,202202141041,’†‹–€ŒSº˜a’¬‰Ÿ‰z,1306-2,,
19384-0900-22.zip,202202141041,’†‹–€ŒSº˜a’¬‰Ÿ‰z,1306-3,,
19384-0900-22.zip,202202141041,’†‹–€ŒSº˜a’¬‰Ÿ‰z,1306-4,,
19384-0900-22.zip,202202141041,’†‹–€ŒSº˜a’¬‰Ÿ‰z,1306-5,,
19384-0900-22.zip,202202141041,’†‹–€ŒSº˜a’¬‰Ÿ‰z,1306-6,,
19384-0900-22.zip,202202141041,’†‹–€ŒSº˜a’¬‰Ÿ‰z,1306-7,,
19384-0900-22.zip,202202141041,’†‹–€ŒSº˜a’¬‰Ÿ‰z,1306-9,,
19384-0900-22.zip,202202141041,’†‹–€ŒSº˜a’¬‰Ÿ‰z,1307-2,,
19384-0900-22.zip,202202141041,’†‹–€ŒSº˜a’¬‰Ÿ‰z,1307-3,,
19384-0900-22.zip,202202141041,’†‹–€ŒSº˜a’¬‰Ÿ‰z,1307-4,,
19384-0900-22.zip,202202141041,’†‹–€ŒSº˜a’¬‰Ÿ‰z,1308-1,,
19384-0900-22.zip,202202141041,’†‹–€ŒSº˜a’¬‰Ÿ‰z,1308-2,,
19384-0900-22.zip,202202141041,’†‹–€ŒSº˜a’¬‰Ÿ‰z,1309,,
19384-0900-22.zip,202202141041,’†‹–€ŒSº˜a’¬‰Ÿ‰z,1310,,
19384-0900-22.zip,202202141041,’†‹–€ŒSº˜a’¬‰Ÿ‰z,1311-1,,
19384-0900-22.zip,202202141041,’†‹–€ŒSº˜a’¬‰Ÿ‰z,1311-2,,
19384-0900-22.zip,202202141041,’†‹–€ŒSº˜a’¬‰Ÿ‰z,1311-3,,
19384-0900-22.zip,202202141041,’†‹–€ŒSº˜a’¬‰Ÿ‰z,1312-2,,
19384-0900-22.zip,202202141041,’†‹–€ŒSº˜a’¬‰Ÿ‰z,1312-3,,
19384-0900-22.zip,202202141041,’†‹–€ŒSº˜a’¬‰Ÿ‰z,1313-1,,
19384-0900-22.zip,202202141041,’†‹–€ŒSº˜a’¬‰Ÿ‰z,1313-2,,
19384-0900-22.zip,202202141041,’†‹–€ŒSº˜a’¬‰Ÿ‰z,1314-1,,
19384-0900-22.zip,202202141041,’†‹–€ŒSº˜a’¬‰Ÿ‰z,1314-2,,
19384-0900-22.zip,202202141041,’†‹–€ŒSº˜a’¬‰Ÿ‰z,1315-1,,
19384-0900-22.zip,202202141041,’†‹–€ŒSº˜a’¬‰Ÿ‰z,1315-3,,
19384-0900-22.zip,202202141041,’†‹–€ŒSº˜a’¬‰Ÿ‰z,1315-5,,
19384-0900-22.zip,202202141041,’†‹–€ŒSº˜a’¬‰Ÿ‰z,1315-6,,
19384-0900-22.zip,202202141041,’†‹–€ŒSº˜a’¬‰Ÿ‰z,1315-7,,
19384-0900-22.zip,202202141041,’†‹–€ŒSº˜a’¬‰Ÿ‰z,1315-9,,
19384-0900-22.zip,202202141041,’†‹–€ŒSº˜a’¬‰Ÿ‰z,1315-10,,
19384-0900-22.zip,202202141041,’†‹–€ŒSº˜a’¬‰Ÿ‰z,1315-11,,
19384-0900-22.zip,202202141041,’†‹–€ŒSº˜a’¬‰Ÿ‰z,1316-2,,
19384-0900-22.zip,202202141041,’†‹–€ŒSº˜a’¬‰Ÿ‰z,1317-1,,
19384-0900-22.zip,202202141041,’†‹–€ŒSº˜a’¬‰Ÿ‰z,1317-2,,
19384-0900-22.zip,202202141041,’†‹–€ŒSº˜a’¬‰Ÿ‰z,1318-1,,
19384-0900-22.zip,202202141041,’†‹–€ŒSº˜a’¬‰Ÿ‰z,1318-2,,
19384-0900-22.zip,202202141041,’†‹–€ŒSº˜a’¬‰Ÿ‰z,1319-1,,
19384-0900-22.zip,202202141041,’†‹–€ŒSº˜a’¬‰Ÿ‰z,1319-2,,
19384-0900-22.zip,202202141041,’†‹–€ŒSº˜a’¬‰Ÿ‰z,1320-1,,
19384-0900-22.zip,202202141041,’†‹–€ŒSº˜a’¬‰Ÿ‰z,1320-2,,
19384-0900-22.zip,202202141041,’†‹–€ŒSº˜a’¬‰Ÿ‰z,1320-3,,
19384-0900-22.zip,202202141041,’†‹–€ŒSº˜a’¬‰Ÿ‰z,1320-4,,
19384-0900-22.zip,202202141041,’†‹–€ŒSº˜a’¬‰Ÿ‰z,1321-1,,
19384-0900-22.zip,202202141041,’†‹–€ŒSº˜a’¬‰Ÿ‰z,1321-2,,
19384-0900-22.zip,202202141041,’†‹–€ŒSº˜a’¬‰Ÿ‰z,1321-3,,
19384-0900-22.zip,202202141041,’†‹–€ŒSº˜a’¬‰Ÿ‰z,1321-4,,
19384-0900-22.zip,202202141041,’†‹–€ŒSº˜a’¬‰Ÿ‰z,“¹-3,,
19384-0900-22.zip,202202141041,’†‹–€ŒSº˜a’¬‰Ÿ‰z,“¹-425,,
19384-0900-22.zip,202202141041,’†‹–€ŒSº˜a’¬‰Ÿ‰z,…-476,,
19384-0900-22.zip,202202141041,’†‹–€ŒSº˜a’¬‰Ÿ‰z,…-548,,
19384-0900-22.zip,202202141041,’†‹–€ŒSº˜a’¬‰Ÿ‰z,…-556,,
19384-0900-22.zip,202202141041,’†‹–€ŒSº˜a’¬‰Ÿ‰z,…-566,,
19384-0900-22.zip,202202141041,’†‹–€ŒSº˜a’¬‰Ÿ‰z,…-1245,,
19384-0900-22.zip,202202141041,’†‹–€ŒSº˜a’¬‰Ÿ‰z,…-1246,,
19384-0900-22.zip,202202141041,’†‹–€ŒSº˜a’¬‰Ÿ‰z,’·‹·•¨•s–¾-43,,
19384-0900-22.zip,202202141041,’†‹–€ŒSº˜a’¬‰Ÿ‰z,’·‹·•¨•s–¾-45,,
19384-0900-22.zip,202202141041,’†‹–€ŒSº˜a’¬‰Ÿ‰z,’·‹·•¨•s–¾-196,,
19384-0900-22.zip,202202141041,’†‹–€ŒSº˜a’¬‰Ÿ‰z,’·‹·•¨•s–¾-198,,
19384-0900-22.zip,202202141041,’†‹–€ŒSº˜a’¬‰Ÿ‰z,1322-1,,
19384-0900-22.zip,202202141041,’†‹–€ŒSº˜a’¬‰Ÿ‰z,1322-2,,
19384-0900-22.zip,202202141041,’†‹–€ŒSº˜a’¬‰Ÿ‰z,1322-3,,
19384-0900-22.zip,202202141041,’†‹–€ŒSº˜a’¬‰Ÿ‰z,1323-1,,
19384-0900-22.zip,202202141041,’†‹–€ŒSº˜a’¬‰Ÿ‰z,1323-2,,
19384-0900-22.zip,202202141041,’†‹–€ŒSº˜a’¬‰Ÿ‰z,1323-3,,
19384-0900-22.zip,202202141041,’†‹–€ŒSº˜a’¬‰Ÿ‰z,1324-1,,
19384-0900-22.zip,202202141041,’†‹–€ŒSº˜a’¬‰Ÿ‰z,1324-2,,
19384-0900-22.zip,202202141041,’†‹–€ŒSº˜a’¬‰Ÿ‰z,1324-3,,
19384-0900-22.zip,202202141041,’†‹–€ŒSº˜a’¬‰Ÿ‰z,1324-4,,
19384-0900-22.zip,202202141041,’†‹–€ŒSº˜a’¬‰Ÿ‰z,1325-1,,
19384-0900-22.zip,202202141041,’†‹–€ŒSº˜a’¬‰Ÿ‰z,1325-2,,
19384-0900-22.zip,202202141041,’†‹–€ŒSº˜a’¬‰Ÿ‰z,1332-1,,
19384-0900-22.zip,202202141041,’†‹–€ŒSº˜a’¬‰Ÿ‰z,1332-2,,
19384-0900-22.zip,202202141041,’†‹–€ŒSº˜a’¬‰Ÿ‰z,1332-3,,
19384-0900-22.zip,202202141041,’†‹–€ŒSº˜a’¬‰Ÿ‰z,1333-2,,
19384-0900-22.zip,202202141041,’†‹–€ŒSº˜a’¬‰Ÿ‰z,1335-2,,
19384-0900-22.zip,202202141041,’†‹–€ŒSº˜a’¬‰Ÿ‰z,1336,,
19384-0900-22.zip,202202141041,’†‹–€ŒSº˜a’¬‰Ÿ‰z,1337,,
19384-0900-22.zip,202202141041,’†‹–€ŒSº˜a’¬‰Ÿ‰z,1339,,
19384-0900-22.zip,202202141041,’†‹–€ŒSº˜a’¬‰Ÿ‰z,1340,,
19384-0900-22.zip,202202141041,’†‹–€ŒSº˜a’¬‰Ÿ‰z,1342-1,,
19384-0900-22.zip,202202141041,’†‹–€ŒSº˜a’¬‰Ÿ‰z,1342-2,,
19384-0900-22.zip,202202141041,’†‹–€ŒSº˜a’¬‰Ÿ‰z,1343-2,,
19384-0900-22.zip,202202141041,’†‹–€ŒSº˜a’¬‰Ÿ‰z,1345-2,,
19384-0900-22.zip,202202141041,’†‹–€ŒSº˜a’¬‰Ÿ‰z,1346-2,,
19384-0900-22.zip,202202141041,’†‹–€ŒSº˜a’¬‰Ÿ‰z,1347-1,,
19384-0900-22.zip,202202141041,’†‹–€ŒSº˜a’¬‰Ÿ‰z,1347-2,,
19384-0900-22.zip,202202141041,’†‹–€ŒSº˜a’¬‰Ÿ‰z,1348-1,,
19384-0900-22.zip,202202141041,’†‹–€ŒSº˜a’¬‰Ÿ‰z,1348-2,,
19384-0900-22.zip,202202141041,’†‹–€ŒSº˜a’¬‰Ÿ‰z,1349-1,,
19384-0900-22.zip,202202141041,’†‹–€ŒSº˜a’¬‰Ÿ‰z,1349-2,,
19384-0900-22.zip,202202141041,’†‹–€ŒSº˜a’¬‰Ÿ‰z,1349-3,,
19384-0900-22.zip,202202141041,’†‹–€ŒSº˜a’¬‰Ÿ‰z,1349-4,,
19384-0900-22.zip,202202141041,’†‹–€ŒSº˜a’¬‰Ÿ‰z,1349-5,,
19384-0900-22.zip,202202141041,’†‹–€ŒSº˜a’¬‰Ÿ‰z,1350-2,,
19384-0900-22.zip,202202141041,’†‹–€ŒSº˜a’¬‰Ÿ‰z,1351-1,,
19384-0900-22.zip,202202141041,’†‹–€ŒSº˜a’¬‰Ÿ‰z,1351-2,,
19384-0900-22.zip,202202141041,’†‹–€ŒSº˜a’¬‰Ÿ‰z,1351-3,,
19384-0900-22.zip,202202141041,’†‹–€ŒSº˜a’¬‰Ÿ‰z,1351-4,,
19384-0900-22.zip,202202141041,’†‹–€ŒSº˜a’¬‰Ÿ‰z,1351-5,,
19384-0900-22.zip,202202141041,’†‹–€ŒSº˜a’¬‰Ÿ‰z,1351-6,,
19384-0900-22.zip,202202141041,’†‹–€ŒSº˜a’¬‰Ÿ‰z,1351-7,,
19384-0900-22.zip,202202141041,’†‹–€ŒSº˜a’¬‰Ÿ‰z,1351-8,,
19384-0900-22.zip,202202141041,’†‹–€ŒSº˜a’¬‰Ÿ‰z,1351-9,,
19384-0900-22.zip,202202141041,’†‹–€ŒSº˜a’¬‰Ÿ‰z,1351-10,,
19384-0900-22.zip,202202141041,’†‹–€ŒSº˜a’¬‰Ÿ‰z,1351-11,,
19384-0900-22.zip,202202141041,’†‹–€ŒSº˜a’¬‰Ÿ‰z,1351-12,,
19384-0900-22.zip,202202141041,’†‹–€ŒSº˜a’¬‰Ÿ‰z,1351-13,,
19384-0900-22.zip,202202141041,’†‹–€ŒSº˜a’¬‰Ÿ‰z,1351-14,,
19384-0900-22.zip,202202141041,’†‹–€ŒSº˜a’¬‰Ÿ‰z,1351-15,,
19384-0900-22.zip,202202141041,’†‹–€ŒSº˜a’¬‰Ÿ‰z,1351-16,,
19384-0900-22.zip,202202141041,’†‹–€ŒSº˜a’¬‰Ÿ‰z,1352-1,,
19384-0900-22.zip,202202141041,’†‹–€ŒSº˜a’¬‰Ÿ‰z,1352-2,,
19384-0900-22.zip,202202141041,’†‹–€ŒSº˜a’¬‰Ÿ‰z,1352-3,,
19384-0900-22.zip,202202141041,’†‹–€ŒSº˜a’¬‰Ÿ‰z,1353-1,,
19384-0900-22.zip,202202141041,’†‹–€ŒSº˜a’¬‰Ÿ‰z,1353-2,,
19384-0900-22.zip,202202141041,’†‹–€ŒSº˜a’¬‰Ÿ‰z,1353-3,,
19384-0900-22.zip,202202141041,’†‹–€ŒSº˜a’¬‰Ÿ‰z,1353-4,,
19384-0900-22.zip,202202141041,’†‹–€ŒSº˜a’¬‰Ÿ‰z,1354,,
19384-0900-22.zip,202202141041,’†‹–€ŒSº˜a’¬‰Ÿ‰z,1355-1,,
19384-0900-22.zip,202202141041,’†‹–€ŒSº˜a’¬‰Ÿ‰z,1355-2,,
19384-0900-22.zip,202202141041,’†‹–€ŒSº˜a’¬‰Ÿ‰z,1355-3,,
19384-0900-22.zip,202202141041,’†‹–€ŒSº˜a’¬‰Ÿ‰z,1355-4,,
19384-0900-22.zip,202202141041,’†‹–€ŒSº˜a’¬‰Ÿ‰z,1355-5,,
19384-0900-22.zip,202202141041,’†‹–€ŒSº˜a’¬‰Ÿ‰z,1356,,
19384-0900-22.zip,202202141041,’†‹–€ŒSº˜a’¬‰Ÿ‰z,1358,,
19384-0900-22.zip,202202141041,’†‹–€ŒSº˜a’¬‰Ÿ‰z,1359,,
19384-0900-22.zip,202202141041,’†‹–€ŒSº˜a’¬‰Ÿ‰z,1360-1,,
19384-0900-22.zip,202202141041,’†‹–€ŒSº˜a’¬‰Ÿ‰z,1360-2,,
19384-0900-22.zip,202202141041,’†‹–€ŒSº˜a’¬‰Ÿ‰z,1362,,
19384-0900-22.zip,202202141041,’†‹–€ŒSº˜a’¬‰Ÿ‰z,“¹-2-1,,
19384-0900-22.zip,202202141041,’†‹–€ŒSº˜a’¬‰Ÿ‰z,“¹-352,,
19384-0900-22.zip,202202141041,’†‹–€ŒSº˜a’¬‰Ÿ‰z,…-455,,
19384-0900-22.zip,202202141041,’†‹–€ŒSº˜a’¬‰Ÿ‰z,…-467,,
19384-0900-22.zip,202202141041,’†‹–€ŒSº˜a’¬‰Ÿ‰z,…-494,,
19384-0900-22.zip,202202141041,’†‹–€ŒSº˜a’¬‰Ÿ‰z,…-519,,
19384-0900-22.zip,202202141041,’†‹–€ŒSº˜a’¬‰Ÿ‰z,1364,,
19384-0900-22.zip,202202141041,’†‹–€ŒSº˜a’¬‰Ÿ‰z,1365-1,,
19384-0900-22.zip,202202141041,’†‹–€ŒSº˜a’¬‰Ÿ‰z,1365-2,,
19384-0900-22.zip,202202141041,’†‹–€ŒSº˜a’¬‰Ÿ‰z,1366,,
19384-0900-22.zip,202202141041,’†‹–€ŒSº˜a’¬‰Ÿ‰z,1367,,
19384-0900-22.zip,202202141041,’†‹–€ŒSº˜a’¬‰Ÿ‰z,1368,,
19384-0900-22.zip,202202141041,’†‹–€ŒSº˜a’¬‰Ÿ‰z,1369,,
19384-0900-22.zip,202202141041,’†‹–€ŒSº˜a’¬‰Ÿ‰z,1371,,
19384-0900-22.zip,202202141041,’†‹–€ŒSº˜a’¬‰Ÿ‰z,1373-1,,
19384-0900-22.zip,202202141041,’†‹–€ŒSº˜a’¬‰Ÿ‰z,1374,,
19384-0900-22.zip,202202141041,’†‹–€ŒSº˜a’¬‰Ÿ‰z,1375-1,,
19384-0900-22.zip,202202141041,’†‹–€ŒSº˜a’¬‰Ÿ‰z,1375-2,,
19384-0900-22.zip,202202141041,’†‹–€ŒSº˜a’¬‰Ÿ‰z,1376-1,,
19384-0900-22.zip,202202141041,’†‹–€ŒSº˜a’¬‰Ÿ‰z,1376-2,,
19384-0900-22.zip,202202141041,’†‹–€ŒSº˜a’¬‰Ÿ‰z,1376-3,,
19384-0900-22.zip,202202141041,’†‹–€ŒSº˜a’¬‰Ÿ‰z,1379-1,,
19384-0900-22.zip,202202141041,’†‹–€ŒSº˜a’¬‰Ÿ‰z,1379-2,,
19384-0900-22.zip,202202141041,’†‹–€ŒSº˜a’¬‰Ÿ‰z,1380-1,,
19384-0900-22.zip,202202141041,’†‹–€ŒSº˜a’¬‰Ÿ‰z,1380-2,,
19384-0900-22.zip,202202141041,’†‹–€ŒSº˜a’¬‰Ÿ‰z,1381,,
19384-0900-22.zip,202202141041,’†‹–€ŒSº˜a’¬‰Ÿ‰z,1383-1,,
19384-0900-22.zip,202202141041,’†‹–€ŒSº˜a’¬‰Ÿ‰z,1383-2,,
19384-0900-22.zip,202202141041,’†‹–€ŒSº˜a’¬‰Ÿ‰z,1386-1,,
19384-0900-22.zip,202202141041,’†‹–€ŒSº˜a’¬‰Ÿ‰z,1386-2,,
19384-0900-22.zip,202202141041,’†‹–€ŒSº˜a’¬‰Ÿ‰z,1388,,
19384-0900-22.zip,202202141041,’†‹–€ŒSº˜a’¬‰Ÿ‰z,1389-1,,
19384-0900-22.zip,202202141041,’†‹–€ŒSº˜a’¬‰Ÿ‰z,1389-2,,
19384-0900-22.zip,202202141041,’†‹–€ŒSº˜a’¬‰Ÿ‰z,1391-1,,
19384-0900-22.zip,202202141041,’†‹–€ŒSº˜a’¬‰Ÿ‰z,1391-2,,
19384-0900-22.zip,202202141041,’†‹–€ŒSº˜a’¬‰Ÿ‰z,1392-1,,
19384-0900-22.zip,202202141041,’†‹–€ŒSº˜a’¬‰Ÿ‰z,1392-2,,
19384-0900-22.zip,202202141041,’†‹–€ŒSº˜a’¬‰Ÿ‰z,“¹-350,,
19384-0900-22.zip,202202141041,’†‹–€ŒSº˜a’¬‰Ÿ‰z,…-450,,
19384-0900-22.zip,202202141041,’†‹–€ŒSº˜a’¬‰Ÿ‰z,…-472,,
19384-0900-22.zip,202202141041,’†‹–€ŒSº˜a’¬‰Ÿ‰z,’·‹·•¨•s–¾-41,,
19384-0900-22.zip,202202141041,’†‹–€ŒSº˜a’¬‰Ÿ‰z,’·‹·•¨•s–¾-194,,
19384-0900-22.zip,202202141041,’†‹–€ŒSº˜a’¬‰Ÿ‰z,1393-1,,
19384-0900-22.zip,202202141041,’†‹–€ŒSº˜a’¬‰Ÿ‰z,1393-2,,
19384-0900-22.zip,202202141041,’†‹–€ŒSº˜a’¬‰Ÿ‰z,1394-1,,
19384-0900-22.zip,202202141041,’†‹–€ŒSº˜a’¬‰Ÿ‰z,1394-2,,
19384-0900-22.zip,202202141041,’†‹–€ŒSº˜a’¬‰Ÿ‰z,1394-3,,
19384-0900-22.zip,202202141041,’†‹–€ŒSº˜a’¬‰Ÿ‰z,1394-4,,
19384-0900-22.zip,202202141041,’†‹–€ŒSº˜a’¬‰Ÿ‰z,1394-5,,
19384-0900-22.zip,202202141041,’†‹–€ŒSº˜a’¬‰Ÿ‰z,1394-6,,
19384-0900-22.zip,202202141041,’†‹–€ŒSº˜a’¬‰Ÿ‰z,1395-2,,
19384-0900-22.zip,202202141041,’†‹–€ŒSº˜a’¬‰Ÿ‰z,1396-1,,
19384-0900-22.zip,202202141041,’†‹–€ŒSº˜a’¬‰Ÿ‰z,1396-2,,
19384-0900-22.zip,202202141041,’†‹–€ŒSº˜a’¬‰Ÿ‰z,1396-3,,
19384-0900-22.zip,202202141041,’†‹–€ŒSº˜a’¬‰Ÿ‰z,1396-4,,
19384-0900-22.zip,202202141041,’†‹–€ŒSº˜a’¬‰Ÿ‰z,1396-5,,
19384-0900-22.zip,202202141041,’†‹–€ŒSº˜a’¬‰Ÿ‰z,1396-6,,
19384-0900-22.zip,202202141041,’†‹–€ŒSº˜a’¬‰Ÿ‰z,1396-7,,
19384-0900-22.zip,202202141041,’†‹–€ŒSº˜a’¬‰Ÿ‰z,1396-8,,
19384-0900-22.zip,202202141041,’†‹–€ŒSº˜a’¬‰Ÿ‰z,1396-9,,
19384-0900-22.zip,202202141041,’†‹–€ŒSº˜a’¬‰Ÿ‰z,1396-10,,
19384-0900-22.zip,202202141041,’†‹–€ŒSº˜a’¬‰Ÿ‰z,1396-11,,
19384-0900-22.zip,202202141041,’†‹–€ŒSº˜a’¬‰Ÿ‰z,1396-12,,
19384-0900-22.zip,202202141041,’†‹–€ŒSº˜a’¬‰Ÿ‰z,1396-13,,
19384-0900-22.zip,202202141041,’†‹–€ŒSº˜a’¬‰Ÿ‰z,1396-14,,
19384-0900-22.zip,202202141041,’†‹–€ŒSº˜a’¬‰Ÿ‰z,1397-1,,
19384-0900-22.zip,202202141041,’†‹–€ŒSº˜a’¬‰Ÿ‰z,1397-2,,
19384-0900-22.zip,202202141041,’†‹–€ŒSº˜a’¬‰Ÿ‰z,1397-3,,
19384-0900-22.zip,202202141041,’†‹–€ŒSº˜a’¬‰Ÿ‰z,1398-1,,
19384-0900-22.zip,202202141041,’†‹–€ŒSº˜a’¬‰Ÿ‰z,1398-2,,
19384-0900-22.zip,202202141041,’†‹–€ŒSº˜a’¬‰Ÿ‰z,1398-3,,
19384-0900-22.zip,202202141041,’†‹–€ŒSº˜a’¬‰Ÿ‰z,1398-4,,
19384-0900-22.zip,202202141041,’†‹–€ŒSº˜a’¬‰Ÿ‰z,1398-5,,
19384-0900-22.zip,202202141041,’†‹–€ŒSº˜a’¬‰Ÿ‰z,1399-1,,
19384-0900-22.zip,202202141041,’†‹–€ŒSº˜a’¬‰Ÿ‰z,1399-2,,
19384-0900-22.zip,202202141041,’†‹–€ŒSº˜a’¬‰Ÿ‰z,1399-3,,
19384-0900-22.zip,202202141041,’†‹–€ŒSº˜a’¬‰Ÿ‰z,1400-1,,
19384-0900-22.zip,202202141041,’†‹–€ŒSº˜a’¬‰Ÿ‰z,1400-2,,
19384-0900-22.zip,202202141041,’†‹–€ŒSº˜a’¬‰Ÿ‰z,1400-3,,
19384-0900-22.zip,202202141041,’†‹–€ŒSº˜a’¬‰Ÿ‰z,1400-4,,
19384-0900-22.zip,202202141041,’†‹–€ŒSº˜a’¬‰Ÿ‰z,1400-5,,
19384-0900-22.zip,202202141041,’†‹–€ŒSº˜a’¬‰Ÿ‰z,1401-1,,
19384-0900-22.zip,202202141041,’†‹–€ŒSº˜a’¬‰Ÿ‰z,1401-2,,
19384-0900-22.zip,202202141041,’†‹–€ŒSº˜a’¬‰Ÿ‰z,1401-3,,
19384-0900-22.zip,202202141041,’†‹–€ŒSº˜a’¬‰Ÿ‰z,1402-1,,
19384-0900-22.zip,202202141041,’†‹–€ŒSº˜a’¬‰Ÿ‰z,1402-2,,
19384-0900-22.zip,202202141041,’†‹–€ŒSº˜a’¬‰Ÿ‰z,1403-1,,
19384-0900-22.zip,202202141041,’†‹–€ŒSº˜a’¬‰Ÿ‰z,1403-2,,
19384-0900-22.zip,202202141041,’†‹–€ŒSº˜a’¬‰Ÿ‰z,1403-3,,
19384-0900-22.zip,202202141041,’†‹–€ŒSº˜a’¬‰Ÿ‰z,1404-2,,
19384-0900-22.zip,202202141041,’†‹–€ŒSº˜a’¬‰Ÿ‰z,1404-3,,
19384-0900-22.zip,202202141041,’†‹–€ŒSº˜a’¬‰Ÿ‰z,1405-1,,
19384-0900-22.zip,202202141041,’†‹–€ŒSº˜a’¬‰Ÿ‰z,1405-2,,
19384-0900-22.zip,202202141041,’†‹–€ŒSº˜a’¬‰Ÿ‰z,1405-3,,
19384-0900-22.zip,202202141041,’†‹–€ŒSº˜a’¬‰Ÿ‰z,1405-4,,
19384-0900-22.zip,202202141041,’†‹–€ŒSº˜a’¬‰Ÿ‰z,1406-1,,
19384-0900-22.zip,202202141041,’†‹–€ŒSº˜a’¬‰Ÿ‰z,1406-2,,
19384-0900-22.zip,202202141041,’†‹–€ŒSº˜a’¬‰Ÿ‰z,1407-1,,
19384-0900-22.zip,202202141041,’†‹–€ŒSº˜a’¬‰Ÿ‰z,1407-2,,
19384-0900-22.zip,202202141041,’†‹–€ŒSº˜a’¬‰Ÿ‰z,1407-3,,
19384-0900-22.zip,202202141041,’†‹–€ŒSº˜a’¬‰Ÿ‰z,1408-1,,
19384-0900-22.zip,202202141041,’†‹–€ŒSº˜a’¬‰Ÿ‰z,1408-2,,
19384-0900-22.zip,202202141041,’†‹–€ŒSº˜a’¬‰Ÿ‰z,1408-3,,
19384-0900-22.zip,202202141041,’†‹–€ŒSº˜a’¬‰Ÿ‰z,1408-4,,
19384-0900-22.zip,202202141041,’†‹–€ŒSº˜a’¬‰Ÿ‰z,1408-5,,
19384-0900-22.zip,202202141041,’†‹–€ŒSº˜a’¬‰Ÿ‰z,1408-6,,
19384-0900-22.zip,202202141041,’†‹–€ŒSº˜a’¬‰Ÿ‰z,1408-7,,
19384-0900-22.zip,202202141041,’†‹–€ŒSº˜a’¬‰Ÿ‰z,1409-2,,
19384-0900-22.zip,202202141041,’†‹–€ŒSº˜a’¬‰Ÿ‰z,1409-3,,
19384-0900-22.zip,202202141041,’†‹–€ŒSº˜a’¬‰Ÿ‰z,1410-1,,
19384-0900-22.zip,202202141041,’†‹–€ŒSº˜a’¬‰Ÿ‰z,1410-2,,
19384-0900-22.zip,202202141041,’†‹–€ŒSº˜a’¬‰Ÿ‰z,1410-3,,
19384-0900-22.zip,202202141041,’†‹–€ŒSº˜a’¬‰Ÿ‰z,1411,,
19384-0900-22.zip,202202141041,’†‹–€ŒSº˜a’¬‰Ÿ‰z,1412,,
19384-0900-22.zip,202202141041,’†‹–€ŒSº˜a’¬‰Ÿ‰z,1413,,
19384-0900-22.zip,202202141041,’†‹–€ŒSº˜a’¬‰Ÿ‰z,1414,,
19384-0900-22.zip,202202141041,’†‹–€ŒSº˜a’¬‰Ÿ‰z,1415,,
19384-0900-22.zip,202202141041,’†‹–€ŒSº˜a’¬‰Ÿ‰z,1416-1,,
19384-0900-22.zip,202202141041,’†‹–€ŒSº˜a’¬‰Ÿ‰z,1416-2,,
19384-0900-22.zip,202202141041,’†‹–€ŒSº˜a’¬‰Ÿ‰z,1417,,
19384-0900-22.zip,202202141041,’†‹–€ŒSº˜a’¬‰Ÿ‰z,1418-1,,
19384-0900-22.zip,202202141041,’†‹–€ŒSº˜a’¬‰Ÿ‰z,1418-2,,
19384-0900-22.zip,202202141041,’†‹–€ŒSº˜a’¬‰Ÿ‰z,1418-3,,
19384-0900-22.zip,202202141041,’†‹–€ŒSº˜a’¬‰Ÿ‰z,1418-4,,
19384-0900-22.zip,202202141041,’†‹–€ŒSº˜a’¬‰Ÿ‰z,1419-1,,
19384-0900-22.zip,202202141041,’†‹–€ŒSº˜a’¬‰Ÿ‰z,1419-2,,
19384-0900-22.zip,202202141041,’†‹–€ŒSº˜a’¬‰Ÿ‰z,1419-3,,
19384-0900-22.zip,202202141041,’†‹–€ŒSº˜a’¬‰Ÿ‰z,1419-4,,
19384-0900-22.zip,202202141041,’†‹–€ŒSº˜a’¬‰Ÿ‰z,1419-5,,
19384-0900-22.zip,202202141041,’†‹–€ŒSº˜a’¬‰Ÿ‰z,1419-6,,
19384-0900-22.zip,202202141041,’†‹–€ŒSº˜a’¬‰Ÿ‰z,1419-7,,
19384-0900-22.zip,202202141041,’†‹–€ŒSº˜a’¬‰Ÿ‰z,1419-8,,
19384-0900-22.zip,202202141041,’†‹–€ŒSº˜a’¬‰Ÿ‰z,1419-9,,
19384-0900-22.zip,202202141041,’†‹–€ŒSº˜a’¬‰Ÿ‰z,1419-10,,
19384-0900-22.zip,202202141041,’†‹–€ŒSº˜a’¬‰Ÿ‰z,1420,,
19384-0900-22.zip,202202141041,’†‹–€ŒSº˜a’¬‰Ÿ‰z,1421-1,,
19384-0900-22.zip,202202141041,’†‹–€ŒSº˜a’¬‰Ÿ‰z,1421-2,,
19384-0900-22.zip,202202141041,’†‹–€ŒSº˜a’¬‰Ÿ‰z,1421-3,,
19384-0900-22.zip,202202141041,’†‹–€ŒSº˜a’¬‰Ÿ‰z,1421-4,,
19384-0900-22.zip,202202141041,’†‹–€ŒSº˜a’¬‰Ÿ‰z,1421-5,,
19384-0900-22.zip,202202141041,’†‹–€ŒSº˜a’¬‰Ÿ‰z,1422-1,,
19384-0900-22.zip,202202141041,’†‹–€ŒSº˜a’¬‰Ÿ‰z,1422-2,,
19384-0900-22.zip,202202141041,’†‹–€ŒSº˜a’¬‰Ÿ‰z,1422-3,,
19384-0900-22.zip,202202141041,’†‹–€ŒSº˜a’¬‰Ÿ‰z,1422-4,,
19384-0900-22.zip,202202141041,’†‹–€ŒSº˜a’¬‰Ÿ‰z,1422-5,,
19384-0900-22.zip,202202141041,’†‹–€ŒSº˜a’¬‰Ÿ‰z,1423-1,,
19384-0900-22.zip,202202141041,’†‹–€ŒSº˜a’¬‰Ÿ‰z,1424-1,,
19384-0900-22.zip,202202141041,’†‹–€ŒSº˜a’¬‰Ÿ‰z,1424-3,,
19384-0900-22.zip,202202141041,’†‹–€ŒSº˜a’¬‰Ÿ‰z,1430-1,,
19384-0900-22.zip,202202141041,’†‹–€ŒSº˜a’¬‰Ÿ‰z,1430-2,,
19384-0900-22.zip,202202141041,’†‹–€ŒSº˜a’¬‰Ÿ‰z,1430-3,,
19384-0900-22.zip,202202141041,’†‹–€ŒSº˜a’¬‰Ÿ‰z,1430-4,,
19384-0900-22.zip,202202141041,’†‹–€ŒSº˜a’¬‰Ÿ‰z,1430-5,,
19384-0900-22.zip,202202141041,’†‹–€ŒSº˜a’¬‰Ÿ‰z,1431-1,,
19384-0900-22.zip,202202141041,’†‹–€ŒSº˜a’¬‰Ÿ‰z,1431-2,,
19384-0900-22.zip,202202141041,’†‹–€ŒSº˜a’¬‰Ÿ‰z,1431-3,,
19384-0900-22.zip,202202141041,’†‹–€ŒSº˜a’¬‰Ÿ‰z,1431-4,,
19384-0900-22.zip,202202141041,’†‹–€ŒSº˜a’¬‰Ÿ‰z,1432-1,,
19384-0900-22.zip,202202141041,’†‹–€ŒSº˜a’¬‰Ÿ‰z,1432-5,,
19384-0900-22.zip,202202141041,’†‹–€ŒSº˜a’¬‰Ÿ‰z,1432-6,,
19384-0900-22.zip,202202141041,’†‹–€ŒSº˜a’¬‰Ÿ‰z,1432-7,,
19384-0900-22.zip,202202141041,’†‹–€ŒSº˜a’¬‰Ÿ‰z,1433-1,,
19384-0900-22.zip,202202141041,’†‹–€ŒSº˜a’¬‰Ÿ‰z,1433-2,,
19384-0900-22.zip,202202141041,’†‹–€ŒSº˜a’¬‰Ÿ‰z,1433-3,,
19384-0900-22.zip,202202141041,’†‹–€ŒSº˜a’¬‰Ÿ‰z,1433-4,,
19384-0900-22.zip,202202141041,’†‹–€ŒSº˜a’¬‰Ÿ‰z,1433-5,,
19384-0900-22.zip,202202141041,’†‹–€ŒSº˜a’¬‰Ÿ‰z,1433-6,,
19384-0900-22.zip,202202141041,’†‹–€ŒSº˜a’¬‰Ÿ‰z,1433-7,,
19384-0900-22.zip,202202141041,’†‹–€ŒSº˜a’¬‰Ÿ‰z,1434,,
19384-0900-22.zip,202202141041,’†‹–€ŒSº˜a’¬‰Ÿ‰z,1435,,
19384-0900-22.zip,202202141041,’†‹–€ŒSº˜a’¬‰Ÿ‰z,1436,,
19384-0900-22.zip,202202141041,’†‹–€ŒSº˜a’¬‰Ÿ‰z,1437,,
19384-0900-22.zip,202202141041,’†‹–€ŒSº˜a’¬‰Ÿ‰z,1438,,
19384-0900-22.zip,202202141041,’†‹–€ŒSº˜a’¬‰Ÿ‰z,1439,,
19384-0900-22.zip,202202141041,’†‹–€ŒSº˜a’¬‰Ÿ‰z,1440,,
19384-0900-22.zip,202202141041,’†‹–€ŒSº˜a’¬‰Ÿ‰z,1441,,
19384-0900-22.zip,202202141041,’†‹–€ŒSº˜a’¬‰Ÿ‰z,1442-1,,
19384-0900-22.zip,202202141041,’†‹–€ŒSº˜a’¬‰Ÿ‰z,1442-2,,
19384-0900-22.zip,202202141041,’†‹–€ŒSº˜a’¬‰Ÿ‰z,1443-1,,
19384-0900-22.zip,202202141041,’†‹–€ŒSº˜a’¬‰Ÿ‰z,1443-2,,
19384-0900-22.zip,202202141041,’†‹–€ŒSº˜a’¬‰Ÿ‰z,1444-1,,
19384-0900-22.zip,202202141041,’†‹–€ŒSº˜a’¬‰Ÿ‰z,1444-2,,
19384-0900-22.zip,202202141041,’†‹–€ŒSº˜a’¬‰Ÿ‰z,1445,,
19384-0900-22.zip,202202141041,’†‹–€ŒSº˜a’¬‰Ÿ‰z,1446-1,,
19384-0900-22.zip,202202141041,’†‹–€ŒSº˜a’¬‰Ÿ‰z,1446-2,,
19384-0900-22.zip,202202141041,’†‹–€ŒSº˜a’¬‰Ÿ‰z,1446-3,,
19384-0900-22.zip,202202141041,’†‹–€ŒSº˜a’¬‰Ÿ‰z,1446-4,,
19384-0900-22.zip,202202141041,’†‹–€ŒSº˜a’¬‰Ÿ‰z,1446-5,,
19384-0900-22.zip,202202141041,’†‹–€ŒSº˜a’¬‰Ÿ‰z,1447-1,,
19384-0900-22.zip,202202141041,’†‹–€ŒSº˜a’¬‰Ÿ‰z,1447-2,,
19384-0900-22.zip,202202141041,’†‹–€ŒSº˜a’¬‰Ÿ‰z,1448-1,,
19384-0900-22.zip,202202141041,’†‹–€ŒSº˜a’¬‰Ÿ‰z,1448-2,,
19384-0900-22.zip,202202141041,’†‹–€ŒSº˜a’¬‰Ÿ‰z,1449,,
19384-0900-22.zip,202202141041,’†‹–€ŒSº˜a’¬‰Ÿ‰z,1450,,
19384-0900-22.zip,202202141041,’†‹–€ŒSº˜a’¬‰Ÿ‰z,1451,,
19384-0900-22.zip,202202141041,’†‹–€ŒSº˜a’¬‰Ÿ‰z,1452,,
19384-0900-22.zip,202202141041,’†‹–€ŒSº˜a’¬‰Ÿ‰z,1453-1,,
19384-0900-22.zip,202202141041,’†‹–€ŒSº˜a’¬‰Ÿ‰z,1453-2,,
19384-0900-22.zip,202202141041,’†‹–€ŒSº˜a’¬‰Ÿ‰z,1454,,
19384-0900-22.zip,202202141041,’†‹–€ŒSº˜a’¬‰Ÿ‰z,1455,,
19384-0900-22.zip,202202141041,’†‹–€ŒSº˜a’¬‰Ÿ‰z,1456,,
19384-0900-22.zip,202202141041,’†‹–€ŒSº˜a’¬‰Ÿ‰z,1457,,
19384-0900-22.zip,202202141041,’†‹–€ŒSº˜a’¬‰Ÿ‰z,1458,,
19384-0900-22.zip,202202141041,’†‹–€ŒSº˜a’¬‰Ÿ‰z,1459-1,,
19384-0900-22.zip,202202141041,’†‹–€ŒSº˜a’¬‰Ÿ‰z,1459-2,,
19384-0900-22.zip,202202141041,’†‹–€ŒSº˜a’¬‰Ÿ‰z,1459-3,,
19384-0900-22.zip,202202141041,’†‹–€ŒSº˜a’¬‰Ÿ‰z,1460-1,,
19384-0900-22.zip,202202141041,’†‹–€ŒSº˜a’¬‰Ÿ‰z,1460-2,,
19384-0900-22.zip,202202141041,’†‹–€ŒSº˜a’¬‰Ÿ‰z,1460-3,,
19384-0900-22.zip,202202141041,’†‹–€ŒSº˜a’¬‰Ÿ‰z,1460-4,,
19384-0900-22.zip,202202141041,’†‹–€ŒSº˜a’¬‰Ÿ‰z,1460-5,,
19384-0900-22.zip,202202141041,’†‹–€ŒSº˜a’¬‰Ÿ‰z,1460-6,,
19384-0900-22.zip,202202141041,’†‹–€ŒSº˜a’¬‰Ÿ‰z,1460-7,,
19384-0900-22.zip,202202141041,’†‹–€ŒSº˜a’¬‰Ÿ‰z,1460-8,,
19384-0900-22.zip,202202141041,’†‹–€ŒSº˜a’¬‰Ÿ‰z,1460-9,,
19384-0900-22.zip,202202141041,’†‹–€ŒSº˜a’¬‰Ÿ‰z,1460-10,,
19384-0900-22.zip,202202141041,’†‹–€ŒSº˜a’¬‰Ÿ‰z,1460-11,,
19384-0900-22.zip,202202141041,’†‹–€ŒSº˜a’¬‰Ÿ‰z,1461-1,,
19384-0900-22.zip,202202141041,’†‹–€ŒSº˜a’¬‰Ÿ‰z,1461-2,,
19384-0900-22.zip,202202141041,’†‹–€ŒSº˜a’¬‰Ÿ‰z,1461-3,,
19384-0900-22.zip,202202141041,’†‹–€ŒSº˜a’¬‰Ÿ‰z,1461-4,,
19384-0900-22.zip,202202141041,’†‹–€ŒSº˜a’¬‰Ÿ‰z,1461-5,,
19384-0900-22.zip,202202141041,’†‹–€ŒSº˜a’¬‰Ÿ‰z,1462-1,,
19384-0900-22.zip,202202141041,’†‹–€ŒSº˜a’¬‰Ÿ‰z,1462-2,,
19384-0900-22.zip,202202141041,’†‹–€ŒSº˜a’¬‰Ÿ‰z,1462-3,,
19384-0900-22.zip,202202141041,’†‹–€ŒSº˜a’¬‰Ÿ‰z,1462-4,,
19384-0900-22.zip,202202141041,’†‹–€ŒSº˜a’¬‰Ÿ‰z,1463-1,,
19384-0900-22.zip,202202141041,’†‹–€ŒSº˜a’¬‰Ÿ‰z,1463-3,,
19384-0900-22.zip,202202141041,’†‹–€ŒSº˜a’¬‰Ÿ‰z,1464-1,,
19384-0900-22.zip,202202141041,’†‹–€ŒSº˜a’¬‰Ÿ‰z,1464-3,,
19384-0900-22.zip,202202141041,’†‹–€ŒSº˜a’¬‰Ÿ‰z,1464-4,,
19384-0900-22.zip,202202141041,’†‹–€ŒSº˜a’¬‰Ÿ‰z,1464-5,,
19384-0900-22.zip,202202141041,’†‹–€ŒSº˜a’¬‰Ÿ‰z,1464-6,,
19384-0900-22.zip,202202141041,’†‹–€ŒSº˜a’¬‰Ÿ‰z,1465-1,,
19384-0900-22.zip,202202141041,’†‹–€ŒSº˜a’¬‰Ÿ‰z,1465-2,,
19384-0900-22.zip,202202141041,’†‹–€ŒSº˜a’¬‰Ÿ‰z,1465-3,,
19384-0900-22.zip,202202141041,’†‹–€ŒSº˜a’¬‰Ÿ‰z,1466,,
19384-0900-22.zip,202202141041,’†‹–€ŒSº˜a’¬‰Ÿ‰z,1467-1,,
19384-0900-22.zip,202202141041,’†‹–€ŒSº˜a’¬‰Ÿ‰z,1467-2,,
19384-0900-22.zip,202202141041,’†‹–€ŒSº˜a’¬‰Ÿ‰z,1467-3,,
19384-0900-22.zip,202202141041,’†‹–€ŒSº˜a’¬‰Ÿ‰z,1467-4,,
19384-0900-22.zip,202202141041,’†‹–€ŒSº˜a’¬‰Ÿ‰z,1467-5,,
19384-0900-22.zip,202202141041,’†‹–€ŒSº˜a’¬‰Ÿ‰z,1467-6,,
19384-0900-22.zip,202202141041,’†‹–€ŒSº˜a’¬‰Ÿ‰z,1468,,
19384-0900-22.zip,202202141041,’†‹–€ŒSº˜a’¬‰Ÿ‰z,1469-1,,
19384-0900-22.zip,202202141041,’†‹–€ŒSº˜a’¬‰Ÿ‰z,1469-2,,
19384-0900-22.zip,202202141041,’†‹–€ŒSº˜a’¬‰Ÿ‰z,1469-3,,
19384-0900-22.zip,202202141041,’†‹–€ŒSº˜a’¬‰Ÿ‰z,1469-4,,
19384-0900-22.zip,202202141041,’†‹–€ŒSº˜a’¬‰Ÿ‰z,1469-5,,
19384-0900-22.zip,202202141041,’†‹–€ŒSº˜a’¬‰Ÿ‰z,1469-6,,
19384-0900-22.zip,202202141041,’†‹–€ŒSº˜a’¬‰Ÿ‰z,1469-7,,
19384-0900-22.zip,202202141041,’†‹–€ŒSº˜a’¬‰Ÿ‰z,1469-8,,
19384-0900-22.zip,202202141041,’†‹–€ŒSº˜a’¬‰Ÿ‰z,1469-9,,
19384-0900-22.zip,202202141041,’†‹–€ŒSº˜a’¬‰Ÿ‰z,1469-10,,
19384-0900-22.zip,202202141041,’†‹–€ŒSº˜a’¬‰Ÿ‰z,1470-1,,
19384-0900-22.zip,202202141041,’†‹–€ŒSº˜a’¬‰Ÿ‰z,1470-2,,
19384-0900-22.zip,202202141041,’†‹–€ŒSº˜a’¬‰Ÿ‰z,1470-4,,
19384-0900-22.zip,202202141041,’†‹–€ŒSº˜a’¬‰Ÿ‰z,1471-1,,
19384-0900-22.zip,202202141041,’†‹–€ŒSº˜a’¬‰Ÿ‰z,1471-2,,
19384-0900-22.zip,202202141041,’†‹–€ŒSº˜a’¬‰Ÿ‰z,“¹-40,,
19384-0900-22.zip,202202141041,’†‹–€ŒSº˜a’¬‰Ÿ‰z,“¹-388,,
19384-0900-22.zip,202202141041,’†‹–€ŒSº˜a’¬‰Ÿ‰z,…-25,,
19384-0900-22.zip,202202141041,’†‹–€ŒSº˜a’¬‰Ÿ‰z,…-32-1,,
19384-0900-22.zip,202202141041,’†‹–€ŒSº˜a’¬‰Ÿ‰z,…-437,,
19384-0900-22.zip,202202141041,’†‹–€ŒSº˜a’¬‰Ÿ‰z,…-484,,
19384-0900-22.zip,202202141041,’†‹–€ŒSº˜a’¬‰Ÿ‰z,…-497,,
19384-0900-22.zip,202202141041,’†‹–€ŒSº˜a’¬‰Ÿ‰z,…-525,,
19384-0900-22.zip,202202141041,’†‹–€ŒSº˜a’¬‰Ÿ‰z,…-555,,
19384-0900-22.zip,202202141041,’†‹–€ŒSº˜a’¬‰Ÿ‰z,’·‹·•¨•s–¾-39,,
19384-0900-22.zip,202202141041,’†‹–€ŒSº˜a’¬‰Ÿ‰z,’·‹·•¨•s–¾-192,,
19384-0900-22.zip,202202141041,’†‹–€ŒSº˜a’¬‰Ÿ‰z,1468-2,,
19384-0900-22.zip,202202141041,’†‹–€ŒSº˜a’¬‰Ÿ‰z,1472,,
19384-0900-22.zip,202202141041,’†‹–€ŒSº˜a’¬‰Ÿ‰z,1474,,
19384-0900-22.zip,202202141041,’†‹–€ŒSº˜a’¬‰Ÿ‰z,1475,,
19384-0900-22.zip,202202141041,’†‹–€ŒSº˜a’¬‰Ÿ‰z,1476,,
19384-0900-22.zip,202202141041,’†‹–€ŒSº˜a’¬‰Ÿ‰z,1477-1,,
19384-0900-22.zip,202202141041,’†‹–€ŒSº˜a’¬‰Ÿ‰z,1477-2,,
19384-0900-22.zip,202202141041,’†‹–€ŒSº˜a’¬‰Ÿ‰z,1478-1,,
19384-0900-22.zip,202202141041,’†‹–€ŒSº˜a’¬‰Ÿ‰z,1478-2,,
19384-0900-22.zip,202202141041,’†‹–€ŒSº˜a’¬‰Ÿ‰z,1478-3,,
19384-0900-22.zip,202202141041,’†‹–€ŒSº˜a’¬‰Ÿ‰z,1478-4,,
19384-0900-22.zip,202202141041,’†‹–€ŒSº˜a’¬‰Ÿ‰z,1479,,
19384-0900-22.zip,202202141041,’†‹–€ŒSº˜a’¬‰Ÿ‰z,1480-1,,
19384-0900-22.zip,202202141041,’†‹–€ŒSº˜a’¬‰Ÿ‰z,1480-2,,
19384-0900-22.zip,202202141041,’†‹–€ŒSº˜a’¬‰Ÿ‰z,1481-2,,
19384-0900-22.zip,202202141041,’†‹–€ŒSº˜a’¬‰Ÿ‰z,1482-1,,
19384-0900-22.zip,202202141041,’†‹–€ŒSº˜a’¬‰Ÿ‰z,1482-4,,
19384-0900-22.zip,202202141041,’†‹–€ŒSº˜a’¬‰Ÿ‰z,1482-5,,
19384-0900-22.zip,202202141041,’†‹–€ŒSº˜a’¬‰Ÿ‰z,1482-6,,
19384-0900-22.zip,202202141041,’†‹–€ŒSº˜a’¬‰Ÿ‰z,1482-7,,
19384-0900-22.zip,202202141041,’†‹–€ŒSº˜a’¬‰Ÿ‰z,1483-2,,
19384-0900-22.zip,202202141041,’†‹–€ŒSº˜a’¬‰Ÿ‰z,1484-1,,
19384-0900-22.zip,202202141041,’†‹–€ŒSº˜a’¬‰Ÿ‰z,1484-2,,
19384-0900-22.zip,202202141041,’†‹–€ŒSº˜a’¬‰Ÿ‰z,1484-3,,
19384-0900-22.zip,202202141041,’†‹–€ŒSº˜a’¬‰Ÿ‰z,1485-2,,
19384-0900-22.zip,202202141041,’†‹–€ŒSº˜a’¬‰Ÿ‰z,1485-3,,
19384-0900-22.zip,202202141041,’†‹–€ŒSº˜a’¬‰Ÿ‰z,1485-4,,
19384-0900-22.zip,202202141041,’†‹–€ŒSº˜a’¬‰Ÿ‰z,1485-5,,
19384-0900-22.zip,202202141041,’†‹–€ŒSº˜a’¬‰Ÿ‰z,1485-7,,
19384-0900-22.zip,202202141041,’†‹–€ŒSº˜a’¬‰Ÿ‰z,1487-1,,
19384-0900-22.zip,202202141041,’†‹–€ŒSº˜a’¬‰Ÿ‰z,1488,,
19384-0900-22.zip,202202141041,’†‹–€ŒSº˜a’¬‰Ÿ‰z,1489,,
19384-0900-22.zip,202202141041,’†‹–€ŒSº˜a’¬‰Ÿ‰z,1490,,
19384-0900-22.zip,202202141041,’†‹–€ŒSº˜a’¬‰Ÿ‰z,1491,,
19384-0900-22.zip,202202141041,’†‹–€ŒSº˜a’¬‰Ÿ‰z,1492-1,,
19384-0900-22.zip,202202141041,’†‹–€ŒSº˜a’¬‰Ÿ‰z,1492-6,,
19384-0900-22.zip,202202141041,’†‹–€ŒSº˜a’¬‰Ÿ‰z,1492-7,,
19384-0900-22.zip,202202141041,’†‹–€ŒSº˜a’¬‰Ÿ‰z,1492-8,,
19384-0900-22.zip,202202141041,’†‹–€ŒSº˜a’¬‰Ÿ‰z,1496,,
19384-0900-22.zip,202202141041,’†‹–€ŒSº˜a’¬‰Ÿ‰z,1497,,
19384-0900-22.zip,202202141041,’†‹–€ŒSº˜a’¬‰Ÿ‰z,1497-2,,
19384-0900-22.zip,202202141041,’†‹–€ŒSº˜a’¬‰Ÿ‰z,1499,,
19384-0900-22.zip,202202141041,’†‹–€ŒSº˜a’¬‰Ÿ‰z,…-456,,
19384-0900-22.zip,202202141041,’†‹–€ŒSº˜a’¬‰Ÿ‰z,…-466,,
19384-0900-22.zip,202202141041,’†‹–€ŒSº˜a’¬‰Ÿ‰z,…-500,,
19384-0900-22.zip,202202141041,’†‹–€ŒSº˜a’¬‰Ÿ‰z,…-527,,
19384-0900-22.zip,202202141041,’†‹–€ŒSº˜a’¬‰Ÿ‰z,…-537,,
19384-0900-22.zip,202202141041,’†‹–€ŒSº˜a’¬‰Ÿ‰z,1500-1,,
19384-0900-22.zip,202202141041,’†‹–€ŒSº˜a’¬‰Ÿ‰z,1500-2,,
19384-0900-22.zip,202202141041,’†‹–€ŒSº˜a’¬‰Ÿ‰z,1500-3,,
19384-0900-22.zip,202202141041,’†‹–€ŒSº˜a’¬‰Ÿ‰z,1500-4,,
19384-0900-22.zip,202202141041,’†‹–€ŒSº˜a’¬‰Ÿ‰z,1500-5,,
19384-0900-22.zip,202202141041,’†‹–€ŒSº˜a’¬‰Ÿ‰z,1500-6,,
19384-0900-22.zip,202202141041,’†‹–€ŒSº˜a’¬‰Ÿ‰z,1500-7,,
19384-0900-22.zip,202202141041,’†‹–€ŒSº˜a’¬‰Ÿ‰z,1501-1,,
19384-0900-22.zip,202202141041,’†‹–€ŒSº˜a’¬‰Ÿ‰z,1501-2,,
19384-0900-22.zip,202202141041,’†‹–€ŒSº˜a’¬‰Ÿ‰z,1502-1,,
19384-0900-22.zip,202202141041,’†‹–€ŒSº˜a’¬‰Ÿ‰z,1502-2,,
19384-0900-22.zip,202202141041,’†‹–€ŒSº˜a’¬‰Ÿ‰z,1503-1,,
19384-0900-22.zip,202202141041,’†‹–€ŒSº˜a’¬‰Ÿ‰z,1503-2,,
19384-0900-22.zip,202202141041,’†‹–€ŒSº˜a’¬‰Ÿ‰z,1503-3,,
19384-0900-22.zip,202202141041,’†‹–€ŒSº˜a’¬‰Ÿ‰z,1504-1,,
19384-0900-22.zip,202202141041,’†‹–€ŒSº˜a’¬‰Ÿ‰z,1504-2,,
19384-0900-22.zip,202202141041,’†‹–€ŒSº˜a’¬‰Ÿ‰z,1505-1,,
19384-0900-22.zip,202202141041,’†‹–€ŒSº˜a’¬‰Ÿ‰z,1505-2,,
19384-0900-22.zip,202202141041,’†‹–€ŒSº˜a’¬‰Ÿ‰z,1506-1,,
19384-0900-22.zip,202202141041,’†‹–€ŒSº˜a’¬‰Ÿ‰z,1506-2,,
19384-0900-22.zip,202202141041,’†‹–€ŒSº˜a’¬‰Ÿ‰z,1506-3,,
19384-0900-22.zip,202202141041,’†‹–€ŒSº˜a’¬‰Ÿ‰z,1506-4,,
19384-0900-22.zip,202202141041,’†‹–€ŒSº˜a’¬‰Ÿ‰z,1507-1,,
19384-0900-22.zip,202202141041,’†‹–€ŒSº˜a’¬‰Ÿ‰z,1507-2,,
19384-0900-22.zip,202202141041,’†‹–€ŒSº˜a’¬‰Ÿ‰z,1508-1,,
19384-0900-22.zip,202202141041,’†‹–€ŒSº˜a’¬‰Ÿ‰z,1508-2,,
19384-0900-22.zip,202202141041,’†‹–€ŒSº˜a’¬‰Ÿ‰z,1508-3,,
19384-0900-22.zip,202202141041,’†‹–€ŒSº˜a’¬‰Ÿ‰z,1508-4,,
19384-0900-22.zip,202202141041,’†‹–€ŒSº˜a’¬‰Ÿ‰z,1508-5,,
19384-0900-22.zip,202202141041,’†‹–€ŒSº˜a’¬‰Ÿ‰z,1508-6,,
19384-0900-22.zip,202202141041,’†‹–€ŒSº˜a’¬‰Ÿ‰z,1508-7,,
19384-0900-22.zip,202202141041,’†‹–€ŒSº˜a’¬‰Ÿ‰z,1509-1,,
19384-0900-22.zip,202202141041,’†‹–€ŒSº˜a’¬‰Ÿ‰z,1509-2,,
19384-0900-22.zip,202202141041,’†‹–€ŒSº˜a’¬‰Ÿ‰z,1509-3,,
19384-0900-22.zip,202202141041,’†‹–€ŒSº˜a’¬‰Ÿ‰z,1509-4,,
19384-0900-22.zip,202202141041,’†‹–€ŒSº˜a’¬‰Ÿ‰z,1509-5,,
19384-0900-22.zip,202202141041,’†‹–€ŒSº˜a’¬‰Ÿ‰z,1509-6,,
19384-0900-22.zip,202202141041,’†‹–€ŒSº˜a’¬‰Ÿ‰z,1509-7,,
19384-0900-22.zip,202202141041,’†‹–€ŒSº˜a’¬‰Ÿ‰z,1509-8,,
19384-0900-22.zip,202202141041,’†‹–€ŒSº˜a’¬‰Ÿ‰z,1509-9,,
19384-0900-22.zip,202202141041,’†‹–€ŒSº˜a’¬‰Ÿ‰z,1509-10,,
19384-0900-22.zip,202202141041,’†‹–€ŒSº˜a’¬‰Ÿ‰z,1509-11,,
19384-0900-22.zip,202202141041,’†‹–€ŒSº˜a’¬‰Ÿ‰z,1509-12,,
19384-0900-22.zip,202202141041,’†‹–€ŒSº˜a’¬‰Ÿ‰z,1510-1,,
19384-0900-22.zip,202202141041,’†‹–€ŒSº˜a’¬‰Ÿ‰z,1510-3,,
19384-0900-22.zip,202202141041,’†‹–€ŒSº˜a’¬‰Ÿ‰z,1510-4,,
19384-0900-22.zip,202202141041,’†‹–€ŒSº˜a’¬‰Ÿ‰z,1510-12,,
19384-0900-22.zip,202202141041,’†‹–€ŒSº˜a’¬‰Ÿ‰z,1511-1,,
19384-0900-22.zip,202202141041,’†‹–€ŒSº˜a’¬‰Ÿ‰z,1512-3W1,,
19384-0900-22.zip,202202141041,’†‹–€ŒSº˜a’¬‰Ÿ‰z,1512-3W2,,
19384-0900-22.zip,202202141041,’†‹–€ŒSº˜a’¬‰Ÿ‰z,1512-4,,
19384-0900-22.zip,202202141041,’†‹–€ŒSº˜a’¬‰Ÿ‰z,1513-1,,
19384-0900-22.zip,202202141041,’†‹–€ŒSº˜a’¬‰Ÿ‰z,1513-3,,
19384-0900-22.zip,202202141041,’†‹–€ŒSº˜a’¬‰Ÿ‰z,1513-4,,
19384-0900-22.zip,202202141041,’†‹–€ŒSº˜a’¬‰Ÿ‰z,1513-5,,
19384-0900-22.zip,202202141041,’†‹–€ŒSº˜a’¬‰Ÿ‰z,1513-6,,
19384-0900-22.zip,202202141041,’†‹–€ŒSº˜a’¬‰Ÿ‰z,1513-7,,
19384-0900-22.zip,202202141041,’†‹–€ŒSº˜a’¬‰Ÿ‰z,1513-8,,
19384-0900-22.zip,202202141041,’†‹–€ŒSº˜a’¬‰Ÿ‰z,1513-9,,
19384-0900-22.zip,202202141041,’†‹–€ŒSº˜a’¬‰Ÿ‰z,1513-10,,
19384-0900-22.zip,202202141041,’†‹–€ŒSº˜a’¬‰Ÿ‰z,1513-11,,
19384-0900-22.zip,202202141041,’†‹–€ŒSº˜a’¬‰Ÿ‰z,1513-12,,
19384-0900-22.zip,202202141041,’†‹–€ŒSº˜a’¬‰Ÿ‰z,1513-13,,
19384-0900-22.zip,202202141041,’†‹–€ŒSº˜a’¬‰Ÿ‰z,1513-14,,
19384-0900-22.zip,202202141041,’†‹–€ŒSº˜a’¬‰Ÿ‰z,1513-15,,
19384-0900-22.zip,202202141041,’†‹–€ŒSº˜a’¬‰Ÿ‰z,1513-16,,
19384-0900-22.zip,202202141041,’†‹–€ŒSº˜a’¬‰Ÿ‰z,1513-17,,
19384-0900-22.zip,202202141041,’†‹–€ŒSº˜a’¬‰Ÿ‰z,1514-3,,
19384-0900-22.zip,202202141041,’†‹–€ŒSº˜a’¬‰Ÿ‰z,1514-4,,
19384-0900-22.zip,202202141041,’†‹–€ŒSº˜a’¬‰Ÿ‰z,1514-5,,
19384-0900-22.zip,202202141041,’†‹–€ŒSº˜a’¬‰Ÿ‰z,1514-7,,
19384-0900-22.zip,202202141041,’†‹–€ŒSº˜a’¬‰Ÿ‰z,1514-9,,
19384-0900-22.zip,202202141041,’†‹–€ŒSº˜a’¬‰Ÿ‰z,1514-10,,
19384-0900-22.zip,202202141041,’†‹–€ŒSº˜a’¬‰Ÿ‰z,1514-11,,
19384-0900-22.zip,202202141041,’†‹–€ŒSº˜a’¬‰Ÿ‰z,1514-12,,
19384-0900-22.zip,202202141041,’†‹–€ŒSº˜a’¬‰Ÿ‰z,1514-13,,
19384-0900-22.zip,202202141041,’†‹–€ŒSº˜a’¬‰Ÿ‰z,1515-1,,
19384-0900-22.zip,202202141041,’†‹–€ŒSº˜a’¬‰Ÿ‰z,1515-2,,
19384-0900-22.zip,202202141041,’†‹–€ŒSº˜a’¬‰Ÿ‰z,1515-4,,
19384-0900-22.zip,202202141041,’†‹–€ŒSº˜a’¬‰Ÿ‰z,1515-6,,
19384-0900-22.zip,202202141041,’†‹–€ŒSº˜a’¬‰Ÿ‰z,1515-7,,
19384-0900-22.zip,202202141041,’†‹–€ŒSº˜a’¬‰Ÿ‰z,1515-8,,
19384-0900-22.zip,202202141041,’†‹–€ŒSº˜a’¬‰Ÿ‰z,1515-9,,
19384-0900-22.zip,202202141041,’†‹–€ŒSº˜a’¬‰Ÿ‰z,1515-10,,
19384-0900-22.zip,202202141041,’†‹–€ŒSº˜a’¬‰Ÿ‰z,1515-11,,
19384-0900-22.zip,202202141041,’†‹–€ŒSº˜a’¬‰Ÿ‰z,1516-1,,
19384-0900-22.zip,202202141041,’†‹–€ŒSº˜a’¬‰Ÿ‰z,1516-4,,
19384-0900-22.zip,202202141041,’†‹–€ŒSº˜a’¬‰Ÿ‰z,1516-5,,
19384-0900-22.zip,202202141041,’†‹–€ŒSº˜a’¬‰Ÿ‰z,1516-6,,
19384-0900-22.zip,202202141041,’†‹–€ŒSº˜a’¬‰Ÿ‰z,1516-7,,
19384-0900-22.zip,202202141041,’†‹–€ŒSº˜a’¬‰Ÿ‰z,1516-8,,
19384-0900-22.zip,202202141041,’†‹–€ŒSº˜a’¬‰Ÿ‰z,1517-1,,
19384-0900-22.zip,202202141041,’†‹–€ŒSº˜a’¬‰Ÿ‰z,1517-2,,
19384-0900-22.zip,202202141041,’†‹–€ŒSº˜a’¬‰Ÿ‰z,1518-1,,
19384-0900-22.zip,202202141041,’†‹–€ŒSº˜a’¬‰Ÿ‰z,1518-2,,
19384-0900-22.zip,202202141041,’†‹–€ŒSº˜a’¬‰Ÿ‰z,1519-1,,
19384-0900-22.zip,202202141041,’†‹–€ŒSº˜a’¬‰Ÿ‰z,1519-2,,
19384-0900-22.zip,202202141041,’†‹–€ŒSº˜a’¬‰Ÿ‰z,1519-3,,
19384-0900-22.zip,202202141041,’†‹–€ŒSº˜a’¬‰Ÿ‰z,1519-4,,
19384-0900-22.zip,202202141041,’†‹–€ŒSº˜a’¬‰Ÿ‰z,1519-5,,
19384-0900-22.zip,202202141041,’†‹–€ŒSº˜a’¬‰Ÿ‰z,1519-6,,
19384-0900-22.zip,202202141041,’†‹–€ŒSº˜a’¬‰Ÿ‰z,1520-3,,
19384-0900-22.zip,202202141041,’†‹–€ŒSº˜a’¬‰Ÿ‰z,1522-1,,
19384-0900-22.zip,202202141041,’†‹–€ŒSº˜a’¬‰Ÿ‰z,1522-3,,
19384-0900-22.zip,202202141041,’†‹–€ŒSº˜a’¬‰Ÿ‰z,1522-4,,
19384-0900-22.zip,202202141041,’†‹–€ŒSº˜a’¬‰Ÿ‰z,1522-5,,
19384-0900-22.zip,202202141041,’†‹–€ŒSº˜a’¬‰Ÿ‰z,1525-1,,
19384-0900-22.zip,202202141041,’†‹–€ŒSº˜a’¬‰Ÿ‰z,1525-2,,
19384-0900-22.zip,202202141041,’†‹–€ŒSº˜a’¬‰Ÿ‰z,1526-1,,
19384-0900-22.zip,202202141041,’†‹–€ŒSº˜a’¬‰Ÿ‰z,1526-2,,
19384-0900-22.zip,202202141041,’†‹–€ŒSº˜a’¬‰Ÿ‰z,1526-3,,
19384-0900-22.zip,202202141041,’†‹–€ŒSº˜a’¬‰Ÿ‰z,1527-1,,
19384-0900-22.zip,202202141041,’†‹–€ŒSº˜a’¬‰Ÿ‰z,1527-2,,
19384-0900-22.zip,202202141041,’†‹–€ŒSº˜a’¬‰Ÿ‰z,1527-3,,
19384-0900-22.zip,202202141041,’†‹–€ŒSº˜a’¬‰Ÿ‰z,1527-4,,
19384-0900-22.zip,202202141041,’†‹–€ŒSº˜a’¬‰Ÿ‰z,1527-5,,
19384-0900-22.zip,202202141041,’†‹–€ŒSº˜a’¬‰Ÿ‰z,1528-1,,
19384-0900-22.zip,202202141041,’†‹–€ŒSº˜a’¬‰Ÿ‰z,1528-2,,
19384-0900-22.zip,202202141041,’†‹–€ŒSº˜a’¬‰Ÿ‰z,1528-3,,
19384-0900-22.zip,202202141041,’†‹–€ŒSº˜a’¬‰Ÿ‰z,1528-4,,
19384-0900-22.zip,202202141041,’†‹–€ŒSº˜a’¬‰Ÿ‰z,1528-5,,
19384-0900-22.zip,202202141041,’†‹–€ŒSº˜a’¬‰Ÿ‰z,1529-1,,
19384-0900-22.zip,202202141041,’†‹–€ŒSº˜a’¬‰Ÿ‰z,1529-3,,
19384-0900-22.zip,202202141041,’†‹–€ŒSº˜a’¬‰Ÿ‰z,1529-4,,
19384-0900-22.zip,202202141041,’†‹–€ŒSº˜a’¬‰Ÿ‰z,1529-5,,
19384-0900-22.zip,202202141041,’†‹–€ŒSº˜a’¬‰Ÿ‰z,1530-1,,
19384-0900-22.zip,202202141041,’†‹–€ŒSº˜a’¬‰Ÿ‰z,1530-2,,
19384-0900-22.zip,202202141041,’†‹–€ŒSº˜a’¬‰Ÿ‰z,1530-3,,
19384-0900-22.zip,202202141041,’†‹–€ŒSº˜a’¬‰Ÿ‰z,1530-4,,
19384-0900-22.zip,202202141041,’†‹–€ŒSº˜a’¬‰Ÿ‰z,1531-1,,
19384-0900-22.zip,202202141041,’†‹–€ŒSº˜a’¬‰Ÿ‰z,1531-3,,
19384-0900-22.zip,202202141041,’†‹–€ŒSº˜a’¬‰Ÿ‰z,1531-4,,
19384-0900-22.zip,202202141041,’†‹–€ŒSº˜a’¬‰Ÿ‰z,1531-5,,
19384-0900-22.zip,202202141041,’†‹–€ŒSº˜a’¬‰Ÿ‰z,1532,,
19384-0900-22.zip,202202141041,’†‹–€ŒSº˜a’¬‰Ÿ‰z,1533-1,,
19384-0900-22.zip,202202141041,’†‹–€ŒSº˜a’¬‰Ÿ‰z,1533-2,,
19384-0900-22.zip,202202141041,’†‹–€ŒSº˜a’¬‰Ÿ‰z,1534-1,,
19384-0900-22.zip,202202141041,’†‹–€ŒSº˜a’¬‰Ÿ‰z,1534-2,,
19384-0900-22.zip,202202141041,’†‹–€ŒSº˜a’¬‰Ÿ‰z,1534-3,,
19384-0900-22.zip,202202141041,’†‹–€ŒSº˜a’¬‰Ÿ‰z,1534-4,,
19384-0900-22.zip,202202141041,’†‹–€ŒSº˜a’¬‰Ÿ‰z,1535-1,,
19384-0900-22.zip,202202141041,’†‹–€ŒSº˜a’¬‰Ÿ‰z,1535-2,,
19384-0900-22.zip,202202141041,’†‹–€ŒSº˜a’¬‰Ÿ‰z,1535-3,,
19384-0900-22.zip,202202141041,’†‹–€ŒSº˜a’¬‰Ÿ‰z,1536,,
19384-0900-22.zip,202202141041,’†‹–€ŒSº˜a’¬‰Ÿ‰z,1537-1,,
19384-0900-22.zip,202202141041,’†‹–€ŒSº˜a’¬‰Ÿ‰z,1537-2,,
19384-0900-22.zip,202202141041,’†‹–€ŒSº˜a’¬‰Ÿ‰z,1538-1,,
19384-0900-22.zip,202202141041,’†‹–€ŒSº˜a’¬‰Ÿ‰z,1538-4,,
19384-0900-22.zip,202202141041,’†‹–€ŒSº˜a’¬‰Ÿ‰z,1538-5,,
19384-0900-22.zip,202202141041,’†‹–€ŒSº˜a’¬‰Ÿ‰z,1538-6,,
19384-0900-22.zip,202202141041,’†‹–€ŒSº˜a’¬‰Ÿ‰z,1539,,
19384-0900-22.zip,202202141041,’†‹–€ŒSº˜a’¬‰Ÿ‰z,1540-1,,
19384-0900-22.zip,202202141041,’†‹–€ŒSº˜a’¬‰Ÿ‰z,1540-2,,
19384-0900-22.zip,202202141041,’†‹–€ŒSº˜a’¬‰Ÿ‰z,1541,,
19384-0900-22.zip,202202141041,’†‹–€ŒSº˜a’¬‰Ÿ‰z,1542-1,,
19384-0900-22.zip,202202141041,’†‹–€ŒSº˜a’¬‰Ÿ‰z,1542-2,,
19384-0900-22.zip,202202141041,’†‹–€ŒSº˜a’¬‰Ÿ‰z,1542-3,,
19384-0900-22.zip,202202141041,’†‹–€ŒSº˜a’¬‰Ÿ‰z,1542-4,,
19384-0900-22.zip,202202141041,’†‹–€ŒSº˜a’¬‰Ÿ‰z,1542-5,,
19384-0900-22.zip,202202141041,’†‹–€ŒSº˜a’¬‰Ÿ‰z,1542-6,,
19384-0900-22.zip,202202141041,’†‹–€ŒSº˜a’¬‰Ÿ‰z,1543,,
19384-0900-22.zip,202202141041,’†‹–€ŒSº˜a’¬‰Ÿ‰z,1606-5,,
19384-0900-22.zip,202202141041,’†‹–€ŒSº˜a’¬‰Ÿ‰z,1774-3,,
19384-0900-22.zip,202202141041,’†‹–€ŒSº˜a’¬‰Ÿ‰z,1774-6,,
19384-0900-22.zip,202202141041,’†‹–€ŒSº˜a’¬‰Ÿ‰z,1782-3,,
19384-0900-22.zip,202202141041,’†‹–€ŒSº˜a’¬‰Ÿ‰z,1782-6,,
19384-0900-22.zip,202202141041,’†‹–€ŒSº˜a’¬‰Ÿ‰z,1782-8,,
19384-0900-22.zip,202202141041,’†‹–€ŒSº˜a’¬‰Ÿ‰z,1783-3,,
19384-0900-22.zip,202202141041,’†‹–€ŒSº˜a’¬‰Ÿ‰z,1783-5,,
19384-0900-22.zip,202202141041,’†‹–€ŒSº˜a’¬‰Ÿ‰z,1784-2,,
19384-0900-22.zip,202202141041,’†‹–€ŒSº˜a’¬‰Ÿ‰z,1784-3,,
19384-0900-22.zip,202202141041,’†‹–€ŒSº˜a’¬‰Ÿ‰z,1787-2,,
19384-0900-22.zip,202202141041,’†‹–€ŒSº˜a’¬‰Ÿ‰z,1787-3,,
19384-0900-22.zip,202202141041,’†‹–€ŒSº˜a’¬‰Ÿ‰z,1787-4,,
19384-0900-22.zip,202202141041,’†‹–€ŒSº˜a’¬‰Ÿ‰z,1787-5,,
19384-0900-22.zip,202202141041,’†‹–€ŒSº˜a’¬‰Ÿ‰z,1787-6,,
19384-0900-22.zip,202202141041,’†‹–€ŒSº˜a’¬‰Ÿ‰z,1787-7,,
19384-0900-22.zip,202202141041,’†‹–€ŒSº˜a’¬‰Ÿ‰z,1787-8,,
19384-0900-22.zip,202202141041,’†‹–€ŒSº˜a’¬‰Ÿ‰z,1787-9,,
19384-0900-22.zip,202202141041,’†‹–€ŒSº˜a’¬‰Ÿ‰z,1787-10,,
19384-0900-22.zip,202202141041,’†‹–€ŒSº˜a’¬‰Ÿ‰z,1787-11,,
19384-0900-22.zip,202202141041,’†‹–€ŒSº˜a’¬‰Ÿ‰z,1787-12,,
19384-0900-22.zip,202202141041,’†‹–€ŒSº˜a’¬‰Ÿ‰z,1787-13,,
19384-0900-22.zip,202202141041,’†‹–€ŒSº˜a’¬‰Ÿ‰z,1787-14,,
19384-0900-22.zip,202202141041,’†‹–€ŒSº˜a’¬‰Ÿ‰z,1787-15,,
19384-0900-22.zip,202202141041,’†‹–€ŒSº˜a’¬‰Ÿ‰z,1788-3,,
19384-0900-22.zip,202202141041,’†‹–€ŒSº˜a’¬‰Ÿ‰z,1788-4,,
19384-0900-22.zip,202202141041,’†‹–€ŒSº˜a’¬‰Ÿ‰z,1788-5,,
19384-0900-22.zip,202202141041,’†‹–€ŒSº˜a’¬‰Ÿ‰z,1788-6,,
19384-0900-22.zip,202202141041,’†‹–€ŒSº˜a’¬‰Ÿ‰z,1789-2,,
19384-0900-22.zip,202202141041,’†‹–€ŒSº˜a’¬‰Ÿ‰z,1789-3,,
19384-0900-22.zip,202202141041,’†‹–€ŒSº˜a’¬‰Ÿ‰z,1789-4,,
19384-0900-22.zip,202202141041,’†‹–€ŒSº˜a’¬‰Ÿ‰z,1790-1,,
19384-0900-22.zip,202202141041,’†‹–€ŒSº˜a’¬‰Ÿ‰z,1790-2,,
19384-0900-22.zip,202202141041,’†‹–€ŒSº˜a’¬‰Ÿ‰z,1791,,
19384-0900-22.zip,202202141041,’†‹–€ŒSº˜a’¬‰Ÿ‰z,1792-1,,
19384-0900-22.zip,202202141041,’†‹–€ŒSº˜a’¬‰Ÿ‰z,1792-2,,
19384-0900-22.zip,202202141041,’†‹–€ŒSº˜a’¬‰Ÿ‰z,1792-3,,
19384-0900-22.zip,202202141041,’†‹–€ŒSº˜a’¬‰Ÿ‰z,1793-1,,
19384-0900-22.zip,202202141041,’†‹–€ŒSº˜a’¬‰Ÿ‰z,1793-2,,
19384-0900-22.zip,202202141041,’†‹–€ŒSº˜a’¬‰Ÿ‰z,1793-4,,
19384-0900-22.zip,202202141041,’†‹–€ŒSº˜a’¬‰Ÿ‰z,1794-2,,
19384-0900-22.zip,202202141041,’†‹–€ŒSº˜a’¬‰Ÿ‰z,1794-4,,
19384-0900-22.zip,202202141041,’†‹–€ŒSº˜a’¬‰Ÿ‰z,1794-5,,
19384-0900-22.zip,202202141041,’†‹–€ŒSº˜a’¬‰Ÿ‰z,1795,,
19384-0900-22.zip,202202141041,’†‹–€ŒSº˜a’¬‰Ÿ‰z,1797-2,,
19384-0900-22.zip,202202141041,’†‹–€ŒSº˜a’¬‰Ÿ‰z,1797-3,,
19384-0900-22.zip,202202141041,’†‹–€ŒSº˜a’¬‰Ÿ‰z,1798-1,,
19384-0900-22.zip,202202141041,’†‹–€ŒSº˜a’¬‰Ÿ‰z,1798-2,,
19384-0900-22.zip,202202141041,’†‹–€ŒSº˜a’¬‰Ÿ‰z,1799,,
19384-0900-22.zip,202202141041,’†‹–€ŒSº˜a’¬‰Ÿ‰z,1800-1,,
19384-0900-22.zip,202202141041,’†‹–€ŒSº˜a’¬‰Ÿ‰z,1800-2,,
19384-0900-22.zip,202202141041,’†‹–€ŒSº˜a’¬‰Ÿ‰z,1800-3,,
19384-0900-22.zip,202202141041,’†‹–€ŒSº˜a’¬‰Ÿ‰z,1800-4,,
19384-0900-22.zip,202202141041,’†‹–€ŒSº˜a’¬‰Ÿ‰z,1800-5,,
19384-0900-22.zip,202202141041,’†‹–€ŒSº˜a’¬‰Ÿ‰z,1800-6,,
19384-0900-22.zip,202202141041,’†‹–€ŒSº˜a’¬‰Ÿ‰z,1800-7,,
19384-0900-22.zip,202202141041,’†‹–€ŒSº˜a’¬‰Ÿ‰z,1800-8,,
19384-0900-22.zip,202202141041,’†‹–€ŒSº˜a’¬‰Ÿ‰z,1801-1,,
19384-0900-22.zip,202202141041,’†‹–€ŒSº˜a’¬‰Ÿ‰z,1801-2,,
19384-0900-22.zip,202202141041,’†‹–€ŒSº˜a’¬‰Ÿ‰z,1801-3,,
19384-0900-22.zip,202202141041,’†‹–€ŒSº˜a’¬‰Ÿ‰z,1801-4,,
19384-0900-22.zip,202202141041,’†‹–€ŒSº˜a’¬‰Ÿ‰z,1801-5,,
19384-0900-22.zip,202202141041,’†‹–€ŒSº˜a’¬‰Ÿ‰z,1801-6,,
19384-0900-22.zip,202202141041,’†‹–€ŒSº˜a’¬‰Ÿ‰z,1801-7,,
19384-0900-22.zip,202202141041,’†‹–€ŒSº˜a’¬‰Ÿ‰z,1801-8,,
19384-0900-22.zip,202202141041,’†‹–€ŒSº˜a’¬‰Ÿ‰z,1801-9,,
19384-0900-22.zip,202202141041,’†‹–€ŒSº˜a’¬‰Ÿ‰z,1801-10,,
19384-0900-22.zip,202202141041,’†‹–€ŒSº˜a’¬‰Ÿ‰z,1801-11,,
19384-0900-22.zip,202202141041,’†‹–€ŒSº˜a’¬‰Ÿ‰z,1802-1,,
19384-0900-22.zip,202202141041,’†‹–€ŒSº˜a’¬‰Ÿ‰z,1802-4,,
19384-0900-22.zip,202202141041,’†‹–€ŒSº˜a’¬‰Ÿ‰z,1802-5,,
19384-0900-22.zip,202202141041,’†‹–€ŒSº˜a’¬‰Ÿ‰z,1802-6,,
19384-0900-22.zip,202202141041,’†‹–€ŒSº˜a’¬‰Ÿ‰z,1802-7,,
19384-0900-22.zip,202202141041,’†‹–€ŒSº˜a’¬‰Ÿ‰z,1802-8,,
19384-0900-22.zip,202202141041,’†‹–€ŒSº˜a’¬‰Ÿ‰z,1802-9,,
19384-0900-22.zip,202202141041,’†‹–€ŒSº˜a’¬‰Ÿ‰z,1802-10,,
19384-0900-22.zip,202202141041,’†‹–€ŒSº˜a’¬‰Ÿ‰z,1803,,
19384-0900-22.zip,202202141041,’†‹–€ŒSº˜a’¬‰Ÿ‰z,1804,,
19384-0900-22.zip,202202141041,’†‹–€ŒSº˜a’¬‰Ÿ‰z,1805-1,,
19384-0900-22.zip,202202141041,’†‹–€ŒSº˜a’¬‰Ÿ‰z,1805-2,,
19384-0900-22.zip,202202141041,’†‹–€ŒSº˜a’¬‰Ÿ‰z,1806,,
19384-0900-22.zip,202202141041,’†‹–€ŒSº˜a’¬‰Ÿ‰z,1807-1,,
19384-0900-22.zip,202202141041,’†‹–€ŒSº˜a’¬‰Ÿ‰z,1807-2,,
19384-0900-22.zip,202202141041,’†‹–€ŒSº˜a’¬‰Ÿ‰z,1807-3,,
19384-0900-22.zip,202202141041,’†‹–€ŒSº˜a’¬‰Ÿ‰z,1807-4,,
19384-0900-22.zip,202202141041,’†‹–€ŒSº˜a’¬‰Ÿ‰z,1807-5,,
19384-0900-22.zip,202202141041,’†‹–€ŒSº˜a’¬‰Ÿ‰z,1807-6,,
19384-0900-22.zip,202202141041,’†‹–€ŒSº˜a’¬‰Ÿ‰z,1807-7,,
19384-0900-22.zip,202202141041,’†‹–€ŒSº˜a’¬‰Ÿ‰z,1808-2,,
19384-0900-22.zip,202202141041,’†‹–€ŒSº˜a’¬‰Ÿ‰z,1808-3,,
19384-0900-22.zip,202202141041,’†‹–€ŒSº˜a’¬‰Ÿ‰z,1808-4,,
19384-0900-22.zip,202202141041,’†‹–€ŒSº˜a’¬‰Ÿ‰z,1809-1,,
19384-0900-22.zip,202202141041,’†‹–€ŒSº˜a’¬‰Ÿ‰z,1809-2,,
19384-0900-22.zip,202202141041,’†‹–€ŒSº˜a’¬‰Ÿ‰z,1809-5,,
19384-0900-22.zip,202202141041,’†‹–€ŒSº˜a’¬‰Ÿ‰z,1809-7,,
19384-0900-22.zip,202202141041,’†‹–€ŒSº˜a’¬‰Ÿ‰z,1810,,
19384-0900-22.zip,202202141041,’†‹–€ŒSº˜a’¬‰Ÿ‰z,1811-1,,
19384-0900-22.zip,202202141041,’†‹–€ŒSº˜a’¬‰Ÿ‰z,1811-2,,
19384-0900-22.zip,202202141041,’†‹–€ŒSº˜a’¬‰Ÿ‰z,1811-3,,
19384-0900-22.zip,202202141041,’†‹–€ŒSº˜a’¬‰Ÿ‰z,1811-4,,
19384-0900-22.zip,202202141041,’†‹–€ŒSº˜a’¬‰Ÿ‰z,1811-5,,
19384-0900-22.zip,202202141041,’†‹–€ŒSº˜a’¬‰Ÿ‰z,1811-6,,
19384-0900-22.zip,202202141041,’†‹–€ŒSº˜a’¬‰Ÿ‰z,1811-7,,
19384-0900-22.zip,202202141041,’†‹–€ŒSº˜a’¬‰Ÿ‰z,1811-8,,
19384-0900-22.zip,202202141041,’†‹–€ŒSº˜a’¬‰Ÿ‰z,1811-9,,
19384-0900-22.zip,202202141041,’†‹–€ŒSº˜a’¬‰Ÿ‰z,1811-10,,
19384-0900-22.zip,202202141041,’†‹–€ŒSº˜a’¬‰Ÿ‰z,1811-11,,
19384-0900-22.zip,202202141041,’†‹–€ŒSº˜a’¬‰Ÿ‰z,1812-1,,
19384-0900-22.zip,202202141041,’†‹–€ŒSº˜a’¬‰Ÿ‰z,1812-3,,
19384-0900-22.zip,202202141041,’†‹–€ŒSº˜a’¬‰Ÿ‰z,1812-8,,
19384-0900-22.zip,202202141041,’†‹–€ŒSº˜a’¬‰Ÿ‰z,1812-9,,
19384-0900-22.zip,202202141041,’†‹–€ŒSº˜a’¬‰Ÿ‰z,1812-10,,
19384-0900-22.zip,202202141041,’†‹–€ŒSº˜a’¬‰Ÿ‰z,1813-1,,
19384-0900-22.zip,202202141041,’†‹–€ŒSº˜a’¬‰Ÿ‰z,1813-2,,
19384-0900-22.zip,202202141041,’†‹–€ŒSº˜a’¬‰Ÿ‰z,1813-3,,
19384-0900-22.zip,202202141041,’†‹–€ŒSº˜a’¬‰Ÿ‰z,1813-4,,
19384-0900-22.zip,202202141041,’†‹–€ŒSº˜a’¬‰Ÿ‰z,1813-5,,
19384-0900-22.zip,202202141041,’†‹–€ŒSº˜a’¬‰Ÿ‰z,1813-6,,
19384-0900-22.zip,202202141041,’†‹–€ŒSº˜a’¬‰Ÿ‰z,1813-7,,
19384-0900-22.zip,202202141041,’†‹–€ŒSº˜a’¬‰Ÿ‰z,1813-8,,
19384-0900-22.zip,202202141041,’†‹–€ŒSº˜a’¬‰Ÿ‰z,1813-9,,
19384-0900-22.zip,202202141041,’†‹–€ŒSº˜a’¬‰Ÿ‰z,1813-10,,
19384-0900-22.zip,202202141041,’†‹–€ŒSº˜a’¬‰Ÿ‰z,1814,,
19384-0900-22.zip,202202141041,’†‹–€ŒSº˜a’¬‰Ÿ‰z,1815-1,,
19384-0900-22.zip,202202141041,’†‹–€ŒSº˜a’¬‰Ÿ‰z,1815-2,,
19384-0900-22.zip,202202141041,’†‹–€ŒSº˜a’¬‰Ÿ‰z,1815-3,,
19384-0900-22.zip,202202141041,’†‹–€ŒSº˜a’¬‰Ÿ‰z,1816,,
19384-0900-22.zip,202202141041,’†‹–€ŒSº˜a’¬‰Ÿ‰z,1817,,
19384-0900-22.zip,202202141041,’†‹–€ŒSº˜a’¬‰Ÿ‰z,1817-2,,
19384-0900-22.zip,202202141041,’†‹–€ŒSº˜a’¬‰Ÿ‰z,1818-1,,
19384-0900-22.zip,202202141041,’†‹–€ŒSº˜a’¬‰Ÿ‰z,1818-2,,
19384-0900-22.zip,202202141041,’†‹–€ŒSº˜a’¬‰Ÿ‰z,1818-3,,
19384-0900-22.zip,202202141041,’†‹–€ŒSº˜a’¬‰Ÿ‰z,1819,,
19384-0900-22.zip,202202141041,’†‹–€ŒSº˜a’¬‰Ÿ‰z,1820-1,,
19384-0900-22.zip,202202141041,’†‹–€ŒSº˜a’¬‰Ÿ‰z,1820-3,,
19384-0900-22.zip,202202141041,’†‹–€ŒSº˜a’¬‰Ÿ‰z,1821-2,,
19384-0900-22.zip,202202141041,’†‹–€ŒSº˜a’¬‰Ÿ‰z,1821-3,,
19384-0900-22.zip,202202141041,’†‹–€ŒSº˜a’¬‰Ÿ‰z,1822-6,,
19384-0900-22.zip,202202141041,’†‹–€ŒSº˜a’¬‰Ÿ‰z,1823-4,,
19384-0900-22.zip,202202141041,’†‹–€ŒSº˜a’¬‰Ÿ‰z,1823-6,,
19384-0900-22.zip,202202141041,’†‹–€ŒSº˜a’¬‰Ÿ‰z,1823-7,,
19384-0900-22.zip,202202141041,’†‹–€ŒSº˜a’¬‰Ÿ‰z,1824-2,,
19384-0900-22.zip,202202141041,’†‹–€ŒSº˜a’¬‰Ÿ‰z,1824-3,,
19384-0900-22.zip,202202141041,’†‹–€ŒSº˜a’¬‰Ÿ‰z,1824-4,,
19384-0900-22.zip,202202141041,’†‹–€ŒSº˜a’¬‰Ÿ‰z,1825-3,,
19384-0900-22.zip,202202141041,’†‹–€ŒSº˜a’¬‰Ÿ‰z,1826-3,,
19384-0900-22.zip,202202141041,’†‹–€ŒSº˜a’¬‰Ÿ‰z,1826-4,,
19384-0900-22.zip,202202141041,’†‹–€ŒSº˜a’¬‰Ÿ‰z,1826-5,,
19384-0900-22.zip,202202141041,’†‹–€ŒSº˜a’¬‰Ÿ‰z,1826-7,,
19384-0900-22.zip,202202141041,’†‹–€ŒSº˜a’¬‰Ÿ‰z,1827-3,,
19384-0900-22.zip,202202141041,’†‹–€ŒSº˜a’¬‰Ÿ‰z,1827-4,,
19384-0900-22.zip,202202141041,’†‹–€ŒSº˜a’¬‰Ÿ‰z,1827-5,,
19384-0900-22.zip,202202141041,’†‹–€ŒSº˜a’¬‰Ÿ‰z,1827-6,,
19384-0900-22.zip,202202141041,’†‹–€ŒSº˜a’¬‰Ÿ‰z,1827-8,,
19384-0900-22.zip,202202141041,’†‹–€ŒSº˜a’¬‰Ÿ‰z,1827-9,,
19384-0900-22.zip,202202141041,’†‹–€ŒSº˜a’¬‰Ÿ‰z,1828-2,,
19384-0900-22.zip,202202141041,’†‹–€ŒSº˜a’¬‰Ÿ‰z,1828-3,,
19384-0900-22.zip,202202141041,’†‹–€ŒSº˜a’¬‰Ÿ‰z,1828-4,,
19384-0900-22.zip,202202141041,’†‹–€ŒSº˜a’¬‰Ÿ‰z,1828-5,,
19384-0900-22.zip,202202141041,’†‹–€ŒSº˜a’¬‰Ÿ‰z,1829-2,,
19384-0900-22.zip,202202141041,’†‹–€ŒSº˜a’¬‰Ÿ‰z,1829-3,,
19384-0900-22.zip,202202141041,’†‹–€ŒSº˜a’¬‰Ÿ‰z,1829-4,,
19384-0900-22.zip,202202141041,’†‹–€ŒSº˜a’¬‰Ÿ‰z,1830-1,,
19384-0900-22.zip,202202141041,’†‹–€ŒSº˜a’¬‰Ÿ‰z,1830-2,,
19384-0900-22.zip,202202141041,’†‹–€ŒSº˜a’¬‰Ÿ‰z,1831-1,,
19384-0900-22.zip,202202141041,’†‹–€ŒSº˜a’¬‰Ÿ‰z,1831-2,,
19384-0900-22.zip,202202141041,’†‹–€ŒSº˜a’¬‰Ÿ‰z,1831-3,,
19384-0900-22.zip,202202141041,’†‹–€ŒSº˜a’¬‰Ÿ‰z,1831-4,,
19384-0900-22.zip,202202141041,’†‹–€ŒSº˜a’¬‰Ÿ‰z,1831-5,,
19384-0900-22.zip,202202141041,’†‹–€ŒSº˜a’¬‰Ÿ‰z,1832-2,,
19384-0900-22.zip,202202141041,’†‹–€ŒSº˜a’¬‰Ÿ‰z,1832-4,,
19384-0900-22.zip,202202141041,’†‹–€ŒSº˜a’¬‰Ÿ‰z,1832-5,,
19384-0900-22.zip,202202141041,’†‹–€ŒSº˜a’¬‰Ÿ‰z,1833-2,,
19384-0900-22.zip,202202141041,’†‹–€ŒSº˜a’¬‰Ÿ‰z,1833-3,,
19384-0900-22.zip,202202141041,’†‹–€ŒSº˜a’¬‰Ÿ‰z,1837-4,,
19384-0900-22.zip,202202141041,’†‹–€ŒSº˜a’¬‰Ÿ‰z,1837-9,,
19384-0900-22.zip,202202141041,’†‹–€ŒSº˜a’¬‰Ÿ‰z,1840-1,,
19384-0900-22.zip,202202141041,’†‹–€ŒSº˜a’¬‰Ÿ‰z,1840-2,,
19384-0900-22.zip,202202141041,’†‹–€ŒSº˜a’¬‰Ÿ‰z,1840-3,,
19384-0900-22.zip,202202141041,’†‹–€ŒSº˜a’¬‰Ÿ‰z,1840-4,,
19384-0900-22.zip,202202141041,’†‹–€ŒSº˜a’¬‰Ÿ‰z,1840-5,,
19384-0900-22.zip,202202141041,’†‹–€ŒSº˜a’¬‰Ÿ‰z,1841-5,,
19384-0900-22.zip,202202141041,’†‹–€ŒSº˜a’¬‰Ÿ‰z,1844-1,,
19384-0900-22.zip,202202141041,’†‹–€ŒSº˜a’¬‰Ÿ‰z,1858-1,,
19384-0900-22.zip,202202141041,’†‹–€ŒSº˜a’¬‰Ÿ‰z,1858-2,,
19384-0900-22.zip,202202141041,’†‹–€ŒSº˜a’¬‰Ÿ‰z,1858-3,,
19384-0900-22.zip,202202141041,’†‹–€ŒSº˜a’¬‰Ÿ‰z,1860-1,,
19384-0900-22.zip,202202141041,’†‹–€ŒSº˜a’¬‰Ÿ‰z,1860-4,,
19384-0900-22.zip,202202141041,’†‹–€ŒSº˜a’¬‰Ÿ‰z,1860-5,,
19384-0900-22.zip,202202141041,’†‹–€ŒSº˜a’¬‰Ÿ‰z,1860-8,,
19384-0900-22.zip,202202141041,’†‹–€ŒSº˜a’¬‰Ÿ‰z,1860-9,,
19384-0900-22.zip,202202141041,’†‹–€ŒSº˜a’¬‰Ÿ‰z,1860-10,,
19384-0900-22.zip,202202141041,’†‹–€ŒSº˜a’¬‰Ÿ‰z,1860-15,,
19384-0900-22.zip,202202141041,’†‹–€ŒSº˜a’¬‰Ÿ‰z,1860-17,,
19384-0900-22.zip,202202141041,’†‹–€ŒSº˜a’¬‰Ÿ‰z,1860-18,,
19384-0900-22.zip,202202141041,’†‹–€ŒSº˜a’¬‰Ÿ‰z,1860-20,,
19384-0900-22.zip,202202141041,’†‹–€ŒSº˜a’¬‰Ÿ‰z,1860-21,,
19384-0900-22.zip,202202141041,’†‹–€ŒSº˜a’¬‰Ÿ‰z,1860-22,,
19384-0900-22.zip,202202141041,’†‹–€ŒSº˜a’¬‰Ÿ‰z,1860-23,,
19384-0900-22.zip,202202141041,’†‹–€ŒSº˜a’¬‰Ÿ‰z,1860-24,,
19384-0900-22.zip,202202141041,’†‹–€ŒSº˜a’¬‰Ÿ‰z,1860-25,,
19384-0900-22.zip,202202141041,’†‹–€ŒSº˜a’¬‰Ÿ‰z,1863-1,,
19384-0900-22.zip,202202141041,’†‹–€ŒSº˜a’¬‰Ÿ‰z,1863-2,,
19384-0900-22.zip,202202141041,’†‹–€ŒSº˜a’¬‰Ÿ‰z,1863-3,,
19384-0900-22.zip,202202141041,’†‹–€ŒSº˜a’¬‰Ÿ‰z,1863-4,,
19384-0900-22.zip,202202141041,’†‹–€ŒSº˜a’¬‰Ÿ‰z,1863-5,,
19384-0900-22.zip,202202141041,’†‹–€ŒSº˜a’¬‰Ÿ‰z,1863-6,,
19384-0900-22.zip,202202141041,’†‹–€ŒSº˜a’¬‰Ÿ‰z,1863-8,,
19384-0900-22.zip,202202141041,’†‹–€ŒSº˜a’¬‰Ÿ‰z,1863-9,,
19384-0900-22.zip,202202141041,’†‹–€ŒSº˜a’¬‰Ÿ‰z,1863-10,,
19384-0900-22.zip,202202141041,’†‹–€ŒSº˜a’¬‰Ÿ‰z,1863-12,,
19384-0900-22.zip,202202141041,’†‹–€ŒSº˜a’¬‰Ÿ‰z,1863-13,,
19384-0900-22.zip,202202141041,’†‹–€ŒSº˜a’¬‰Ÿ‰z,1863-14,,
19384-0900-22.zip,202202141041,’†‹–€ŒSº˜a’¬‰Ÿ‰z,1863-15,,
19384-0900-22.zip,202202141041,’†‹–€ŒSº˜a’¬‰Ÿ‰z,1865-2,,
19384-0900-22.zip,202202141041,’†‹–€ŒSº˜a’¬‰Ÿ‰z,1867-2,,
19384-0900-22.zip,202202141041,’†‹–€ŒSº˜a’¬‰Ÿ‰z,1867-3,,
19384-0900-22.zip,202202141041,’†‹–€ŒSº˜a’¬‰Ÿ‰z,1868-2,,
19384-0900-22.zip,202202141041,’†‹–€ŒSº˜a’¬‰Ÿ‰z,1868-4,,
19384-0900-22.zip,202202141041,’†‹–€ŒSº˜a’¬‰Ÿ‰z,1868-5,,
19384-0900-22.zip,202202141041,’†‹–€ŒSº˜a’¬‰Ÿ‰z,1869-2,,
19384-0900-22.zip,202202141041,’†‹–€ŒSº˜a’¬‰Ÿ‰z,1869-3,,
19384-0900-22.zip,202202141041,’†‹–€ŒSº˜a’¬‰Ÿ‰z,1869-4,,
19384-0900-22.zip,202202141041,’†‹–€ŒSº˜a’¬‰Ÿ‰z,1869-5,,
19384-0900-22.zip,202202141041,’†‹–€ŒSº˜a’¬‰Ÿ‰z,–³’n”Ô-510,,
19384-0900-22.zip,202202141041,’†‹–€ŒSº˜a’¬‰Ÿ‰z,“¹-7,,
19384-0900-22.zip,202202141041,’†‹–€ŒSº˜a’¬‰Ÿ‰z,“¹-9,,
19384-0900-22.zip,202202141041,’†‹–€ŒSº˜a’¬‰Ÿ‰z,“¹-10,,
19384-0900-22.zip,202202141041,’†‹–€ŒSº˜a’¬‰Ÿ‰z,“¹-12,,
19384-0900-22.zip,202202141041,’†‹–€ŒSº˜a’¬‰Ÿ‰z,“¹-15,,
19384-0900-22.zip,202202141041,’†‹–€ŒSº˜a’¬‰Ÿ‰z,“¹-16,,
19384-0900-22.zip,202202141041,’†‹–€ŒSº˜a’¬‰Ÿ‰z,“¹-18,,
19384-0900-22.zip,202202141041,’†‹–€ŒSº˜a’¬‰Ÿ‰z,“¹-19,,
19384-0900-22.zip,202202141041,’†‹–€ŒSº˜a’¬‰Ÿ‰z,“¹-20,,
19384-0900-22.zip,202202141041,’†‹–€ŒSº˜a’¬‰Ÿ‰z,“¹-26,,
19384-0900-22.zip,202202141041,’†‹–€ŒSº˜a’¬‰Ÿ‰z,“¹-27,,
19384-0900-22.zip,202202141041,’†‹–€ŒSº˜a’¬‰Ÿ‰z,“¹-356,,
19384-0900-22.zip,202202141041,’†‹–€ŒSº˜a’¬‰Ÿ‰z,“¹-397,,
19384-0900-22.zip,202202141041,’†‹–€ŒSº˜a’¬‰Ÿ‰z,“¹-423,,
19384-0900-22.zip,202202141041,’†‹–€ŒSº˜a’¬‰Ÿ‰z,“¹-436,,
19384-0900-22.zip,202202141041,’†‹–€ŒSº˜a’¬‰Ÿ‰z,“¹-441,,
19384-0900-22.zip,202202141041,’†‹–€ŒSº˜a’¬‰Ÿ‰z,“¹-445,,
19384-0900-22.zip,202202141041,’†‹–€ŒSº˜a’¬‰Ÿ‰z,“¹-447,,
19384-0900-22.zip,202202141041,’†‹–€ŒSº˜a’¬‰Ÿ‰z,…-3,,
19384-0900-22.zip,202202141041,’†‹–€ŒSº˜a’¬‰Ÿ‰z,…-8,,
19384-0900-22.zip,202202141041,’†‹–€ŒSº˜a’¬‰Ÿ‰z,…-24,,
19384-0900-22.zip,202202141041,’†‹–€ŒSº˜a’¬‰Ÿ‰z,…-27,,
19384-0900-22.zip,202202141041,’†‹–€ŒSº˜a’¬‰Ÿ‰z,…-28,,
19384-0900-22.zip,202202141041,’†‹–€ŒSº˜a’¬‰Ÿ‰z,…-28-1,,
19384-0900-22.zip,202202141041,’†‹–€ŒSº˜a’¬‰Ÿ‰z,…-281,,
19384-0900-22.zip,202202141041,’†‹–€ŒSº˜a’¬‰Ÿ‰z,…-288,,
19384-0900-22.zip,202202141041,’†‹–€ŒSº˜a’¬‰Ÿ‰z,…-479,,
19384-0900-22.zip,202202141041,’†‹–€ŒSº˜a’¬‰Ÿ‰z,…-517,,
19384-0900-22.zip,202202141041,’†‹–€ŒSº˜a’¬‰Ÿ‰z,…-552,,
19384-0900-22.zip,202202141041,’†‹–€ŒSº˜a’¬‰Ÿ‰z,…-564,,
19384-0900-22.zip,202202141041,’†‹–€ŒSº˜a’¬‰Ÿ‰z,…-573,,
19384-0900-22.zip,202202141041,’†‹–€ŒSº˜a’¬‰Ÿ‰z,…-577,,
19384-0900-22.zip,202202141041,’†‹–€ŒSº˜a’¬‰Ÿ‰z,…-581,,
19384-0900-22.zip,202202141041,’†‹–€ŒSº˜a’¬‰Ÿ‰z,…-585,,
19384-0900-22.zip,202202141041,’†‹–€ŒSº˜a’¬‰Ÿ‰z,…-593,,
19384-0900-22.zip,202202141041,’†‹–€ŒSº˜a’¬‰Ÿ‰z,’·‹·•¨•s–¾-21,,
19384-0900-22.zip,202202141041,’†‹–€ŒSº˜a’¬‰Ÿ‰z,’·‹·•¨•s–¾-22,,
19384-0900-22.zip,202202141041,’†‹–€ŒSº˜a’¬‰Ÿ‰z,’·‹·•¨•s–¾-23,,
19384-0900-22.zip,202202141041,’†‹–€ŒSº˜a’¬‰Ÿ‰z,’·‹·•¨•s–¾-24,,
19384-0900-22.zip,202202141041,’†‹–€ŒSº˜a’¬‰Ÿ‰z,’·‹·•¨•s–¾-25-1,,
19384-0900-22.zip,202202141041,’†‹–€ŒSº˜a’¬‰Ÿ‰z,’·‹·•¨•s–¾-29,,
19384-0900-22.zip,202202141041,’†‹–€ŒSº˜a’¬‰Ÿ‰z,’·‹·•¨•s–¾-34,,
19384-0900-22.zip,202202141041,’†‹–€ŒSº˜a’¬‰Ÿ‰z,’·‹·•¨•s–¾-34-1,,
19384-0900-22.zip,202202141041,’†‹–€ŒSº˜a’¬‰Ÿ‰z,’·‹·•¨•s–¾-34-11,,
19384-0900-22.zip,202202141041,’†‹–€ŒSº˜a’¬‰Ÿ‰z,’·‹·•¨•s–¾-34-12,,
19384-0900-22.zip,202202141041,’†‹–€ŒSº˜a’¬‰Ÿ‰z,’·‹·•¨•s–¾-36,,
19384-0900-22.zip,202202141041,’†‹–€ŒSº˜a’¬‰Ÿ‰z,’·‹·•¨•s–¾-182,,
19384-0900-22.zip,202202141041,’†‹–€ŒSº˜a’¬‰Ÿ‰z,’·‹·•¨•s–¾-185,,
19384-0900-22.zip,202202141041,’†‹–€ŒSº˜a’¬‰Ÿ‰z,’·‹·•¨•s–¾-186,,
19384-0900-22.zip,202202141041,’†‹–€ŒSº˜a’¬‰Ÿ‰z,’·‹·•¨•s–¾-187,,
19384-0900-22.zip,202202141041,’†‹–€ŒSº˜a’¬‰Ÿ‰z,’·‹·•¨•s–¾-188,,
19384-0900-22.zip,202202141041,’†‹–€ŒSº˜a’¬‰Ÿ‰z,’·‹·•¨•s–¾-190,,
19384-0900-22.zip,202202141041,’†‹–€ŒSº˜a’¬‰Ÿ‰z,1544,,
19384-0900-22.zip,202202141041,’†‹–€ŒSº˜a’¬‰Ÿ‰z,1545,,
19384-0900-22.zip,202202141041,’†‹–€ŒSº˜a’¬‰Ÿ‰z,1546,,
19384-0900-22.zip,202202141041,’†‹–€ŒSº˜a’¬‰Ÿ‰z,1547-1,,
19384-0900-22.zip,202202141041,’†‹–€ŒSº˜a’¬‰Ÿ‰z,1547-2,,
19384-0900-22.zip,202202141041,’†‹–€ŒSº˜a’¬‰Ÿ‰z,1547-3,,
19384-0900-22.zip,202202141041,’†‹–€ŒSº˜a’¬‰Ÿ‰z,1548-1,,
19384-0900-22.zip,202202141041,’†‹–€ŒSº˜a’¬‰Ÿ‰z,1548-2,,
19384-0900-22.zip,202202141041,’†‹–€ŒSº˜a’¬‰Ÿ‰z,1548-3,,
19384-0900-22.zip,202202141041,’†‹–€ŒSº˜a’¬‰Ÿ‰z,1548-4,,
19384-0900-22.zip,202202141041,’†‹–€ŒSº˜a’¬‰Ÿ‰z,1548-5,,
19384-0900-22.zip,202202141041,’†‹–€ŒSº˜a’¬‰Ÿ‰z,1548-6,,
19384-0900-22.zip,202202141041,’†‹–€ŒSº˜a’¬‰Ÿ‰z,1548-7,,
19384-0900-22.zip,202202141041,’†‹–€ŒSº˜a’¬‰Ÿ‰z,1548-8,,
19384-0900-22.zip,202202141041,’†‹–€ŒSº˜a’¬‰Ÿ‰z,1549-1,,
19384-0900-22.zip,202202141041,’†‹–€ŒSº˜a’¬‰Ÿ‰z,1549-2,,
19384-0900-22.zip,202202141041,’†‹–€ŒSº˜a’¬‰Ÿ‰z,1549-3,,
19384-0900-22.zip,202202141041,’†‹–€ŒSº˜a’¬‰Ÿ‰z,1549-4,,
19384-0900-22.zip,202202141041,’†‹–€ŒSº˜a’¬‰Ÿ‰z,1550-2,,
19384-0900-22.zip,202202141041,’†‹–€ŒSº˜a’¬‰Ÿ‰z,1550-3,,
19384-0900-22.zip,202202141041,’†‹–€ŒSº˜a’¬‰Ÿ‰z,1551,,
19384-0900-22.zip,202202141041,’†‹–€ŒSº˜a’¬‰Ÿ‰z,1552-1,,
19384-0900-22.zip,202202141041,’†‹–€ŒSº˜a’¬‰Ÿ‰z,1552-2,,
19384-0900-22.zip,202202141041,’†‹–€ŒSº˜a’¬‰Ÿ‰z,1552-3,,
19384-0900-22.zip,202202141041,’†‹–€ŒSº˜a’¬‰Ÿ‰z,1552-5,,
19384-0900-22.zip,202202141041,’†‹–€ŒSº˜a’¬‰Ÿ‰z,1552-6,,
19384-0900-22.zip,202202141041,’†‹–€ŒSº˜a’¬‰Ÿ‰z,1553-1,,
19384-0900-22.zip,202202141041,’†‹–€ŒSº˜a’¬‰Ÿ‰z,1553-2,,
19384-0900-22.zip,202202141041,’†‹–€ŒSº˜a’¬‰Ÿ‰z,1553-3,,
19384-0900-22.zip,202202141041,’†‹–€ŒSº˜a’¬‰Ÿ‰z,1553-4,,
19384-0900-22.zip,202202141041,’†‹–€ŒSº˜a’¬‰Ÿ‰z,1554,,
19384-0900-22.zip,202202141041,’†‹–€ŒSº˜a’¬‰Ÿ‰z,1555,,
19384-0900-22.zip,202202141041,’†‹–€ŒSº˜a’¬‰Ÿ‰z,1556,,
19384-0900-22.zip,202202141041,’†‹–€ŒSº˜a’¬‰Ÿ‰z,1557-1,,
19384-0900-22.zip,202202141041,’†‹–€ŒSº˜a’¬‰Ÿ‰z,1557-2,,
19384-0900-22.zip,202202141041,’†‹–€ŒSº˜a’¬‰Ÿ‰z,1558-1,,
19384-0900-22.zip,202202141041,’†‹–€ŒSº˜a’¬‰Ÿ‰z,1558-2,,
19384-0900-22.zip,202202141041,’†‹–€ŒSº˜a’¬‰Ÿ‰z,1558-3,,
19384-0900-22.zip,202202141041,’†‹–€ŒSº˜a’¬‰Ÿ‰z,1559-1,,
19384-0900-22.zip,202202141041,’†‹–€ŒSº˜a’¬‰Ÿ‰z,1559-2,,
19384-0900-22.zip,202202141041,’†‹–€ŒSº˜a’¬‰Ÿ‰z,1559-3,,
19384-0900-22.zip,202202141041,’†‹–€ŒSº˜a’¬‰Ÿ‰z,1559-5,,
19384-0900-22.zip,202202141041,’†‹–€ŒSº˜a’¬‰Ÿ‰z,1559-6,,
19384-0900-22.zip,202202141041,’†‹–€ŒSº˜a’¬‰Ÿ‰z,1559-7,,
19384-0900-22.zip,202202141041,’†‹–€ŒSº˜a’¬‰Ÿ‰z,1560-1,,
19384-0900-22.zip,202202141041,’†‹–€ŒSº˜a’¬‰Ÿ‰z,1560-2,,
19384-0900-22.zip,202202141041,’†‹–€ŒSº˜a’¬‰Ÿ‰z,1560-3,,
19384-0900-22.zip,202202141041,’†‹–€ŒSº˜a’¬‰Ÿ‰z,1560-4,,
19384-0900-22.zip,202202141041,’†‹–€ŒSº˜a’¬‰Ÿ‰z,1560-5,,
19384-0900-22.zip,202202141041,’†‹–€ŒSº˜a’¬‰Ÿ‰z,1561-1,,
19384-0900-22.zip,202202141041,’†‹–€ŒSº˜a’¬‰Ÿ‰z,1561-2,,
19384-0900-22.zip,202202141041,’†‹–€ŒSº˜a’¬‰Ÿ‰z,1561-3,,
19384-0900-22.zip,202202141041,’†‹–€ŒSº˜a’¬‰Ÿ‰z,1561-5,,
19384-0900-22.zip,202202141041,’†‹–€ŒSº˜a’¬‰Ÿ‰z,1561-6,,
19384-0900-22.zip,202202141041,’†‹–€ŒSº˜a’¬‰Ÿ‰z,1561-7,,
19384-0900-22.zip,202202141041,’†‹–€ŒSº˜a’¬‰Ÿ‰z,1561-8,,
19384-0900-22.zip,202202141041,’†‹–€ŒSº˜a’¬‰Ÿ‰z,1561-9,,
19384-0900-22.zip,202202141041,’†‹–€ŒSº˜a’¬‰Ÿ‰z,1561-10,,
19384-0900-22.zip,202202141041,’†‹–€ŒSº˜a’¬‰Ÿ‰z,1561-11,,
19384-0900-22.zip,202202141041,’†‹–€ŒSº˜a’¬‰Ÿ‰z,1561-12,,
19384-0900-22.zip,202202141041,’†‹–€ŒSº˜a’¬‰Ÿ‰z,1562,,
19384-0900-22.zip,202202141041,’†‹–€ŒSº˜a’¬‰Ÿ‰z,1563-1,,
19384-0900-22.zip,202202141041,’†‹–€ŒSº˜a’¬‰Ÿ‰z,1563-2,,
19384-0900-22.zip,202202141041,’†‹–€ŒSº˜a’¬‰Ÿ‰z,1564-2,,
19384-0900-22.zip,202202141041,’†‹–€ŒSº˜a’¬‰Ÿ‰z,1564-3,,
19384-0900-22.zip,202202141041,’†‹–€ŒSº˜a’¬‰Ÿ‰z,1565-1,,
19384-0900-22.zip,202202141041,’†‹–€ŒSº˜a’¬‰Ÿ‰z,1565-2,,
19384-0900-22.zip,202202141041,’†‹–€ŒSº˜a’¬‰Ÿ‰z,1565-3,,
19384-0900-22.zip,202202141041,’†‹–€ŒSº˜a’¬‰Ÿ‰z,1566-1,,
19384-0900-22.zip,202202141041,’†‹–€ŒSº˜a’¬‰Ÿ‰z,1566-2,,
19384-0900-22.zip,202202141041,’†‹–€ŒSº˜a’¬‰Ÿ‰z,1566-3,,
19384-0900-22.zip,202202141041,’†‹–€ŒSº˜a’¬‰Ÿ‰z,1567-2,,
19384-0900-22.zip,202202141041,’†‹–€ŒSº˜a’¬‰Ÿ‰z,1567-3,,
19384-0900-22.zip,202202141041,’†‹–€ŒSº˜a’¬‰Ÿ‰z,1568,,
19384-0900-22.zip,202202141041,’†‹–€ŒSº˜a’¬‰Ÿ‰z,1570,,
19384-0900-22.zip,202202141041,’†‹–€ŒSº˜a’¬‰Ÿ‰z,1571,,
19384-0900-22.zip,202202141041,’†‹–€ŒSº˜a’¬‰Ÿ‰z,1573,,
19384-0900-22.zip,202202141041,’†‹–€ŒSº˜a’¬‰Ÿ‰z,1575,,
19384-0900-22.zip,202202141041,’†‹–€ŒSº˜a’¬‰Ÿ‰z,1578-1,,
19384-0900-22.zip,202202141041,’†‹–€ŒSº˜a’¬‰Ÿ‰z,1578-2,,
19384-0900-22.zip,202202141041,’†‹–€ŒSº˜a’¬‰Ÿ‰z,1579,,
19384-0900-22.zip,202202141041,’†‹–€ŒSº˜a’¬‰Ÿ‰z,1580,,
19384-0900-22.zip,202202141041,’†‹–€ŒSº˜a’¬‰Ÿ‰z,1581-1,,
19384-0900-22.zip,202202141041,’†‹–€ŒSº˜a’¬‰Ÿ‰z,1581-2,,
19384-0900-22.zip,202202141041,’†‹–€ŒSº˜a’¬‰Ÿ‰z,“¹-392,,
19384-0900-22.zip,202202141041,’†‹–€ŒSº˜a’¬‰Ÿ‰z,“¹-407,,
19384-0900-22.zip,202202141041,’†‹–€ŒSº˜a’¬‰Ÿ‰z,…-447,,
19384-0900-22.zip,202202141041,’†‹–€ŒSº˜a’¬‰Ÿ‰z,1587,,
19384-0900-22.zip,202202141041,’†‹–€ŒSº˜a’¬‰Ÿ‰z,1588-1,,
19384-0900-22.zip,202202141041,’†‹–€ŒSº˜a’¬‰Ÿ‰z,1588-3,,
19384-0900-22.zip,202202141041,’†‹–€ŒSº˜a’¬‰Ÿ‰z,1589,,
19384-0900-22.zip,202202141041,’†‹–€ŒSº˜a’¬‰Ÿ‰z,1589-2,,
19384-0900-22.zip,202202141041,’†‹–€ŒSº˜a’¬‰Ÿ‰z,1590,,
19384-0900-22.zip,202202141041,’†‹–€ŒSº˜a’¬‰Ÿ‰z,1594,,
19384-0900-22.zip,202202141041,’†‹–€ŒSº˜a’¬‰Ÿ‰z,1595-3,,
19384-0900-22.zip,202202141041,’†‹–€ŒSº˜a’¬‰Ÿ‰z,1595-4,,
19384-0900-22.zip,202202141041,’†‹–€ŒSº˜a’¬‰Ÿ‰z,1595-5,,
19384-0900-22.zip,202202141041,’†‹–€ŒSº˜a’¬‰Ÿ‰z,1596-3,,
19384-0900-22.zip,202202141041,’†‹–€ŒSº˜a’¬‰Ÿ‰z,1596-4,,
19384-0900-22.zip,202202141041,’†‹–€ŒSº˜a’¬‰Ÿ‰z,1596-5,,
19384-0900-22.zip,202202141041,’†‹–€ŒSº˜a’¬‰Ÿ‰z,1597-1,,
19384-0900-22.zip,202202141041,’†‹–€ŒSº˜a’¬‰Ÿ‰z,1597-2,,
19384-0900-22.zip,202202141041,’†‹–€ŒSº˜a’¬‰Ÿ‰z,1597-3,,
19384-0900-22.zip,202202141041,’†‹–€ŒSº˜a’¬‰Ÿ‰z,1597-4,,
19384-0900-22.zip,202202141041,’†‹–€ŒSº˜a’¬‰Ÿ‰z,1598-1,,
19384-0900-22.zip,202202141041,’†‹–€ŒSº˜a’¬‰Ÿ‰z,1598-2,,
19384-0900-22.zip,202202141041,’†‹–€ŒSº˜a’¬‰Ÿ‰z,1598-5,,
19384-0900-22.zip,202202141041,’†‹–€ŒSº˜a’¬‰Ÿ‰z,1598-6,,
19384-0900-22.zip,202202141041,’†‹–€ŒSº˜a’¬‰Ÿ‰z,1598-7,,
19384-0900-22.zip,202202141041,’†‹–€ŒSº˜a’¬‰Ÿ‰z,1598-8,,
19384-0900-22.zip,202202141041,’†‹–€ŒSº˜a’¬‰Ÿ‰z,1599-1,,
19384-0900-22.zip,202202141041,’†‹–€ŒSº˜a’¬‰Ÿ‰z,1599-3,,
19384-0900-22.zip,202202141041,’†‹–€ŒSº˜a’¬‰Ÿ‰z,1599-4,,
19384-0900-22.zip,202202141041,’†‹–€ŒSº˜a’¬‰Ÿ‰z,1599-5,,
19384-0900-22.zip,202202141041,’†‹–€ŒSº˜a’¬‰Ÿ‰z,1599-6,,
19384-0900-22.zip,202202141041,’†‹–€ŒSº˜a’¬‰Ÿ‰z,1599-7,,
19384-0900-22.zip,202202141041,’†‹–€ŒSº˜a’¬‰Ÿ‰z,1599-8,,
19384-0900-22.zip,202202141041,’†‹–€ŒSº˜a’¬‰Ÿ‰z,1599-9,,
19384-0900-22.zip,202202141041,’†‹–€ŒSº˜a’¬‰Ÿ‰z,1599-10,,
19384-0900-22.zip,202202141041,’†‹–€ŒSº˜a’¬‰Ÿ‰z,1600-1,,
19384-0900-22.zip,202202141041,’†‹–€ŒSº˜a’¬‰Ÿ‰z,1600-2,,
19384-0900-22.zip,202202141041,’†‹–€ŒSº˜a’¬‰Ÿ‰z,1600-3,,
19384-0900-22.zip,202202141041,’†‹–€ŒSº˜a’¬‰Ÿ‰z,1601-1,,
19384-0900-22.zip,202202141041,’†‹–€ŒSº˜a’¬‰Ÿ‰z,1601-2,,
19384-0900-22.zip,202202141041,’†‹–€ŒSº˜a’¬‰Ÿ‰z,1601-3,,
19384-0900-22.zip,202202141041,’†‹–€ŒSº˜a’¬‰Ÿ‰z,1601-4,,
19384-0900-22.zip,202202141041,’†‹–€ŒSº˜a’¬‰Ÿ‰z,1601-7,,
19384-0900-22.zip,202202141041,’†‹–€ŒSº˜a’¬‰Ÿ‰z,1602-1,,
19384-0900-22.zip,202202141041,’†‹–€ŒSº˜a’¬‰Ÿ‰z,1602-2,,
19384-0900-22.zip,202202141041,’†‹–€ŒSº˜a’¬‰Ÿ‰z,1602-4,,
19384-0900-22.zip,202202141041,’†‹–€ŒSº˜a’¬‰Ÿ‰z,1602-5,,
19384-0900-22.zip,202202141041,’†‹–€ŒSº˜a’¬‰Ÿ‰z,1602-6,,
19384-0900-22.zip,202202141041,’†‹–€ŒSº˜a’¬‰Ÿ‰z,1603-1,,
19384-0900-22.zip,202202141041,’†‹–€ŒSº˜a’¬‰Ÿ‰z,1603-2,,
19384-0900-22.zip,202202141041,’†‹–€ŒSº˜a’¬‰Ÿ‰z,1603-3,,
19384-0900-22.zip,202202141041,’†‹–€ŒSº˜a’¬‰Ÿ‰z,1603-4,,
19384-0900-22.zip,202202141041,’†‹–€ŒSº˜a’¬‰Ÿ‰z,1603-5,,
19384-0900-22.zip,202202141041,’†‹–€ŒSº˜a’¬‰Ÿ‰z,1603-6,,
19384-0900-22.zip,202202141041,’†‹–€ŒSº˜a’¬‰Ÿ‰z,1603-7,,
19384-0900-22.zip,202202141041,’†‹–€ŒSº˜a’¬‰Ÿ‰z,1603-8,,
19384-0900-22.zip,202202141041,’†‹–€ŒSº˜a’¬‰Ÿ‰z,1604,,
19384-0900-22.zip,202202141041,’†‹–€ŒSº˜a’¬‰Ÿ‰z,1605-1,,
19384-0900-22.zip,202202141041,’†‹–€ŒSº˜a’¬‰Ÿ‰z,1605-2,,
19384-0900-22.zip,202202141041,’†‹–€ŒSº˜a’¬‰Ÿ‰z,1605-3,,
19384-0900-22.zip,202202141041,’†‹–€ŒSº˜a’¬‰Ÿ‰z,1605-4,,
19384-0900-22.zip,202202141041,’†‹–€ŒSº˜a’¬‰Ÿ‰z,1605-5,,
19384-0900-22.zip,202202141041,’†‹–€ŒSº˜a’¬‰Ÿ‰z,1605-6,,
19384-0900-22.zip,202202141041,’†‹–€ŒSº˜a’¬‰Ÿ‰z,1605-7,,
19384-0900-22.zip,202202141041,’†‹–€ŒSº˜a’¬‰Ÿ‰z,1605-8,,
19384-0900-22.zip,202202141041,’†‹–€ŒSº˜a’¬‰Ÿ‰z,1606-1,,
19384-0900-22.zip,202202141041,’†‹–€ŒSº˜a’¬‰Ÿ‰z,1606-2,,
19384-0900-22.zip,202202141041,’†‹–€ŒSº˜a’¬‰Ÿ‰z,1606-3,,
19384-0900-22.zip,202202141041,’†‹–€ŒSº˜a’¬‰Ÿ‰z,1606-4,,
19384-0900-22.zip,202202141041,’†‹–€ŒSº˜a’¬‰Ÿ‰z,1606-7,,
19384-0900-22.zip,202202141041,’†‹–€ŒSº˜a’¬‰Ÿ‰z,1606-8,,
19384-0900-22.zip,202202141041,’†‹–€ŒSº˜a’¬‰Ÿ‰z,1606-9,,
19384-0900-22.zip,202202141041,’†‹–€ŒSº˜a’¬‰Ÿ‰z,1606-10,,
19384-0900-22.zip,202202141041,’†‹–€ŒSº˜a’¬‰Ÿ‰z,1606-11,,
19384-0900-22.zip,202202141041,’†‹–€ŒSº˜a’¬‰Ÿ‰z,1606-12,,
19384-0900-22.zip,202202141041,’†‹–€ŒSº˜a’¬‰Ÿ‰z,1606-13,,
19384-0900-22.zip,202202141041,’†‹–€ŒSº˜a’¬‰Ÿ‰z,1606-14,,
19384-0900-22.zip,202202141041,’†‹–€ŒSº˜a’¬‰Ÿ‰z,1607-1,,
19384-0900-22.zip,202202141041,’†‹–€ŒSº˜a’¬‰Ÿ‰z,1607-2,,
19384-0900-22.zip,202202141041,’†‹–€ŒSº˜a’¬‰Ÿ‰z,1607-3,,
19384-0900-22.zip,202202141041,’†‹–€ŒSº˜a’¬‰Ÿ‰z,1607-4,,
19384-0900-22.zip,202202141041,’†‹–€ŒSº˜a’¬‰Ÿ‰z,1607-5,,
19384-0900-22.zip,202202141041,’†‹–€ŒSº˜a’¬‰Ÿ‰z,1607-6,,
19384-0900-22.zip,202202141041,’†‹–€ŒSº˜a’¬‰Ÿ‰z,1607-7,,
19384-0900-22.zip,202202141041,’†‹–€ŒSº˜a’¬‰Ÿ‰z,1608-1,,
19384-0900-22.zip,202202141041,’†‹–€ŒSº˜a’¬‰Ÿ‰z,1608-2,,
19384-0900-22.zip,202202141041,’†‹–€ŒSº˜a’¬‰Ÿ‰z,1609-3,,
19384-0900-22.zip,202202141041,’†‹–€ŒSº˜a’¬‰Ÿ‰z,1613-4,,
19384-0900-22.zip,202202141041,’†‹–€ŒSº˜a’¬‰Ÿ‰z,1613-5,,
19384-0900-22.zip,202202141041,’†‹–€ŒSº˜a’¬‰Ÿ‰z,1613-6,,
19384-0900-22.zip,202202141041,’†‹–€ŒSº˜a’¬‰Ÿ‰z,1613-7,,
19384-0900-22.zip,202202141041,’†‹–€ŒSº˜a’¬‰Ÿ‰z,1613-8,,
19384-0900-22.zip,202202141041,’†‹–€ŒSº˜a’¬‰Ÿ‰z,1613-9,,
19384-0900-22.zip,202202141041,’†‹–€ŒSº˜a’¬‰Ÿ‰z,1613-10,,
19384-0900-22.zip,202202141041,’†‹–€ŒSº˜a’¬‰Ÿ‰z,1613-11,,
19384-0900-22.zip,202202141041,’†‹–€ŒSº˜a’¬‰Ÿ‰z,1613-12,,
19384-0900-22.zip,202202141041,’†‹–€ŒSº˜a’¬‰Ÿ‰z,1613-13,,
19384-0900-22.zip,202202141041,’†‹–€ŒSº˜a’¬‰Ÿ‰z,1613-14,,
19384-0900-22.zip,202202141041,’†‹–€ŒSº˜a’¬‰Ÿ‰z,1613-15,,
19384-0900-22.zip,202202141041,’†‹–€ŒSº˜a’¬‰Ÿ‰z,1618,,
19384-0900-22.zip,202202141041,’†‹–€ŒSº˜a’¬‰Ÿ‰z,1620-2,,
19384-0900-22.zip,202202141041,’†‹–€ŒSº˜a’¬‰Ÿ‰z,1621-1,,
19384-0900-22.zip,202202141041,’†‹–€ŒSº˜a’¬‰Ÿ‰z,1621-2,,
19384-0900-22.zip,202202141041,’†‹–€ŒSº˜a’¬‰Ÿ‰z,1622,,
19384-0900-22.zip,202202141041,’†‹–€ŒSº˜a’¬‰Ÿ‰z,1623-1,,
19384-0900-22.zip,202202141041,’†‹–€ŒSº˜a’¬‰Ÿ‰z,1625,,
19384-0900-22.zip,202202141041,’†‹–€ŒSº˜a’¬‰Ÿ‰z,1630-1,,
19384-0900-22.zip,202202141041,’†‹–€ŒSº˜a’¬‰Ÿ‰z,1630-2,,
19384-0900-22.zip,202202141041,’†‹–€ŒSº˜a’¬‰Ÿ‰z,1630-4,,
19384-0900-22.zip,202202141041,’†‹–€ŒSº˜a’¬‰Ÿ‰z,1631,,
19384-0900-22.zip,202202141041,’†‹–€ŒSº˜a’¬‰Ÿ‰z,1632,,
19384-0900-22.zip,202202141041,’†‹–€ŒSº˜a’¬‰Ÿ‰z,1633,,
19384-0900-22.zip,202202141041,’†‹–€ŒSº˜a’¬‰Ÿ‰z,1634,,
19384-0900-22.zip,202202141041,’†‹–€ŒSº˜a’¬‰Ÿ‰z,1635,,
19384-0900-22.zip,202202141041,’†‹–€ŒSº˜a’¬‰Ÿ‰z,1637,,
19384-0900-22.zip,202202141041,’†‹–€ŒSº˜a’¬‰Ÿ‰z,1638,,
19384-0900-22.zip,202202141041,’†‹–€ŒSº˜a’¬‰Ÿ‰z,1639,,
19384-0900-22.zip,202202141041,’†‹–€ŒSº˜a’¬‰Ÿ‰z,1640-2,,
19384-0900-22.zip,202202141041,’†‹–€ŒSº˜a’¬‰Ÿ‰z,1640-3,,
19384-0900-22.zip,202202141041,’†‹–€ŒSº˜a’¬‰Ÿ‰z,1645-1,,
19384-0900-22.zip,202202141041,’†‹–€ŒSº˜a’¬‰Ÿ‰z,1647-1,,
19384-0900-22.zip,202202141041,’†‹–€ŒSº˜a’¬‰Ÿ‰z,1647-2,,
19384-0900-22.zip,202202141041,’†‹–€ŒSº˜a’¬‰Ÿ‰z,1647-4,,
19384-0900-22.zip,202202141041,’†‹–€ŒSº˜a’¬‰Ÿ‰z,1647-5,,
19384-0900-22.zip,202202141041,’†‹–€ŒSº˜a’¬‰Ÿ‰z,1647-6,,
19384-0900-22.zip,202202141041,’†‹–€ŒSº˜a’¬‰Ÿ‰z,1647-7,,
19384-0900-22.zip,202202141041,’†‹–€ŒSº˜a’¬‰Ÿ‰z,1649-1,,
19384-0900-22.zip,202202141041,’†‹–€ŒSº˜a’¬‰Ÿ‰z,“¹-25,,
19384-0900-22.zip,202202141041,’†‹–€ŒSº˜a’¬‰Ÿ‰z,…-490,,
19384-0900-22.zip,202202141041,’†‹–€ŒSº˜a’¬‰Ÿ‰z,…-524,,
19384-0900-22.zip,202202141041,’†‹–€ŒSº˜a’¬‰Ÿ‰z,…-551,,
19384-0900-22.zip,202202141041,’†‹–€ŒSº˜a’¬‰Ÿ‰z,1651,,
19384-0900-22.zip,202202141041,’†‹–€ŒSº˜a’¬‰Ÿ‰z,1651-2,,
19384-0900-22.zip,202202141041,’†‹–€ŒSº˜a’¬‰Ÿ‰z,1653-2,,
19384-0900-22.zip,202202141041,’†‹–€ŒSº˜a’¬‰Ÿ‰z,1653-3,,
19384-0900-22.zip,202202141041,’†‹–€ŒSº˜a’¬‰Ÿ‰z,1656-1,,
19384-0900-22.zip,202202141041,’†‹–€ŒSº˜a’¬‰Ÿ‰z,1656-2,,
19384-0900-22.zip,202202141041,’†‹–€ŒSº˜a’¬‰Ÿ‰z,1657,,
19384-0900-22.zip,202202141041,’†‹–€ŒSº˜a’¬‰Ÿ‰z,1658-1,,
19384-0900-22.zip,202202141041,’†‹–€ŒSº˜a’¬‰Ÿ‰z,1658-2,,
19384-0900-22.zip,202202141041,’†‹–€ŒSº˜a’¬‰Ÿ‰z,1658-3,,
19384-0900-22.zip,202202141041,’†‹–€ŒSº˜a’¬‰Ÿ‰z,1658-4,,
19384-0900-22.zip,202202141041,’†‹–€ŒSº˜a’¬‰Ÿ‰z,1658-5,,
19384-0900-22.zip,202202141041,’†‹–€ŒSº˜a’¬‰Ÿ‰z,1658-6,,
19384-0900-22.zip,202202141041,’†‹–€ŒSº˜a’¬‰Ÿ‰z,1658-7,,
19384-0900-22.zip,202202141041,’†‹–€ŒSº˜a’¬‰Ÿ‰z,1659-3,,
19384-0900-22.zip,202202141041,’†‹–€ŒSº˜a’¬‰Ÿ‰z,1660-2,,
19384-0900-22.zip,202202141041,’†‹–€ŒSº˜a’¬‰Ÿ‰z,1660-4,,
19384-0900-22.zip,202202141041,’†‹–€ŒSº˜a’¬‰Ÿ‰z,1660-5,,
19384-0900-22.zip,202202141041,’†‹–€ŒSº˜a’¬‰Ÿ‰z,1661-1,,
19384-0900-22.zip,202202141041,’†‹–€ŒSº˜a’¬‰Ÿ‰z,1661-2,,
19384-0900-22.zip,202202141041,’†‹–€ŒSº˜a’¬‰Ÿ‰z,1662-3,,
19384-0900-22.zip,202202141041,’†‹–€ŒSº˜a’¬‰Ÿ‰z,1663-3,,
19384-0900-22.zip,202202141041,’†‹–€ŒSº˜a’¬‰Ÿ‰z,1666-1,,
19384-0900-22.zip,202202141041,’†‹–€ŒSº˜a’¬‰Ÿ‰z,1666-2,,
19384-0900-22.zip,202202141041,’†‹–€ŒSº˜a’¬‰Ÿ‰z,1667-3,,
19384-0900-22.zip,202202141041,’†‹–€ŒSº˜a’¬‰Ÿ‰z,1668-1,,
19384-0900-22.zip,202202141041,’†‹–€ŒSº˜a’¬‰Ÿ‰z,1668-2,,
19384-0900-22.zip,202202141041,’†‹–€ŒSº˜a’¬‰Ÿ‰z,1670-2,,
19384-0900-22.zip,202202141041,’†‹–€ŒSº˜a’¬‰Ÿ‰z,1670-3,,
19384-0900-22.zip,202202141041,’†‹–€ŒSº˜a’¬‰Ÿ‰z,1670-4,,
19384-0900-22.zip,202202141041,’†‹–€ŒSº˜a’¬‰Ÿ‰z,1670-5,,
19384-0900-22.zip,202202141041,’†‹–€ŒSº˜a’¬‰Ÿ‰z,1672-1,,
19384-0900-22.zip,202202141041,’†‹–€ŒSº˜a’¬‰Ÿ‰z,1672-2,,
19384-0900-22.zip,202202141041,’†‹–€ŒSº˜a’¬‰Ÿ‰z,1672-3,,
19384-0900-22.zip,202202141041,’†‹–€ŒSº˜a’¬‰Ÿ‰z,1672-4,,
19384-0900-22.zip,202202141041,’†‹–€ŒSº˜a’¬‰Ÿ‰z,“¹-355,,
19384-0900-22.zip,202202141041,’†‹–€ŒSº˜a’¬‰Ÿ‰z,“¹-403,,
19384-0900-22.zip,202202141041,’†‹–€ŒSº˜a’¬‰Ÿ‰z,…-454,,
19384-0900-22.zip,202202141041,’†‹–€ŒSº˜a’¬‰Ÿ‰z,…-477,,
19384-0900-22.zip,202202141041,’†‹–€ŒSº˜a’¬‰Ÿ‰z,…-495,,
19384-0900-22.zip,202202141041,’†‹–€ŒSº˜a’¬‰Ÿ‰z,…-521,,
19384-0900-22.zip,202202141041,’†‹–€ŒSº˜a’¬‰Ÿ‰z,…-540,,
19384-0900-22.zip,202202141041,’†‹–€ŒSº˜a’¬‰Ÿ‰z,…-558-1,,
19384-0900-22.zip,202202141041,’†‹–€ŒSº˜a’¬‰Ÿ‰z,…-572,,
19384-0900-22.zip,202202141041,’†‹–€ŒSº˜a’¬‰Ÿ‰z,1673-1,,
19384-0900-22.zip,202202141041,’†‹–€ŒSº˜a’¬‰Ÿ‰z,1673-3,,
19384-0900-22.zip,202202141041,’†‹–€ŒSº˜a’¬‰Ÿ‰z,1673-4,,
19384-0900-22.zip,202202141041,’†‹–€ŒSº˜a’¬‰Ÿ‰z,1673-6,,
19384-0900-22.zip,202202141041,’†‹–€ŒSº˜a’¬‰Ÿ‰z,1675-1,,
19384-0900-22.zip,202202141041,’†‹–€ŒSº˜a’¬‰Ÿ‰z,1680-1,,
19384-0900-22.zip,202202141041,’†‹–€ŒSº˜a’¬‰Ÿ‰z,1680-2,,
19384-0900-22.zip,202202141041,’†‹–€ŒSº˜a’¬‰Ÿ‰z,1680-3,,
19384-0900-22.zip,202202141041,’†‹–€ŒSº˜a’¬‰Ÿ‰z,1682-1,,
19384-0900-22.zip,202202141041,’†‹–€ŒSº˜a’¬‰Ÿ‰z,1682-2,,
19384-0900-22.zip,202202141041,’†‹–€ŒSº˜a’¬‰Ÿ‰z,1682-3,,
19384-0900-22.zip,202202141041,’†‹–€ŒSº˜a’¬‰Ÿ‰z,1682-4,,
19384-0900-22.zip,202202141041,’†‹–€ŒSº˜a’¬‰Ÿ‰z,1683-1,,
19384-0900-22.zip,202202141041,’†‹–€ŒSº˜a’¬‰Ÿ‰z,1683-2,,
19384-0900-22.zip,202202141041,’†‹–€ŒSº˜a’¬‰Ÿ‰z,1684-1,,
19384-0900-22.zip,202202141041,’†‹–€ŒSº˜a’¬‰Ÿ‰z,1684-2,,
19384-0900-22.zip,202202141041,’†‹–€ŒSº˜a’¬‰Ÿ‰z,1684-3,,
19384-0900-22.zip,202202141041,’†‹–€ŒSº˜a’¬‰Ÿ‰z,1684-5,,
19384-0900-22.zip,202202141041,’†‹–€ŒSº˜a’¬‰Ÿ‰z,1684-6,,
19384-0900-22.zip,202202141041,’†‹–€ŒSº˜a’¬‰Ÿ‰z,1684-7,,
19384-0900-22.zip,202202141041,’†‹–€ŒSº˜a’¬‰Ÿ‰z,1685-1,,
19384-0900-22.zip,202202141041,’†‹–€ŒSº˜a’¬‰Ÿ‰z,1685-2,,
19384-0900-22.zip,202202141041,’†‹–€ŒSº˜a’¬‰Ÿ‰z,1685-3,,
19384-0900-22.zip,202202141041,’†‹–€ŒSº˜a’¬‰Ÿ‰z,1685-4,,
19384-0900-22.zip,202202141041,’†‹–€ŒSº˜a’¬‰Ÿ‰z,1685-5,,
19384-0900-22.zip,202202141041,’†‹–€ŒSº˜a’¬‰Ÿ‰z,1686-1,,
19384-0900-22.zip,202202141041,’†‹–€ŒSº˜a’¬‰Ÿ‰z,1686-2,,
19384-0900-22.zip,202202141041,’†‹–€ŒSº˜a’¬‰Ÿ‰z,1687-1,,
19384-0900-22.zip,202202141041,’†‹–€ŒSº˜a’¬‰Ÿ‰z,1687-2,,
19384-0900-22.zip,202202141041,’†‹–€ŒSº˜a’¬‰Ÿ‰z,1687-3,,
19384-0900-22.zip,202202141041,’†‹–€ŒSº˜a’¬‰Ÿ‰z,1688-1,,
19384-0900-22.zip,202202141041,’†‹–€ŒSº˜a’¬‰Ÿ‰z,1688-2,,
19384-0900-22.zip,202202141041,’†‹–€ŒSº˜a’¬‰Ÿ‰z,1689-1,,
19384-0900-22.zip,202202141041,’†‹–€ŒSº˜a’¬‰Ÿ‰z,1689-2,,
19384-0900-22.zip,202202141041,’†‹–€ŒSº˜a’¬‰Ÿ‰z,1690,,
19384-0900-22.zip,202202141041,’†‹–€ŒSº˜a’¬‰Ÿ‰z,1691,,
19384-0900-22.zip,202202141041,’†‹–€ŒSº˜a’¬‰Ÿ‰z,1692-2,,
19384-0900-22.zip,202202141041,’†‹–€ŒSº˜a’¬‰Ÿ‰z,1693,,
19384-0900-22.zip,202202141041,’†‹–€ŒSº˜a’¬‰Ÿ‰z,1693-2,,
19384-0900-22.zip,202202141041,’†‹–€ŒSº˜a’¬‰Ÿ‰z,1694-2,,
19384-0900-22.zip,202202141041,’†‹–€ŒSº˜a’¬‰Ÿ‰z,1694-3,,
19384-0900-22.zip,202202141041,’†‹–€ŒSº˜a’¬‰Ÿ‰z,1694-4,,
19384-0900-22.zip,202202141041,’†‹–€ŒSº˜a’¬‰Ÿ‰z,1694-5,,
19384-0900-22.zip,202202141041,’†‹–€ŒSº˜a’¬‰Ÿ‰z,1694-6,,
19384-0900-22.zip,202202141041,’†‹–€ŒSº˜a’¬‰Ÿ‰z,1694-7,,
19384-0900-22.zip,202202141041,’†‹–€ŒSº˜a’¬‰Ÿ‰z,1696-1,,
19384-0900-22.zip,202202141041,’†‹–€ŒSº˜a’¬‰Ÿ‰z,1696-6,,
19384-0900-22.zip,202202141041,’†‹–€ŒSº˜a’¬‰Ÿ‰z,1697-1,,
19384-0900-22.zip,202202141041,’†‹–€ŒSº˜a’¬‰Ÿ‰z,1698,,
19384-0900-22.zip,202202141041,’†‹–€ŒSº˜a’¬‰Ÿ‰z,1699-1,,
19384-0900-22.zip,202202141041,’†‹–€ŒSº˜a’¬‰Ÿ‰z,1699-2,,
19384-0900-22.zip,202202141041,’†‹–€ŒSº˜a’¬‰Ÿ‰z,1699-3,,
19384-0900-22.zip,202202141041,’†‹–€ŒSº˜a’¬‰Ÿ‰z,1699-4,,
19384-0900-22.zip,202202141041,’†‹–€ŒSº˜a’¬‰Ÿ‰z,1700,,
19384-0900-22.zip,202202141041,’†‹–€ŒSº˜a’¬‰Ÿ‰z,1700-2,,
19384-0900-22.zip,202202141041,’†‹–€ŒSº˜a’¬‰Ÿ‰z,1701-1,,
19384-0900-22.zip,202202141041,’†‹–€ŒSº˜a’¬‰Ÿ‰z,1702-1,,
19384-0900-22.zip,202202141041,’†‹–€ŒSº˜a’¬‰Ÿ‰z,1702-5,,
19384-0900-22.zip,202202141041,’†‹–€ŒSº˜a’¬‰Ÿ‰z,–³’n”Ô-516,,
19384-0900-22.zip,202202141041,’†‹–€ŒSº˜a’¬‰Ÿ‰z,–³’n”Ô-517,,
19384-0900-22.zip,202202141041,’†‹–€ŒSº˜a’¬‰Ÿ‰z,“¹-50,,
19384-0900-22.zip,202202141041,’†‹–€ŒSº˜a’¬‰Ÿ‰z,…-7,,
19384-0900-22.zip,202202141041,’†‹–€ŒSº˜a’¬‰Ÿ‰z,…-542,,
19384-0900-22.zip,202202141041,’†‹–€ŒSº˜a’¬‰Ÿ‰z,…-562,,
19384-0900-22.zip,202202141041,’†‹–€ŒSº˜a’¬‰Ÿ‰z,’·‹·•¨•s–¾-20,,
19384-0900-22.zip,202202141041,’†‹–€ŒSº˜a’¬‰Ÿ‰z,’·‹·•¨•s–¾-179,,
19384-0900-22.zip,202202141041,’†‹–€ŒSº˜a’¬‰Ÿ‰z,1705,,
19384-0900-22.zip,202202141041,’†‹–€ŒSº˜a’¬‰Ÿ‰z,1707,,
19384-0900-22.zip,202202141041,’†‹–€ŒSº˜a’¬‰Ÿ‰z,1710-1,,
19384-0900-22.zip,202202141041,’†‹–€ŒSº˜a’¬‰Ÿ‰z,1710-3,,
19384-0900-22.zip,202202141041,’†‹–€ŒSº˜a’¬‰Ÿ‰z,1713-2,,
19384-0900-22.zip,202202141041,’†‹–€ŒSº˜a’¬‰Ÿ‰z,1713-3,,
19384-0900-22.zip,202202141041,’†‹–€ŒSº˜a’¬‰Ÿ‰z,1713-4,,
19384-0900-22.zip,202202141041,’†‹–€ŒSº˜a’¬‰Ÿ‰z,1722-1,,
19384-0900-22.zip,202202141041,’†‹–€ŒSº˜a’¬‰Ÿ‰z,1722-2,,
19384-0900-22.zip,202202141041,’†‹–€ŒSº˜a’¬‰Ÿ‰z,1722-3,,
19384-0900-22.zip,202202141041,’†‹–€ŒSº˜a’¬‰Ÿ‰z,1722-4,,
19384-0900-22.zip,202202141041,’†‹–€ŒSº˜a’¬‰Ÿ‰z,1725-1,,
19384-0900-22.zip,202202141041,’†‹–€ŒSº˜a’¬‰Ÿ‰z,1725-2,,
19384-0900-22.zip,202202141041,’†‹–€ŒSº˜a’¬‰Ÿ‰z,1732,,
19384-0900-22.zip,202202141041,’†‹–€ŒSº˜a’¬‰Ÿ‰z,1734,,
19384-0900-22.zip,202202141041,’†‹–€ŒSº˜a’¬‰Ÿ‰z,1736-1,,
19384-0900-22.zip,202202141041,’†‹–€ŒSº˜a’¬‰Ÿ‰z,1736-2,,
19384-0900-22.zip,202202141041,’†‹–€ŒSº˜a’¬‰Ÿ‰z,1736-3,,
19384-0900-22.zip,202202141041,’†‹–€ŒSº˜a’¬‰Ÿ‰z,1736-6,,
19384-0900-22.zip,202202141041,’†‹–€ŒSº˜a’¬‰Ÿ‰z,1736-9,,
19384-0900-22.zip,202202141041,’†‹–€ŒSº˜a’¬‰Ÿ‰z,1738,,
19384-0900-22.zip,202202141041,’†‹–€ŒSº˜a’¬‰Ÿ‰z,1759-2,,
19384-0900-22.zip,202202141041,’†‹–€ŒSº˜a’¬‰Ÿ‰z,1759-7,,
19384-0900-22.zip,202202141041,’†‹–€ŒSº˜a’¬‰Ÿ‰z,1759-8,,
19384-0900-22.zip,202202141041,’†‹–€ŒSº˜a’¬‰Ÿ‰z,2079-1,,
19384-0900-22.zip,202202141041,’†‹–€ŒSº˜a’¬‰Ÿ‰z,2085,,
19384-0900-22.zip,202202141041,’†‹–€ŒSº˜a’¬‰Ÿ‰z,2088,,
19384-0900-22.zip,202202141041,’†‹–€ŒSº˜a’¬‰Ÿ‰z,2090-1,,
19384-0900-22.zip,202202141041,’†‹–€ŒSº˜a’¬‰Ÿ‰z,2090-2,,
19384-0900-22.zip,202202141041,’†‹–€ŒSº˜a’¬‰Ÿ‰z,2090-3,,
19384-0900-22.zip,202202141041,’†‹–€ŒSº˜a’¬‰Ÿ‰z,2091-1,,
19384-0900-22.zip,202202141041,’†‹–€ŒSº˜a’¬‰Ÿ‰z,2091-3,,
19384-0900-22.zip,202202141041,’†‹–€ŒSº˜a’¬‰Ÿ‰z,2092,,
19384-0900-22.zip,202202141041,’†‹–€ŒSº˜a’¬‰Ÿ‰z,2093-1,,
19384-0900-22.zip,202202141041,’†‹–€ŒSº˜a’¬‰Ÿ‰z,2093-2,,
19384-0900-22.zip,202202141041,’†‹–€ŒSº˜a’¬‰Ÿ‰z,2093-4,,
19384-0900-22.zip,202202141041,’†‹–€ŒSº˜a’¬‰Ÿ‰z,2093-8,,
19384-0900-22.zip,202202141041,’†‹–€ŒSº˜a’¬‰Ÿ‰z,2093-9,,
19384-0900-22.zip,202202141041,’†‹–€ŒSº˜a’¬‰Ÿ‰z,2094-1,,
19384-0900-22.zip,202202141041,’†‹–€ŒSº˜a’¬‰Ÿ‰z,2094-2,,
19384-0900-22.zip,202202141041,’†‹–€ŒSº˜a’¬‰Ÿ‰z,2097,,
19384-0900-22.zip,202202141041,’†‹–€ŒSº˜a’¬‰Ÿ‰z,2099-1,,
19384-0900-22.zip,202202141041,’†‹–€ŒSº˜a’¬‰Ÿ‰z,2099-2,,
19384-0900-22.zip,202202141041,’†‹–€ŒSº˜a’¬‰Ÿ‰z,2099-3,,
19384-0900-22.zip,202202141041,’†‹–€ŒSº˜a’¬‰Ÿ‰z,2099-4,,
19384-0900-22.zip,202202141041,’†‹–€ŒSº˜a’¬‰Ÿ‰z,2101-1,,
19384-0900-22.zip,202202141041,’†‹–€ŒSº˜a’¬‰Ÿ‰z,2101-2,,
19384-0900-22.zip,202202141041,’†‹–€ŒSº˜a’¬‰Ÿ‰z,2102,,
19384-0900-22.zip,202202141041,’†‹–€ŒSº˜a’¬‰Ÿ‰z,2103-1,,
19384-0900-22.zip,202202141041,’†‹–€ŒSº˜a’¬‰Ÿ‰z,2105,,
19384-0900-22.zip,202202141041,’†‹–€ŒSº˜a’¬‰Ÿ‰z,2106,,
19384-0900-22.zip,202202141041,’†‹–€ŒSº˜a’¬‰Ÿ‰z,“¹-346,,
19384-0900-22.zip,202202141041,’†‹–€ŒSº˜a’¬‰Ÿ‰z,“¹-378,,
19384-0900-22.zip,202202141041,’†‹–€ŒSº˜a’¬‰Ÿ‰z,“¹-412,,
19384-0900-22.zip,202202141041,’†‹–€ŒSº˜a’¬‰Ÿ‰z,“¹-429,,
19384-0900-22.zip,202202141041,’†‹–€ŒSº˜a’¬‰Ÿ‰z,“¹-438,,
19384-0900-22.zip,202202141041,’†‹–€ŒSº˜a’¬‰Ÿ‰z,…-460,,
19384-0900-22.zip,202202141041,’†‹–€ŒSº˜a’¬‰Ÿ‰z,…-470,,
19384-0900-22.zip,202202141041,’†‹–€ŒSº˜a’¬‰Ÿ‰z,…-491,,
19384-0900-22.zip,202202141041,’†‹–€ŒSº˜a’¬‰Ÿ‰z,’·‹·•¨•s–¾-12,,
19384-0900-22.zip,202202141041,’†‹–€ŒSº˜a’¬‰Ÿ‰z,’·‹·•¨•s–¾-13,,
19384-0900-22.zip,202202141041,’†‹–€ŒSº˜a’¬‰Ÿ‰z,’·‹·•¨•s–¾-14,,
19384-0900-22.zip,202202141041,’†‹–€ŒSº˜a’¬‰Ÿ‰z,’·‹·•¨•s–¾-17,,
19384-0900-22.zip,202202141041,’†‹–€ŒSº˜a’¬‰Ÿ‰z,’·‹·•¨•s–¾-175,,
19384-0900-22.zip,202202141041,’†‹–€ŒSº˜a’¬‰Ÿ‰z,’·‹·•¨•s–¾-176,,
19384-0900-22.zip,202202141041,’†‹–€ŒSº˜a’¬‰Ÿ‰z,1870-1,,
19384-0900-22.zip,202202141041,’†‹–€ŒSº˜a’¬‰Ÿ‰z,1870-3,,
19384-0900-22.zip,202202141041,’†‹–€ŒSº˜a’¬‰Ÿ‰z,1870-4,,
19384-0900-22.zip,202202141041,’†‹–€ŒSº˜a’¬‰Ÿ‰z,1870-5,,
19384-0900-22.zip,202202141041,’†‹–€ŒSº˜a’¬‰Ÿ‰z,1870-6,,
19384-0900-22.zip,202202141041,’†‹–€ŒSº˜a’¬‰Ÿ‰z,1870-7,,
19384-0900-22.zip,202202141041,’†‹–€ŒSº˜a’¬‰Ÿ‰z,1871-4,,
19384-0900-22.zip,202202141041,’†‹–€ŒSº˜a’¬‰Ÿ‰z,1871-5,,
19384-0900-22.zip,202202141041,’†‹–€ŒSº˜a’¬‰Ÿ‰z,1872-2,,
19384-0900-22.zip,202202141041,’†‹–€ŒSº˜a’¬‰Ÿ‰z,1873-1,,
19384-0900-22.zip,202202141041,’†‹–€ŒSº˜a’¬‰Ÿ‰z,1873-2,,
19384-0900-22.zip,202202141041,’†‹–€ŒSº˜a’¬‰Ÿ‰z,1873-3,,
19384-0900-22.zip,202202141041,’†‹–€ŒSº˜a’¬‰Ÿ‰z,1873-4,,
19384-0900-22.zip,202202141041,’†‹–€ŒSº˜a’¬‰Ÿ‰z,1874-3,,
19384-0900-22.zip,202202141041,’†‹–€ŒSº˜a’¬‰Ÿ‰z,1875-2,,
19384-0900-22.zip,202202141041,’†‹–€ŒSº˜a’¬‰Ÿ‰z,1876-1,,
19384-0900-22.zip,202202141041,’†‹–€ŒSº˜a’¬‰Ÿ‰z,1876-2,,
19384-0900-22.zip,202202141041,’†‹–€ŒSº˜a’¬‰Ÿ‰z,1876-3,,
19384-0900-22.zip,202202141041,’†‹–€ŒSº˜a’¬‰Ÿ‰z,1878-1,,
19384-0900-22.zip,202202141041,’†‹–€ŒSº˜a’¬‰Ÿ‰z,1878-2,,
19384-0900-22.zip,202202141041,’†‹–€ŒSº˜a’¬‰Ÿ‰z,1879-1,,
19384-0900-22.zip,202202141041,’†‹–€ŒSº˜a’¬‰Ÿ‰z,1879-2,,
19384-0900-22.zip,202202141041,’†‹–€ŒSº˜a’¬‰Ÿ‰z,1880-1,,
19384-0900-22.zip,202202141041,’†‹–€ŒSº˜a’¬‰Ÿ‰z,1880-2,,
19384-0900-22.zip,202202141041,’†‹–€ŒSº˜a’¬‰Ÿ‰z,1881-1,,
19384-0900-22.zip,202202141041,’†‹–€ŒSº˜a’¬‰Ÿ‰z,1881-2,,
19384-0900-22.zip,202202141041,’†‹–€ŒSº˜a’¬‰Ÿ‰z,1882,,
19384-0900-22.zip,202202141041,’†‹–€ŒSº˜a’¬‰Ÿ‰z,1883,,
19384-0900-22.zip,202202141041,’†‹–€ŒSº˜a’¬‰Ÿ‰z,1884-1,,
19384-0900-22.zip,202202141041,’†‹–€ŒSº˜a’¬‰Ÿ‰z,1884-2,,
19384-0900-22.zip,202202141041,’†‹–€ŒSº˜a’¬‰Ÿ‰z,1885-1,,
19384-0900-22.zip,202202141041,’†‹–€ŒSº˜a’¬‰Ÿ‰z,1885-2,,
19384-0900-22.zip,202202141041,’†‹–€ŒSº˜a’¬‰Ÿ‰z,1886-1,,
19384-0900-22.zip,202202141041,’†‹–€ŒSº˜a’¬‰Ÿ‰z,1886-2,,
19384-0900-22.zip,202202141041,’†‹–€ŒSº˜a’¬‰Ÿ‰z,1889-1,,
19384-0900-22.zip,202202141041,’†‹–€ŒSº˜a’¬‰Ÿ‰z,1889-2,,
19384-0900-22.zip,202202141041,’†‹–€ŒSº˜a’¬‰Ÿ‰z,1890-2,,
19384-0900-22.zip,202202141041,’†‹–€ŒSº˜a’¬‰Ÿ‰z,1890-3,,
19384-0900-22.zip,202202141041,’†‹–€ŒSº˜a’¬‰Ÿ‰z,1890-4,,
19384-0900-22.zip,202202141041,’†‹–€ŒSº˜a’¬‰Ÿ‰z,1890-5,,
19384-0900-22.zip,202202141041,’†‹–€ŒSº˜a’¬‰Ÿ‰z,1890-6,,
19384-0900-22.zip,202202141041,’†‹–€ŒSº˜a’¬‰Ÿ‰z,1891-1,,
19384-0900-22.zip,202202141041,’†‹–€ŒSº˜a’¬‰Ÿ‰z,1891-2,,
19384-0900-22.zip,202202141041,’†‹–€ŒSº˜a’¬‰Ÿ‰z,1891-3,,
19384-0900-22.zip,202202141041,’†‹–€ŒSº˜a’¬‰Ÿ‰z,1891-4,,
19384-0900-22.zip,202202141041,’†‹–€ŒSº˜a’¬‰Ÿ‰z,1891-5,,
19384-0900-22.zip,202202141041,’†‹–€ŒSº˜a’¬‰Ÿ‰z,1891-7,,
19384-0900-22.zip,202202141041,’†‹–€ŒSº˜a’¬‰Ÿ‰z,1891-8,,
19384-0900-22.zip,202202141041,’†‹–€ŒSº˜a’¬‰Ÿ‰z,1892-3,,
19384-0900-22.zip,202202141041,’†‹–€ŒSº˜a’¬‰Ÿ‰z,1893-2,,
19384-0900-22.zip,202202141041,’†‹–€ŒSº˜a’¬‰Ÿ‰z,1893-4,,
19384-0900-22.zip,202202141041,’†‹–€ŒSº˜a’¬‰Ÿ‰z,1894,,
19384-0900-22.zip,202202141041,’†‹–€ŒSº˜a’¬‰Ÿ‰z,1895-1,,
19384-0900-22.zip,202202141041,’†‹–€ŒSº˜a’¬‰Ÿ‰z,1895-2,,
19384-0900-22.zip,202202141041,’†‹–€ŒSº˜a’¬‰Ÿ‰z,1895-3,,
19384-0900-22.zip,202202141041,’†‹–€ŒSº˜a’¬‰Ÿ‰z,1895-4,,
19384-0900-22.zip,202202141041,’†‹–€ŒSº˜a’¬‰Ÿ‰z,1895-5,,
19384-0900-22.zip,202202141041,’†‹–€ŒSº˜a’¬‰Ÿ‰z,1895-6,,
19384-0900-22.zip,202202141041,’†‹–€ŒSº˜a’¬‰Ÿ‰z,1895-7,,
19384-0900-22.zip,202202141041,’†‹–€ŒSº˜a’¬‰Ÿ‰z,1896-1,,
19384-0900-22.zip,202202141041,’†‹–€ŒSº˜a’¬‰Ÿ‰z,1896-2,,
19384-0900-22.zip,202202141041,’†‹–€ŒSº˜a’¬‰Ÿ‰z,1896-3,,
19384-0900-22.zip,202202141041,’†‹–€ŒSº˜a’¬‰Ÿ‰z,1896-4,,
19384-0900-22.zip,202202141041,’†‹–€ŒSº˜a’¬‰Ÿ‰z,1896-5,,
19384-0900-22.zip,202202141041,’†‹–€ŒSº˜a’¬‰Ÿ‰z,1896-6,,
19384-0900-22.zip,202202141041,’†‹–€ŒSº˜a’¬‰Ÿ‰z,1896-7,,
19384-0900-22.zip,202202141041,’†‹–€ŒSº˜a’¬‰Ÿ‰z,1897,,
19384-0900-22.zip,202202141041,’†‹–€ŒSº˜a’¬‰Ÿ‰z,1898-2,,
19384-0900-22.zip,202202141041,’†‹–€ŒSº˜a’¬‰Ÿ‰z,1898-4,,
19384-0900-22.zip,202202141041,’†‹–€ŒSº˜a’¬‰Ÿ‰z,1901-1,,
19384-0900-22.zip,202202141041,’†‹–€ŒSº˜a’¬‰Ÿ‰z,1901-7,,
19384-0900-22.zip,202202141041,’†‹–€ŒSº˜a’¬‰Ÿ‰z,1901-8,,
19384-0900-22.zip,202202141041,’†‹–€ŒSº˜a’¬‰Ÿ‰z,1901-9,,
19384-0900-22.zip,202202141041,’†‹–€ŒSº˜a’¬‰Ÿ‰z,1902-3,,
19384-0900-22.zip,202202141041,’†‹–€ŒSº˜a’¬‰Ÿ‰z,1903-1,,
19384-0900-22.zip,202202141041,’†‹–€ŒSº˜a’¬‰Ÿ‰z,1903-2,,
19384-0900-22.zip,202202141041,’†‹–€ŒSº˜a’¬‰Ÿ‰z,1903-3,,
19384-0900-22.zip,202202141041,’†‹–€ŒSº˜a’¬‰Ÿ‰z,1903-4,,
19384-0900-22.zip,202202141041,’†‹–€ŒSº˜a’¬‰Ÿ‰z,1903-5,,
19384-0900-22.zip,202202141041,’†‹–€ŒSº˜a’¬‰Ÿ‰z,1903-6,,
19384-0900-22.zip,202202141041,’†‹–€ŒSº˜a’¬‰Ÿ‰z,1904-1,,
19384-0900-22.zip,202202141041,’†‹–€ŒSº˜a’¬‰Ÿ‰z,1904-2,,
19384-0900-22.zip,202202141041,’†‹–€ŒSº˜a’¬‰Ÿ‰z,1904-3,,
19384-0900-22.zip,202202141041,’†‹–€ŒSº˜a’¬‰Ÿ‰z,1904-4,,
19384-0900-22.zip,202202141041,’†‹–€ŒSº˜a’¬‰Ÿ‰z,1904-5,,
19384-0900-22.zip,202202141041,’†‹–€ŒSº˜a’¬‰Ÿ‰z,1905-1,,
19384-0900-22.zip,202202141041,’†‹–€ŒSº˜a’¬‰Ÿ‰z,1905-2,,
19384-0900-22.zip,202202141041,’†‹–€ŒSº˜a’¬‰Ÿ‰z,1905-4,,
19384-0900-22.zip,202202141041,’†‹–€ŒSº˜a’¬‰Ÿ‰z,1906-1,,
19384-0900-22.zip,202202141041,’†‹–€ŒSº˜a’¬‰Ÿ‰z,1906-2,,
19384-0900-22.zip,202202141041,’†‹–€ŒSº˜a’¬‰Ÿ‰z,1906-3,,
19384-0900-22.zip,202202141041,’†‹–€ŒSº˜a’¬‰Ÿ‰z,1907-1,,
19384-0900-22.zip,202202141041,’†‹–€ŒSº˜a’¬‰Ÿ‰z,1907-2,,
19384-0900-22.zip,202202141041,’†‹–€ŒSº˜a’¬‰Ÿ‰z,1908-1,,
19384-0900-22.zip,202202141041,’†‹–€ŒSº˜a’¬‰Ÿ‰z,1908-2,,
19384-0900-22.zip,202202141041,’†‹–€ŒSº˜a’¬‰Ÿ‰z,1909-1,,
19384-0900-22.zip,202202141041,’†‹–€ŒSº˜a’¬‰Ÿ‰z,1909-2,,
19384-0900-22.zip,202202141041,’†‹–€ŒSº˜a’¬‰Ÿ‰z,1909-3,,
19384-0900-22.zip,202202141041,’†‹–€ŒSº˜a’¬‰Ÿ‰z,1910-1,,
19384-0900-22.zip,202202141041,’†‹–€ŒSº˜a’¬‰Ÿ‰z,1910-2,,
19384-0900-22.zip,202202141041,’†‹–€ŒSº˜a’¬‰Ÿ‰z,1911,,
19384-0900-22.zip,202202141041,’†‹–€ŒSº˜a’¬‰Ÿ‰z,1912-1,,
19384-0900-22.zip,202202141041,’†‹–€ŒSº˜a’¬‰Ÿ‰z,1912-2,,
19384-0900-22.zip,202202141041,’†‹–€ŒSº˜a’¬‰Ÿ‰z,1912-3,,
19384-0900-22.zip,202202141041,’†‹–€ŒSº˜a’¬‰Ÿ‰z,1913-1,,
19384-0900-22.zip,202202141041,’†‹–€ŒSº˜a’¬‰Ÿ‰z,1913-2,,
19384-0900-22.zip,202202141041,’†‹–€ŒSº˜a’¬‰Ÿ‰z,1913-3,,
19384-0900-22.zip,202202141041,’†‹–€ŒSº˜a’¬‰Ÿ‰z,1913-4,,
19384-0900-22.zip,202202141041,’†‹–€ŒSº˜a’¬‰Ÿ‰z,1913-5,,
19384-0900-22.zip,202202141041,’†‹–€ŒSº˜a’¬‰Ÿ‰z,1914-1,,
19384-0900-22.zip,202202141041,’†‹–€ŒSº˜a’¬‰Ÿ‰z,1914-2,,
19384-0900-22.zip,202202141041,’†‹–€ŒSº˜a’¬‰Ÿ‰z,1914-3,,
19384-0900-22.zip,202202141041,’†‹–€ŒSº˜a’¬‰Ÿ‰z,1915-1,,
19384-0900-22.zip,202202141041,’†‹–€ŒSº˜a’¬‰Ÿ‰z,1915-3,,
19384-0900-22.zip,202202141041,’†‹–€ŒSº˜a’¬‰Ÿ‰z,1915-4,,
19384-0900-22.zip,202202141041,’†‹–€ŒSº˜a’¬‰Ÿ‰z,1916-1,,
19384-0900-22.zip,202202141041,’†‹–€ŒSº˜a’¬‰Ÿ‰z,1917-1,,
19384-0900-22.zip,202202141041,’†‹–€ŒSº˜a’¬‰Ÿ‰z,1917-2,,
19384-0900-22.zip,202202141041,’†‹–€ŒSº˜a’¬‰Ÿ‰z,1918-1,,
19384-0900-22.zip,202202141041,’†‹–€ŒSº˜a’¬‰Ÿ‰z,1918-3,,
19384-0900-22.zip,202202141041,’†‹–€ŒSº˜a’¬‰Ÿ‰z,1918-4,,
19384-0900-22.zip,202202141041,’†‹–€ŒSº˜a’¬‰Ÿ‰z,1918-5,,
19384-0900-22.zip,202202141041,’†‹–€ŒSº˜a’¬‰Ÿ‰z,1919-1,,
19384-0900-22.zip,202202141041,’†‹–€ŒSº˜a’¬‰Ÿ‰z,1919-2,,
19384-0900-22.zip,202202141041,’†‹–€ŒSº˜a’¬‰Ÿ‰z,1920-1,,
19384-0900-22.zip,202202141041,’†‹–€ŒSº˜a’¬‰Ÿ‰z,1920-2,,
19384-0900-22.zip,202202141041,’†‹–€ŒSº˜a’¬‰Ÿ‰z,1921-1,,
19384-0900-22.zip,202202141041,’†‹–€ŒSº˜a’¬‰Ÿ‰z,1921-2,,
19384-0900-22.zip,202202141041,’†‹–€ŒSº˜a’¬‰Ÿ‰z,1922-2,,
19384-0900-22.zip,202202141041,’†‹–€ŒSº˜a’¬‰Ÿ‰z,1922-3,,
19384-0900-22.zip,202202141041,’†‹–€ŒSº˜a’¬‰Ÿ‰z,1922-4,,
19384-0900-22.zip,202202141041,’†‹–€ŒSº˜a’¬‰Ÿ‰z,1922-6,,
19384-0900-22.zip,202202141041,’†‹–€ŒSº˜a’¬‰Ÿ‰z,1923-2,,
19384-0900-22.zip,202202141041,’†‹–€ŒSº˜a’¬‰Ÿ‰z,1923-3,,
19384-0900-22.zip,202202141041,’†‹–€ŒSº˜a’¬‰Ÿ‰z,1923-4,,
19384-0900-22.zip,202202141041,’†‹–€ŒSº˜a’¬‰Ÿ‰z,1924,,
19384-0900-22.zip,202202141041,’†‹–€ŒSº˜a’¬‰Ÿ‰z,1925,,
19384-0900-22.zip,202202141041,’†‹–€ŒSº˜a’¬‰Ÿ‰z,1926,,
19384-0900-22.zip,202202141041,’†‹–€ŒSº˜a’¬‰Ÿ‰z,1927-1,,
19384-0900-22.zip,202202141041,’†‹–€ŒSº˜a’¬‰Ÿ‰z,1927-2,,
19384-0900-22.zip,202202141041,’†‹–€ŒSº˜a’¬‰Ÿ‰z,1928-1,,
19384-0900-22.zip,202202141041,’†‹–€ŒSº˜a’¬‰Ÿ‰z,1928-2,,
19384-0900-22.zip,202202141041,’†‹–€ŒSº˜a’¬‰Ÿ‰z,1929,,
19384-0900-22.zip,202202141041,’†‹–€ŒSº˜a’¬‰Ÿ‰z,1930,,
19384-0900-22.zip,202202141041,’†‹–€ŒSº˜a’¬‰Ÿ‰z,1931,,
19384-0900-22.zip,202202141041,’†‹–€ŒSº˜a’¬‰Ÿ‰z,1932,,
19384-0900-22.zip,202202141041,’†‹–€ŒSº˜a’¬‰Ÿ‰z,1933,,
19384-0900-22.zip,202202141041,’†‹–€ŒSº˜a’¬‰Ÿ‰z,1934,,
19384-0900-22.zip,202202141041,’†‹–€ŒSº˜a’¬‰Ÿ‰z,1935,,
19384-0900-22.zip,202202141041,’†‹–€ŒSº˜a’¬‰Ÿ‰z,1936,,
19384-0900-22.zip,202202141041,’†‹–€ŒSº˜a’¬‰Ÿ‰z,1937-2,,
19384-0900-22.zip,202202141041,’†‹–€ŒSº˜a’¬‰Ÿ‰z,1937-3,,
19384-0900-22.zip,202202141041,’†‹–€ŒSº˜a’¬‰Ÿ‰z,1937-4,,
19384-0900-22.zip,202202141041,’†‹–€ŒSº˜a’¬‰Ÿ‰z,1938-2,,
19384-0900-22.zip,202202141041,’†‹–€ŒSº˜a’¬‰Ÿ‰z,1938-3,,
19384-0900-22.zip,202202141041,’†‹–€ŒSº˜a’¬‰Ÿ‰z,1938-4,,
19384-0900-22.zip,202202141041,’†‹–€ŒSº˜a’¬‰Ÿ‰z,1939-2,,
19384-0900-22.zip,202202141041,’†‹–€ŒSº˜a’¬‰Ÿ‰z,1939-3,,
19384-0900-22.zip,202202141041,’†‹–€ŒSº˜a’¬‰Ÿ‰z,1939-4,,
19384-0900-22.zip,202202141041,’†‹–€ŒSº˜a’¬‰Ÿ‰z,1940-2,,
19384-0900-22.zip,202202141041,’†‹–€ŒSº˜a’¬‰Ÿ‰z,1940-3,,
19384-0900-22.zip,202202141041,’†‹–€ŒSº˜a’¬‰Ÿ‰z,1941-2,,
19384-0900-22.zip,202202141041,’†‹–€ŒSº˜a’¬‰Ÿ‰z,1941-3,,
19384-0900-22.zip,202202141041,’†‹–€ŒSº˜a’¬‰Ÿ‰z,1941-4,,
19384-0900-22.zip,202202141041,’†‹–€ŒSº˜a’¬‰Ÿ‰z,1942-1,,
19384-0900-22.zip,202202141041,’†‹–€ŒSº˜a’¬‰Ÿ‰z,1942-2,,
19384-0900-22.zip,202202141041,’†‹–€ŒSº˜a’¬‰Ÿ‰z,1943-2,,
19384-0900-22.zip,202202141041,’†‹–€ŒSº˜a’¬‰Ÿ‰z,1943-3,,
19384-0900-22.zip,202202141041,’†‹–€ŒSº˜a’¬‰Ÿ‰z,1943-4,,
19384-0900-22.zip,202202141041,’†‹–€ŒSº˜a’¬‰Ÿ‰z,1943-5,,
19384-0900-22.zip,202202141041,’†‹–€ŒSº˜a’¬‰Ÿ‰z,1943-6,,
19384-0900-22.zip,202202141041,’†‹–€ŒSº˜a’¬‰Ÿ‰z,1944-1,,
19384-0900-22.zip,202202141041,’†‹–€ŒSº˜a’¬‰Ÿ‰z,1944-2,,
19384-0900-22.zip,202202141041,’†‹–€ŒSº˜a’¬‰Ÿ‰z,1944-3,,
19384-0900-22.zip,202202141041,’†‹–€ŒSº˜a’¬‰Ÿ‰z,1951-2,,
19384-0900-22.zip,202202141041,’†‹–€ŒSº˜a’¬‰Ÿ‰z,1951-3,,
19384-0900-22.zip,202202141041,’†‹–€ŒSº˜a’¬‰Ÿ‰z,1963-2,,
19384-0900-22.zip,202202141041,’†‹–€ŒSº˜a’¬‰Ÿ‰z,1963-4,,
19384-0900-22.zip,202202141041,’†‹–€ŒSº˜a’¬‰Ÿ‰z,1963-5,,
19384-0900-22.zip,202202141041,’†‹–€ŒSº˜a’¬‰Ÿ‰z,1964-2,,
19384-0900-22.zip,202202141041,’†‹–€ŒSº˜a’¬‰Ÿ‰z,1964-4,,
19384-0900-22.zip,202202141041,’†‹–€ŒSº˜a’¬‰Ÿ‰z,1964-5,,
19384-0900-22.zip,202202141041,’†‹–€ŒSº˜a’¬‰Ÿ‰z,1965-2,,
19384-0900-22.zip,202202141041,’†‹–€ŒSº˜a’¬‰Ÿ‰z,1965-4,,
19384-0900-22.zip,202202141041,’†‹–€ŒSº˜a’¬‰Ÿ‰z,1966-2,,
19384-0900-22.zip,202202141041,’†‹–€ŒSº˜a’¬‰Ÿ‰z,1966-3,,
19384-0900-22.zip,202202141041,’†‹–€ŒSº˜a’¬‰Ÿ‰z,1966-4,,
19384-0900-22.zip,202202141041,’†‹–€ŒSº˜a’¬‰Ÿ‰z,1967-2,,
19384-0900-22.zip,202202141041,’†‹–€ŒSº˜a’¬‰Ÿ‰z,1967-3,,
19384-0900-22.zip,202202141041,’†‹–€ŒSº˜a’¬‰Ÿ‰z,1968-1,,
19384-0900-22.zip,202202141041,’†‹–€ŒSº˜a’¬‰Ÿ‰z,1968-2,,
19384-0900-22.zip,202202141041,’†‹–€ŒSº˜a’¬‰Ÿ‰z,1968-4,,
19384-0900-22.zip,202202141041,’†‹–€ŒSº˜a’¬‰Ÿ‰z,1969,,
19384-0900-22.zip,202202141041,’†‹–€ŒSº˜a’¬‰Ÿ‰z,1969-2,,
19384-0900-22.zip,202202141041,’†‹–€ŒSº˜a’¬‰Ÿ‰z,1969-6,,
19384-0900-22.zip,202202141041,’†‹–€ŒSº˜a’¬‰Ÿ‰z,–³’n”Ô-101,,
19384-0900-22.zip,202202141041,’†‹–€ŒSº˜a’¬‰Ÿ‰z,–³’n”Ô-503,,
19384-0900-22.zip,202202141041,’†‹–€ŒSº˜a’¬‰Ÿ‰z,–³’n”Ô-564,,
19384-0900-22.zip,202202141041,’†‹–€ŒSº˜a’¬‰Ÿ‰z,“¹-364,,
19384-0900-22.zip,202202141041,’†‹–€ŒSº˜a’¬‰Ÿ‰z,“¹-377,,
19384-0900-22.zip,202202141041,’†‹–€ŒSº˜a’¬‰Ÿ‰z,“¹-415,,
19384-0900-22.zip,202202141041,’†‹–€ŒSº˜a’¬‰Ÿ‰z,“¹-432,,
19384-0900-22.zip,202202141041,’†‹–€ŒSº˜a’¬‰Ÿ‰z,…-23,,
19384-0900-22.zip,202202141041,’†‹–€ŒSº˜a’¬‰Ÿ‰z,…-26,,
19384-0900-22.zip,202202141041,’†‹–€ŒSº˜a’¬‰Ÿ‰z,…-446,,
19384-0900-22.zip,202202141041,’†‹–€ŒSº˜a’¬‰Ÿ‰z,…-509,,
19384-0900-22.zip,202202141041,’†‹–€ŒSº˜a’¬‰Ÿ‰z,…-545,,
19384-0900-22.zip,202202141041,’†‹–€ŒSº˜a’¬‰Ÿ‰z,…-559,,
19384-0900-22.zip,202202141041,’†‹–€ŒSº˜a’¬‰Ÿ‰z,’·‹·•¨•s–¾-10,,
19384-0900-22.zip,202202141041,’†‹–€ŒSº˜a’¬‰Ÿ‰z,’·‹·•¨•s–¾-11,,
19384-0900-22.zip,202202141041,’†‹–€ŒSº˜a’¬‰Ÿ‰z,2002-2,,
19384-0900-22.zip,202202141041,’†‹–€ŒSº˜a’¬‰Ÿ‰z,2002-7,,
19384-0900-22.zip,202202141041,’†‹–€ŒSº˜a’¬‰Ÿ‰z,2002-8,,
19384-0900-22.zip,202202141041,’†‹–€ŒSº˜a’¬‰Ÿ‰z,2006-2,,
19384-0900-22.zip,202202141041,’†‹–€ŒSº˜a’¬‰Ÿ‰z,2006-5,,
19384-0900-22.zip,202202141041,’†‹–€ŒSº˜a’¬‰Ÿ‰z,2009-2,,
19384-0900-22.zip,202202141041,’†‹–€ŒSº˜a’¬‰Ÿ‰z,2009-4,,
19384-0900-22.zip,202202141041,’†‹–€ŒSº˜a’¬‰Ÿ‰z,2009-5,,
19384-0900-22.zip,202202141041,’†‹–€ŒSº˜a’¬‰Ÿ‰z,2018-2,,
19384-0900-22.zip,202202141041,’†‹–€ŒSº˜a’¬‰Ÿ‰z,2019-2,,
19384-0900-22.zip,202202141041,’†‹–€ŒSº˜a’¬‰Ÿ‰z,2019-4,,
19384-0900-22.zip,202202141041,’†‹–€ŒSº˜a’¬‰Ÿ‰z,2019-6,,
19384-0900-22.zip,202202141041,’†‹–€ŒSº˜a’¬‰Ÿ‰z,2019-7,,
19384-0900-22.zip,202202141041,’†‹–€ŒSº˜a’¬‰Ÿ‰z,2019-11,,
19384-0900-22.zip,202202141041,’†‹–€ŒSº˜a’¬‰Ÿ‰z,2019-12,,
19384-0900-22.zip,202202141041,’†‹–€ŒSº˜a’¬‰Ÿ‰z,2019-14,,
19384-0900-22.zip,202202141041,’†‹–€ŒSº˜a’¬‰Ÿ‰z,2019-18,,
19384-0900-22.zip,202202141041,’†‹–€ŒSº˜a’¬‰Ÿ‰z,2019-19,,
19384-0900-22.zip,202202141041,’†‹–€ŒSº˜a’¬‰Ÿ‰z,2020-2,,
19384-0900-22.zip,202202141041,’†‹–€ŒSº˜a’¬‰Ÿ‰z,2020-6,,
19384-0900-22.zip,202202141041,’†‹–€ŒSº˜a’¬‰Ÿ‰z,2020-7,,
19384-0900-22.zip,202202141041,’†‹–€ŒSº˜a’¬‰Ÿ‰z,2021-3,,
19384-0900-22.zip,202202141041,’†‹–€ŒSº˜a’¬‰Ÿ‰z,2022-3,,
19384-0900-22.zip,202202141041,’†‹–€ŒSº˜a’¬‰Ÿ‰z,2023-3,,
19384-0900-22.zip,202202141041,’†‹–€ŒSº˜a’¬‰Ÿ‰z,2024-1,,
19384-0900-22.zip,202202141041,’†‹–€ŒSº˜a’¬‰Ÿ‰z,2025-2,,
19384-0900-22.zip,202202141041,’†‹–€ŒSº˜a’¬‰Ÿ‰z,2026-2,,
19384-0900-22.zip,202202141041,’†‹–€ŒSº˜a’¬‰Ÿ‰z,2026-3,,
19384-0900-22.zip,202202141041,’†‹–€ŒSº˜a’¬‰Ÿ‰z,2027-2,,
19384-0900-22.zip,202202141041,’†‹–€ŒSº˜a’¬‰Ÿ‰z,2027-3,,
19384-0900-22.zip,202202141041,’†‹–€ŒSº˜a’¬‰Ÿ‰z,2027-4,,
19384-0900-22.zip,202202141041,’†‹–€ŒSº˜a’¬‰Ÿ‰z,2027-6,,
19384-0900-22.zip,202202141041,’†‹–€ŒSº˜a’¬‰Ÿ‰z,2028-4,,
19384-0900-22.zip,202202141041,’†‹–€ŒSº˜a’¬‰Ÿ‰z,2028-6,,
19384-0900-22.zip,202202141041,’†‹–€ŒSº˜a’¬‰Ÿ‰z,2028-7,,
19384-0900-22.zip,202202141041,’†‹–€ŒSº˜a’¬‰Ÿ‰z,2028-8,,
19384-0900-22.zip,202202141041,’†‹–€ŒSº˜a’¬‰Ÿ‰z,2028-10,,
19384-0900-22.zip,202202141041,’†‹–€ŒSº˜a’¬‰Ÿ‰z,2028-11,,
19384-0900-22.zip,202202141041,’†‹–€ŒSº˜a’¬‰Ÿ‰z,2028-12,,
19384-0900-22.zip,202202141041,’†‹–€ŒSº˜a’¬‰Ÿ‰z,2028-14,,
19384-0900-22.zip,202202141041,’†‹–€ŒSº˜a’¬‰Ÿ‰z,2028-16,,
19384-0900-22.zip,202202141041,’†‹–€ŒSº˜a’¬‰Ÿ‰z,2028-17,,
19384-0900-22.zip,202202141041,’†‹–€ŒSº˜a’¬‰Ÿ‰z,2028-20,,
19384-0900-22.zip,202202141041,’†‹–€ŒSº˜a’¬‰Ÿ‰z,2028-22,,
19384-0900-22.zip,202202141041,’†‹–€ŒSº˜a’¬‰Ÿ‰z,2028-23,,
19384-0900-22.zip,202202141041,’†‹–€ŒSº˜a’¬‰Ÿ‰z,2029-3,,
19384-0900-22.zip,202202141041,’†‹–€ŒSº˜a’¬‰Ÿ‰z,2031-3,,
19384-0900-22.zip,202202141041,’†‹–€ŒSº˜a’¬‰Ÿ‰z,2033-3,,
19384-0900-22.zip,202202141041,’†‹–€ŒSº˜a’¬‰Ÿ‰z,2033-4,,
19384-0900-22.zip,202202141041,’†‹–€ŒSº˜a’¬‰Ÿ‰z,2037-2,,
19384-0900-22.zip,202202141041,’†‹–€ŒSº˜a’¬‰Ÿ‰z,2037-3,,
19384-0900-22.zip,202202141041,’†‹–€ŒSº˜a’¬‰Ÿ‰z,2037-4,,
19384-0900-22.zip,202202141041,’†‹–€ŒSº˜a’¬‰Ÿ‰z,2037-5,,
19384-0900-22.zip,202202141041,’†‹–€ŒSº˜a’¬‰Ÿ‰z,2037-6,,
19384-0900-22.zip,202202141041,’†‹–€ŒSº˜a’¬‰Ÿ‰z,2037-7,,
19384-0900-22.zip,202202141041,’†‹–€ŒSº˜a’¬‰Ÿ‰z,2037-8,,
19384-0900-22.zip,202202141041,’†‹–€ŒSº˜a’¬‰Ÿ‰z,2037-9,,
19384-0900-22.zip,202202141041,’†‹–€ŒSº˜a’¬‰Ÿ‰z,2037-10,,
19384-0900-22.zip,202202141041,’†‹–€ŒSº˜a’¬‰Ÿ‰z,2037-12,,
19384-0900-22.zip,202202141041,’†‹–€ŒSº˜a’¬‰Ÿ‰z,2038-3,,
19384-0900-22.zip,202202141041,’†‹–€ŒSº˜a’¬‰Ÿ‰z,2038-5,,
19384-0900-22.zip,202202141041,’†‹–€ŒSº˜a’¬‰Ÿ‰z,2038-6,,
19384-0900-22.zip,202202141041,’†‹–€ŒSº˜a’¬‰Ÿ‰z,2038-8,,
19384-0900-22.zip,202202141041,’†‹–€ŒSº˜a’¬‰Ÿ‰z,2038-13,,
19384-0900-22.zip,202202141041,’†‹–€ŒSº˜a’¬‰Ÿ‰z,2038-14,,
19384-0900-22.zip,202202141041,’†‹–€ŒSº˜a’¬‰Ÿ‰z,2039-1,,
19384-0900-22.zip,202202141041,’†‹–€ŒSº˜a’¬‰Ÿ‰z,2039-3,,
19384-0900-22.zip,202202141041,’†‹–€ŒSº˜a’¬‰Ÿ‰z,2044-5,,
19384-0900-22.zip,202202141041,’†‹–€ŒSº˜a’¬‰Ÿ‰z,2045-2,,
19384-0900-22.zip,202202141041,’†‹–€ŒSº˜a’¬‰Ÿ‰z,2045-3,,
19384-0900-22.zip,202202141041,’†‹–€ŒSº˜a’¬‰Ÿ‰z,2045-7,,
19384-0900-22.zip,202202141041,’†‹–€ŒSº˜a’¬‰Ÿ‰z,2047,,
19384-0900-22.zip,202202141041,’†‹–€ŒSº˜a’¬‰Ÿ‰z,2049-3,,
19384-0900-22.zip,202202141041,’†‹–€ŒSº˜a’¬‰Ÿ‰z,2049-4,,
19384-0900-22.zip,202202141041,’†‹–€ŒSº˜a’¬‰Ÿ‰z,2049-5,,
19384-0900-22.zip,202202141041,’†‹–€ŒSº˜a’¬‰Ÿ‰z,2049-6,,
19384-0900-22.zip,202202141041,’†‹–€ŒSº˜a’¬‰Ÿ‰z,2050-2,,
19384-0900-22.zip,202202141041,’†‹–€ŒSº˜a’¬‰Ÿ‰z,2050-4,,
19384-0900-22.zip,202202141041,’†‹–€ŒSº˜a’¬‰Ÿ‰z,2050-5,,
19384-0900-22.zip,202202141041,’†‹–€ŒSº˜a’¬‰Ÿ‰z,2053-3,,
19384-0900-22.zip,202202141041,’†‹–€ŒSº˜a’¬‰Ÿ‰z,2054-2,,
19384-0900-22.zip,202202141041,’†‹–€ŒSº˜a’¬‰Ÿ‰z,2055-3,,
19384-0900-22.zip,202202141041,’†‹–€ŒSº˜a’¬‰Ÿ‰z,2055-4,,
19384-0900-22.zip,202202141041,’†‹–€ŒSº˜a’¬‰Ÿ‰z,2055-6,,
19384-0900-22.zip,202202141041,’†‹–€ŒSº˜a’¬‰Ÿ‰z,2055-7,,
19384-0900-22.zip,202202141041,’†‹–€ŒSº˜a’¬‰Ÿ‰z,2056-3,,
19384-0900-22.zip,202202141041,’†‹–€ŒSº˜a’¬‰Ÿ‰z,2060-1,,
19384-0900-22.zip,202202141041,’†‹–€ŒSº˜a’¬‰Ÿ‰z,2060-2,,
19384-0900-22.zip,202202141041,’†‹–€ŒSº˜a’¬‰Ÿ‰z,2060-3,,
19384-0900-22.zip,202202141041,’†‹–€ŒSº˜a’¬‰Ÿ‰z,2060-4,,
19384-0900-22.zip,202202141041,’†‹–€ŒSº˜a’¬‰Ÿ‰z,2060-5,,
19384-0900-22.zip,202202141041,’†‹–€ŒSº˜a’¬‰Ÿ‰z,2062-1,,
19384-0900-22.zip,202202141041,’†‹–€ŒSº˜a’¬‰Ÿ‰z,2062-5,,
19384-0900-22.zip,202202141041,’†‹–€ŒSº˜a’¬‰Ÿ‰z,2073-2,,
19384-0900-22.zip,202202141041,’†‹–€ŒSº˜a’¬‰Ÿ‰z,2073-6,,
19384-0900-22.zip,202202141041,’†‹–€ŒSº˜a’¬‰Ÿ‰z,“¹-357,,
19384-0900-22.zip,202202141041,’†‹–€ŒSº˜a’¬‰Ÿ‰z,…-457,,
19384-0900-22.zip,202202141041,’†‹–€ŒSº˜a’¬‰Ÿ‰z,…-530,,
19384-0900-22.zip,202202141041,’†‹–€ŒSº˜a’¬‰Ÿ‰z,’·‹·•¨•s–¾-100,,
19384-0900-22.zip,202202141041,’†‹–€ŒSº˜a’¬‰Ÿ‰z,2107,,
19384-0900-22.zip,202202141041,’†‹–€ŒSº˜a’¬‰Ÿ‰z,2108-2,,
19384-0900-22.zip,202202141041,’†‹–€ŒSº˜a’¬‰Ÿ‰z,2109-1,,
19384-0900-22.zip,202202141041,’†‹–€ŒSº˜a’¬‰Ÿ‰z,2109-4,,
19384-0900-22.zip,202202141041,’†‹–€ŒSº˜a’¬‰Ÿ‰z,2109-5,,
19384-0900-22.zip,202202141041,’†‹–€ŒSº˜a’¬‰Ÿ‰z,2110-2,,
19384-0900-22.zip,202202141041,’†‹–€ŒSº˜a’¬‰Ÿ‰z,2110-3,,
19384-0900-22.zip,202202141041,’†‹–€ŒSº˜a’¬‰Ÿ‰z,2110-7,,
19384-0900-22.zip,202202141041,’†‹–€ŒSº˜a’¬‰Ÿ‰z,2112-1,,
19384-0900-22.zip,202202141041,’†‹–€ŒSº˜a’¬‰Ÿ‰z,2113-1,,
19384-0900-22.zip,202202141041,’†‹–€ŒSº˜a’¬‰Ÿ‰z,2113-2,,
19384-0900-22.zip,202202141041,’†‹–€ŒSº˜a’¬‰Ÿ‰z,2113-6,,
19384-0900-22.zip,202202141041,’†‹–€ŒSº˜a’¬‰Ÿ‰z,2114-1,,
19384-0900-22.zip,202202141041,’†‹–€ŒSº˜a’¬‰Ÿ‰z,2114-2,,
19384-0900-22.zip,202202141041,’†‹–€ŒSº˜a’¬‰Ÿ‰z,2115-1,,
19384-0900-22.zip,202202141041,’†‹–€ŒSº˜a’¬‰Ÿ‰z,2115-2,,
19384-0900-22.zip,202202141041,’†‹–€ŒSº˜a’¬‰Ÿ‰z,2115-3,,
19384-0900-22.zip,202202141041,’†‹–€ŒSº˜a’¬‰Ÿ‰z,2115-4,,
19384-0900-22.zip,202202141041,’†‹–€ŒSº˜a’¬‰Ÿ‰z,2115-5,,
19384-0900-22.zip,202202141041,’†‹–€ŒSº˜a’¬‰Ÿ‰z,2119-2,,
19384-0900-22.zip,202202141041,’†‹–€ŒSº˜a’¬‰Ÿ‰z,2121-1,,
19384-0900-22.zip,202202141041,’†‹–€ŒSº˜a’¬‰Ÿ‰z,2121-4,,
19384-0900-22.zip,202202141041,’†‹–€ŒSº˜a’¬‰Ÿ‰z,2121-5,,
19384-0900-22.zip,202202141041,’†‹–€ŒSº˜a’¬‰Ÿ‰z,2122-1,,
19384-0900-22.zip,202202141041,’†‹–€ŒSº˜a’¬‰Ÿ‰z,2122-3,,
19384-0900-22.zip,202202141041,’†‹–€ŒSº˜a’¬‰Ÿ‰z,2123-1,,
19384-0900-22.zip,202202141041,’†‹–€ŒSº˜a’¬‰Ÿ‰z,2123-3,,
19384-0900-22.zip,202202141041,’†‹–€ŒSº˜a’¬‰Ÿ‰z,2123-6,,
19384-0900-22.zip,202202141041,’†‹–€ŒSº˜a’¬‰Ÿ‰z,2123-7,,
19384-0900-22.zip,202202141041,’†‹–€ŒSº˜a’¬‰Ÿ‰z,2123-10,,
19384-0900-22.zip,202202141041,’†‹–€ŒSº˜a’¬‰Ÿ‰z,2123-11,,
19384-0900-22.zip,202202141041,’†‹–€ŒSº˜a’¬‰Ÿ‰z,2123-12,,
19384-0900-22.zip,202202141041,’†‹–€ŒSº˜a’¬‰Ÿ‰z,2123-13,,
19384-0900-22.zip,202202141041,’†‹–€ŒSº˜a’¬‰Ÿ‰z,2123-14,,
19384-0900-22.zip,202202141041,’†‹–€ŒSº˜a’¬‰Ÿ‰z,2124-1,,
19384-0900-22.zip,202202141041,’†‹–€ŒSº˜a’¬‰Ÿ‰z,2124-3,,
19384-0900-22.zip,202202141041,’†‹–€ŒSº˜a’¬‰Ÿ‰z,2124-8,,
19384-0900-22.zip,202202141041,’†‹–€ŒSº˜a’¬‰Ÿ‰z,2124-9,,
19384-0900-22.zip,202202141041,’†‹–€ŒSº˜a’¬‰Ÿ‰z,2125-1,,
19384-0900-22.zip,202202141041,’†‹–€ŒSº˜a’¬‰Ÿ‰z,2125-2,,
19384-0900-22.zip,202202141041,’†‹–€ŒSº˜a’¬‰Ÿ‰z,2126-1,,
19384-0900-22.zip,202202141041,’†‹–€ŒSº˜a’¬‰Ÿ‰z,2127-1,,
19384-0900-22.zip,202202141041,’†‹–€ŒSº˜a’¬‰Ÿ‰z,2128-1,,
19384-0900-22.zip,202202141041,’†‹–€ŒSº˜a’¬‰Ÿ‰z,2128-4,,
19384-0900-22.zip,202202141041,’†‹–€ŒSº˜a’¬‰Ÿ‰z,2128-5,,
19384-0900-22.zip,202202141041,’†‹–€ŒSº˜a’¬‰Ÿ‰z,2128-8,,
19384-0900-22.zip,202202141041,’†‹–€ŒSº˜a’¬‰Ÿ‰z,2128-9,,
19384-0900-22.zip,202202141041,’†‹–€ŒSº˜a’¬‰Ÿ‰z,2128-10,,
19384-0900-22.zip,202202141041,’†‹–€ŒSº˜a’¬‰Ÿ‰z,2130,,
19384-0900-22.zip,202202141041,’†‹–€ŒSº˜a’¬‰Ÿ‰z,2131,,
19384-0900-22.zip,202202141041,’†‹–€ŒSº˜a’¬‰Ÿ‰z,2132-1,,
19384-0900-22.zip,202202141041,’†‹–€ŒSº˜a’¬‰Ÿ‰z,2135-1,,
19384-0900-22.zip,202202141041,’†‹–€ŒSº˜a’¬‰Ÿ‰z,2135-3,,
19384-0900-22.zip,202202141041,’†‹–€ŒSº˜a’¬‰Ÿ‰z,2137-1,,
19384-0900-22.zip,202202141041,’†‹–€ŒSº˜a’¬‰Ÿ‰z,2137-2,,
19384-0900-22.zip,202202141041,’†‹–€ŒSº˜a’¬‰Ÿ‰z,2138,,
19384-0900-22.zip,202202141041,’†‹–€ŒSº˜a’¬‰Ÿ‰z,2141-1,,
19384-0900-22.zip,202202141041,’†‹–€ŒSº˜a’¬‰Ÿ‰z,2142-1,,
19384-0900-22.zip,202202141041,’†‹–€ŒSº˜a’¬‰Ÿ‰z,2143-2,,
19384-0900-22.zip,202202141041,’†‹–€ŒSº˜a’¬‰Ÿ‰z,2144,,
19384-0900-22.zip,202202141041,’†‹–€ŒSº˜a’¬‰Ÿ‰z,2145,,
19384-0900-22.zip,202202141041,’†‹–€ŒSº˜a’¬‰Ÿ‰z,2146,,
19384-0900-22.zip,202202141041,’†‹–€ŒSº˜a’¬‰Ÿ‰z,2147-1,,
19384-0900-22.zip,202202141041,’†‹–€ŒSº˜a’¬‰Ÿ‰z,2147-3,,
19384-0900-22.zip,202202141041,’†‹–€ŒSº˜a’¬‰Ÿ‰z,2147-4,,
19384-0900-22.zip,202202141041,’†‹–€ŒSº˜a’¬‰Ÿ‰z,2147-5,,
19384-0900-22.zip,202202141041,’†‹–€ŒSº˜a’¬‰Ÿ‰z,2147-6,,
19384-0900-22.zip,202202141041,’†‹–€ŒSº˜a’¬‰Ÿ‰z,2147-7,,
19384-0900-22.zip,202202141041,’†‹–€ŒSº˜a’¬‰Ÿ‰z,2147-8,,
19384-0900-22.zip,202202141041,’†‹–€ŒSº˜a’¬‰Ÿ‰z,2148-1,,
19384-0900-22.zip,202202141041,’†‹–€ŒSº˜a’¬‰Ÿ‰z,2149-1,,
19384-0900-22.zip,202202141041,’†‹–€ŒSº˜a’¬‰Ÿ‰z,2149-3,,
19384-0900-22.zip,202202141041,’†‹–€ŒSº˜a’¬‰Ÿ‰z,2150,,
19384-0900-22.zip,202202141041,’†‹–€ŒSº˜a’¬‰Ÿ‰z,2151-1,,
19384-0900-22.zip,202202141041,’†‹–€ŒSº˜a’¬‰Ÿ‰z,2152-1,,
19384-0900-22.zip,202202141041,’†‹–€ŒSº˜a’¬‰Ÿ‰z,2153,,
19384-0900-22.zip,202202141041,’†‹–€ŒSº˜a’¬‰Ÿ‰z,2154,,
19384-0900-22.zip,202202141041,’†‹–€ŒSº˜a’¬‰Ÿ‰z,2155-1,,
19384-0900-22.zip,202202141041,’†‹–€ŒSº˜a’¬‰Ÿ‰z,2155-3,,
19384-0900-22.zip,202202141041,’†‹–€ŒSº˜a’¬‰Ÿ‰z,2157-1,,
19384-0900-22.zip,202202141041,’†‹–€ŒSº˜a’¬‰Ÿ‰z,2157-2,,
19384-0900-22.zip,202202141041,’†‹–€ŒSº˜a’¬‰Ÿ‰z,2158,,
19384-0900-22.zip,202202141041,’†‹–€ŒSº˜a’¬‰Ÿ‰z,2159,,
19384-0900-22.zip,202202141041,’†‹–€ŒSº˜a’¬‰Ÿ‰z,2160-1,,
19384-0900-22.zip,202202141041,’†‹–€ŒSº˜a’¬‰Ÿ‰z,2160-3,,
19384-0900-22.zip,202202141041,’†‹–€ŒSº˜a’¬‰Ÿ‰z,2160-4,,
19384-0900-22.zip,202202141041,’†‹–€ŒSº˜a’¬‰Ÿ‰z,2160-5,,
19384-0900-22.zip,202202141041,’†‹–€ŒSº˜a’¬‰Ÿ‰z,2160-6,,
19384-0900-22.zip,202202141041,’†‹–€ŒSº˜a’¬‰Ÿ‰z,2160-8,,
19384-0900-22.zip,202202141041,’†‹–€ŒSº˜a’¬‰Ÿ‰z,2161,,
19384-0900-22.zip,202202141041,’†‹–€ŒSº˜a’¬‰Ÿ‰z,2162-1,,
19384-0900-22.zip,202202141041,’†‹–€ŒSº˜a’¬‰Ÿ‰z,2162-2,,
19384-0900-22.zip,202202141041,’†‹–€ŒSº˜a’¬‰Ÿ‰z,2164-1,,
19384-0900-22.zip,202202141041,’†‹–€ŒSº˜a’¬‰Ÿ‰z,2165-1,,
19384-0900-22.zip,202202141041,’†‹–€ŒSº˜a’¬‰Ÿ‰z,2165-2,,
19384-0900-22.zip,202202141041,’†‹–€ŒSº˜a’¬‰Ÿ‰z,2167,,
19384-0900-22.zip,202202141041,’†‹–€ŒSº˜a’¬‰Ÿ‰z,2168,,
19384-0900-22.zip,202202141041,’†‹–€ŒSº˜a’¬‰Ÿ‰z,2169,,
19384-0900-22.zip,202202141041,’†‹–€ŒSº˜a’¬‰Ÿ‰z,2170,,
19384-0900-22.zip,202202141041,’†‹–€ŒSº˜a’¬‰Ÿ‰z,2171,,
19384-0900-22.zip,202202141041,’†‹–€ŒSº˜a’¬‰Ÿ‰z,2173,,
19384-0900-22.zip,202202141041,’†‹–€ŒSº˜a’¬‰Ÿ‰z,2174,,
19384-0900-22.zip,202202141041,’†‹–€ŒSº˜a’¬‰Ÿ‰z,2176,,
19384-0900-22.zip,202202141041,’†‹–€ŒSº˜a’¬‰Ÿ‰z,2177,,
19384-0900-22.zip,202202141041,’†‹–€ŒSº˜a’¬‰Ÿ‰z,2178-1,,
19384-0900-22.zip,202202141041,’†‹–€ŒSº˜a’¬‰Ÿ‰z,2178-2,,
19384-0900-22.zip,202202141041,’†‹–€ŒSº˜a’¬‰Ÿ‰z,2178-3,,
19384-0900-22.zip,202202141041,’†‹–€ŒSº˜a’¬‰Ÿ‰z,2178-4,,
19384-0900-22.zip,202202141041,’†‹–€ŒSº˜a’¬‰Ÿ‰z,2178-5,,
19384-0900-22.zip,202202141041,’†‹–€ŒSº˜a’¬‰Ÿ‰z,2179,,
19384-0900-22.zip,202202141041,’†‹–€ŒSº˜a’¬‰Ÿ‰z,2180,,
19384-0900-22.zip,202202141041,’†‹–€ŒSº˜a’¬‰Ÿ‰z,2181,,
19384-0900-22.zip,202202141041,’†‹–€ŒSº˜a’¬‰Ÿ‰z,2182,,
19384-0900-22.zip,202202141041,’†‹–€ŒSº˜a’¬‰Ÿ‰z,2182-1,,
19384-0900-22.zip,202202141041,’†‹–€ŒSº˜a’¬‰Ÿ‰z,2182-2,,
19384-0900-22.zip,202202141041,’†‹–€ŒSº˜a’¬‰Ÿ‰z,2183,,
19384-0900-22.zip,202202141041,’†‹–€ŒSº˜a’¬‰Ÿ‰z,2184,,
19384-0900-22.zip,202202141041,’†‹–€ŒSº˜a’¬‰Ÿ‰z,2185,,
19384-0900-22.zip,202202141041,’†‹–€ŒSº˜a’¬‰Ÿ‰z,2186,,
19384-0900-22.zip,202202141041,’†‹–€ŒSº˜a’¬‰Ÿ‰z,2189,,
19384-0900-22.zip,202202141041,’†‹–€ŒSº˜a’¬‰Ÿ‰z,“¹-23,,
19384-0900-22.zip,202202141041,’†‹–€ŒSº˜a’¬‰Ÿ‰z,“¹-376,,
19384-0900-22.zip,202202141041,’†‹–€ŒSº˜a’¬‰Ÿ‰z,“¹-411,,
19384-0900-22.zip,202202141041,’†‹–€ŒSº˜a’¬‰Ÿ‰z,“¹-417,,
19384-0900-22.zip,202202141041,’†‹–€ŒSº˜a’¬‰Ÿ‰z,“¹-434,,
19384-0900-22.zip,202202141041,’†‹–€ŒSº˜a’¬‰Ÿ‰z,…-11,,
19384-0900-22.zip,202202141041,’†‹–€ŒSº˜a’¬‰Ÿ‰z,…-12,,
19384-0900-22.zip,202202141041,’†‹–€ŒSº˜a’¬‰Ÿ‰z,…-14,,
19384-0900-22.zip,202202141041,’†‹–€ŒSº˜a’¬‰Ÿ‰z,…-15,,
19384-0900-22.zip,202202141041,’†‹–€ŒSº˜a’¬‰Ÿ‰z,…-16,,
19384-0900-22.zip,202202141041,’†‹–€ŒSº˜a’¬‰Ÿ‰z,…-17,,
19384-0900-22.zip,202202141041,’†‹–€ŒSº˜a’¬‰Ÿ‰z,…-19,,
19384-0900-22.zip,202202141041,’†‹–€ŒSº˜a’¬‰Ÿ‰z,…-20,,
19384-0900-22.zip,202202141041,’†‹–€ŒSº˜a’¬‰Ÿ‰z,…-440,,
19384-0900-22.zip,202202141041,’†‹–€ŒSº˜a’¬‰Ÿ‰z,…-498,,
19384-0900-22.zip,202202141041,’†‹–€ŒSº˜a’¬‰Ÿ‰z,…-526,,
19384-0900-22.zip,202202141041,’†‹–€ŒSº˜a’¬‰Ÿ‰z,…-543,,
19384-0900-22.zip,202202141041,’†‹–€ŒSº˜a’¬‰Ÿ‰z,…-571,,
19384-0900-22.zip,202202141041,’†‹–€ŒSº˜a’¬‰Ÿ‰z,…-582,,
19384-0900-22.zip,202202141041,’†‹–€ŒSº˜a’¬‰Ÿ‰z,…-590,,
19384-0900-22.zip,202202141041,’†‹–€ŒSº˜a’¬‰Ÿ‰z,’·‹·•¨•s–¾-8,,
19384-0900-22.zip,202202141041,’†‹–€ŒSº˜a’¬‰Ÿ‰z,’·‹·•¨•s–¾-153,,
19384-0900-22.zip,202202141041,’†‹–€ŒSº˜a’¬‰Ÿ‰z,’·‹·•¨•s–¾-156,,
19384-0900-22.zip,202202141041,’†‹–€ŒSº˜a’¬‰Ÿ‰z,’·‹·•¨•s–¾-163,,
19384-0900-22.zip,202202141041,’†‹–€ŒSº˜a’¬‰Ÿ‰z,’·‹·•¨•s–¾-167,,
19384-0900-22.zip,202202141041,’†‹–€ŒSº˜a’¬‰Ÿ‰z,717-1,,
19384-0900-22.zip,202202141041,’†‹–€ŒSº˜a’¬‰Ÿ‰z,717-2,,
19384-0900-22.zip,202202141041,’†‹–€ŒSº˜a’¬‰Ÿ‰z,717-8,,
19384-0900-22.zip,202202141041,’†‹–€ŒSº˜a’¬‰Ÿ‰z,717-10,,
19384-0900-22.zip,202202141041,’†‹–€ŒSº˜a’¬‰Ÿ‰z,717-11,,
19384-0900-22.zip,202202141041,’†‹–€ŒSº˜a’¬‰Ÿ‰z,717-12,,
19384-0900-22.zip,202202141041,’†‹–€ŒSº˜a’¬‰Ÿ‰z,717-13,,
19384-0900-22.zip,202202141041,’†‹–€ŒSº˜a’¬‰Ÿ‰z,717-14,,
19384-0900-22.zip,202202141041,’†‹–€ŒSº˜a’¬‰Ÿ‰z,717-15,,
19384-0900-22.zip,202202141041,’†‹–€ŒSº˜a’¬‰Ÿ‰z,723-1,,
19384-0900-22.zip,202202141041,’†‹–€ŒSº˜a’¬‰Ÿ‰z,725-1,,
19384-0900-22.zip,202202141041,’†‹–€ŒSº˜a’¬‰Ÿ‰z,725-2,,
19384-0900-22.zip,202202141041,’†‹–€ŒSº˜a’¬‰Ÿ‰z,726-1,,
19384-0900-22.zip,202202141041,’†‹–€ŒSº˜a’¬‰Ÿ‰z,726-2,,
19384-0900-22.zip,202202141041,’†‹–€ŒSº˜a’¬‰Ÿ‰z,729-2,,
19384-0900-22.zip,202202141041,’†‹–€ŒSº˜a’¬‰Ÿ‰z,733-1,,
19384-0900-22.zip,202202141041,’†‹–€ŒSº˜a’¬‰Ÿ‰z,733-2,,
19384-0900-22.zip,202202141041,’†‹–€ŒSº˜a’¬‰Ÿ‰z,734,,
19384-0900-22.zip,202202141041,’†‹–€ŒSº˜a’¬‰Ÿ‰z,735,,
19384-0900-22.zip,202202141041,’†‹–€ŒSº˜a’¬‰Ÿ‰z,740,,
19384-0900-22.zip,202202141041,’†‹–€ŒSº˜a’¬‰Ÿ‰z,741,,
19384-0900-22.zip,202202141041,’†‹–€ŒSº˜a’¬‰Ÿ‰z,742-1,,
19384-0900-22.zip,202202141041,’†‹–€ŒSº˜a’¬‰Ÿ‰z,742-2,,
19384-0900-22.zip,202202141041,’†‹–€ŒSº˜a’¬‰Ÿ‰z,742-3,,
19384-0900-22.zip,202202141041,’†‹–€ŒSº˜a’¬‰Ÿ‰z,744-1,,
19384-0900-22.zip,202202141041,’†‹–€ŒSº˜a’¬‰Ÿ‰z,744-2,,
19384-0900-22.zip,202202141041,’†‹–€ŒSº˜a’¬‰Ÿ‰z,766-1,,
19384-0900-22.zip,202202141041,’†‹–€ŒSº˜a’¬‰Ÿ‰z,766-3,,
19384-0900-22.zip,202202141041,’†‹–€ŒSº˜a’¬‰Ÿ‰z,766-4,,
19384-0900-22.zip,202202141041,’†‹–€ŒSº˜a’¬‰Ÿ‰z,766-5,,
19384-0900-22.zip,202202141041,’†‹–€ŒSº˜a’¬‰Ÿ‰z,766-6,,
19384-0900-22.zip,202202141041,’†‹–€ŒSº˜a’¬‰Ÿ‰z,766-7,,
19384-0900-22.zip,202202141041,’†‹–€ŒSº˜a’¬‰Ÿ‰z,768-3,,
19384-0900-22.zip,202202141041,’†‹–€ŒSº˜a’¬‰Ÿ‰z,769-1,,
19384-0900-22.zip,202202141041,’†‹–€ŒSº˜a’¬‰Ÿ‰z,769-2,,
19384-0900-22.zip,202202141041,’†‹–€ŒSº˜a’¬‰Ÿ‰z,771-2,,
19384-0900-22.zip,202202141041,’†‹–€ŒSº˜a’¬‰Ÿ‰z,773,,
19384-0900-22.zip,202202141041,’†‹–€ŒSº˜a’¬‰Ÿ‰z,774,,
19384-0900-22.zip,202202141041,’†‹–€ŒSº˜a’¬‰Ÿ‰z,–³’n”Ô-100,,
19384-0900-22.zip,202202141041,’†‹–€ŒSº˜a’¬‰Ÿ‰z,“¹-22,,
19384-0900-22.zip,202202141041,’†‹–€ŒSº˜a’¬‰Ÿ‰z,“¹-374,,
19384-0900-22.zip,202202141041,’†‹–€ŒSº˜a’¬‰Ÿ‰z,“¹-401,,
19384-0900-22.zip,202202141041,’†‹–€ŒSº˜a’¬‰Ÿ‰z,…-459,,
19384-0900-22.zip,202202141041,’†‹–€ŒSº˜a’¬‰Ÿ‰z,2200-1,,
19384-0900-22.zip,202202141041,’†‹–€ŒSº˜a’¬‰Ÿ‰z,2200-2,,
19384-0900-22.zip,202202141041,’†‹–€ŒSº˜a’¬‰Ÿ‰z,2201,,
19384-0900-22.zip,202202141041,’†‹–€ŒSº˜a’¬‰Ÿ‰z,2202-1,,
19384-0900-22.zip,202202141041,’†‹–€ŒSº˜a’¬‰Ÿ‰z,2202-2,,
19384-0900-22.zip,202202141041,’†‹–€ŒSº˜a’¬‰Ÿ‰z,2203,,
19384-0900-22.zip,202202141041,’†‹–€ŒSº˜a’¬‰Ÿ‰z,2204,,
19384-0900-22.zip,202202141041,’†‹–€ŒSº˜a’¬‰Ÿ‰z,2205,,
19384-0900-22.zip,202202141041,’†‹–€ŒSº˜a’¬‰Ÿ‰z,2206,,
19384-0900-22.zip,202202141041,’†‹–€ŒSº˜a’¬‰Ÿ‰z,2207,,
19384-0900-22.zip,202202141041,’†‹–€ŒSº˜a’¬‰Ÿ‰z,2208,,
19384-0900-22.zip,202202141041,’†‹–€ŒSº˜a’¬‰Ÿ‰z,2209,,
19384-0900-22.zip,202202141041,’†‹–€ŒSº˜a’¬‰Ÿ‰z,2210,,
19384-0900-22.zip,202202141041,’†‹–€ŒSº˜a’¬‰Ÿ‰z,2211-1,,
19384-0900-22.zip,202202141041,’†‹–€ŒSº˜a’¬‰Ÿ‰z,2211-2,,
19384-0900-22.zip,202202141041,’†‹–€ŒSº˜a’¬‰Ÿ‰z,2212,,
19384-0900-22.zip,202202141041,’†‹–€ŒSº˜a’¬‰Ÿ‰z,2213,,
19384-0900-22.zip,202202141041,’†‹–€ŒSº˜a’¬‰Ÿ‰z,2214,,
19384-0900-22.zip,202202141041,’†‹–€ŒSº˜a’¬‰Ÿ‰z,2215-1,,
19384-0900-22.zip,202202141041,’†‹–€ŒSº˜a’¬‰Ÿ‰z,2215-2,,
19384-0900-22.zip,202202141041,’†‹–€ŒSº˜a’¬‰Ÿ‰z,2215-3,,
19384-0900-22.zip,202202141041,’†‹–€ŒSº˜a’¬‰Ÿ‰z,2216-1,,
19384-0900-22.zip,202202141041,’†‹–€ŒSº˜a’¬‰Ÿ‰z,2216-2,,
19384-0900-22.zip,202202141041,’†‹–€ŒSº˜a’¬‰Ÿ‰z,2217,,
19384-0900-22.zip,202202141041,’†‹–€ŒSº˜a’¬‰Ÿ‰z,2218,,
19384-0900-22.zip,202202141041,’†‹–€ŒSº˜a’¬‰Ÿ‰z,2219,,
19384-0900-22.zip,202202141041,’†‹–€ŒSº˜a’¬‰Ÿ‰z,2220,,
19384-0900-22.zip,202202141041,’†‹–€ŒSº˜a’¬‰Ÿ‰z,2221,,
19384-0900-22.zip,202202141041,’†‹–€ŒSº˜a’¬‰Ÿ‰z,2222,,
19384-0900-22.zip,202202141041,’†‹–€ŒSº˜a’¬‰Ÿ‰z,2223,,
19384-0900-22.zip,202202141041,’†‹–€ŒSº˜a’¬‰Ÿ‰z,2224,,
19384-0900-22.zip,202202141041,’†‹–€ŒSº˜a’¬‰Ÿ‰z,2225,,
19384-0900-22.zip,202202141041,’†‹–€ŒSº˜a’¬‰Ÿ‰z,2226,,
19384-0900-22.zip,202202141041,’†‹–€ŒSº˜a’¬‰Ÿ‰z,2227,,
19384-0900-22.zip,202202141041,’†‹–€ŒSº˜a’¬‰Ÿ‰z,2228,,
19384-0900-22.zip,202202141041,’†‹–€ŒSº˜a’¬‰Ÿ‰z,2229,,
19384-0900-22.zip,202202141041,’†‹–€ŒSº˜a’¬‰Ÿ‰z,2230,,
19384-0900-22.zip,202202141041,’†‹–€ŒSº˜a’¬‰Ÿ‰z,2231,,
19384-0900-22.zip,202202141041,’†‹–€ŒSº˜a’¬‰Ÿ‰z,2232,,
19384-0900-22.zip,202202141041,’†‹–€ŒSº˜a’¬‰Ÿ‰z,2233,,
19384-0900-22.zip,202202141041,’†‹–€ŒSº˜a’¬‰Ÿ‰z,2234,,
19384-0900-22.zip,202202141041,’†‹–€ŒSº˜a’¬‰Ÿ‰z,2235,,
19384-0900-22.zip,202202141041,’†‹–€ŒSº˜a’¬‰Ÿ‰z,2236,,
19384-0900-22.zip,202202141041,’†‹–€ŒSº˜a’¬‰Ÿ‰z,2237,,
19384-0900-22.zip,202202141041,’†‹–€ŒSº˜a’¬‰Ÿ‰z,2238,,
19384-0900-22.zip,202202141041,’†‹–€ŒSº˜a’¬‰Ÿ‰z,2239-1,,
19384-0900-22.zip,202202141041,’†‹–€ŒSº˜a’¬‰Ÿ‰z,2239-2,,
19384-0900-22.zip,202202141041,’†‹–€ŒSº˜a’¬‰Ÿ‰z,2239-3,,
19384-0900-22.zip,202202141041,’†‹–€ŒSº˜a’¬‰Ÿ‰z,2240,,
19384-0900-22.zip,202202141041,’†‹–€ŒSº˜a’¬‰Ÿ‰z,2241,,
19384-0900-22.zip,202202141041,’†‹–€ŒSº˜a’¬‰Ÿ‰z,2242,,
19384-0900-22.zip,202202141041,’†‹–€ŒSº˜a’¬‰Ÿ‰z,2243,,
19384-0900-22.zip,202202141041,’†‹–€ŒSº˜a’¬‰Ÿ‰z,2244-1,,
19384-0900-22.zip,202202141041,’†‹–€ŒSº˜a’¬‰Ÿ‰z,2244-2,,
19384-0900-22.zip,202202141041,’†‹–€ŒSº˜a’¬‰Ÿ‰z,2245,,
19384-0900-22.zip,202202141041,’†‹–€ŒSº˜a’¬‰Ÿ‰z,2246,,
19384-0900-22.zip,202202141041,’†‹–€ŒSº˜a’¬‰Ÿ‰z,2247,,
19384-0900-22.zip,202202141041,’†‹–€ŒSº˜a’¬‰Ÿ‰z,2249,,
19384-0900-22.zip,202202141041,’†‹–€ŒSº˜a’¬‰Ÿ‰z,2250-1,,
19384-0900-22.zip,202202141041,’†‹–€ŒSº˜a’¬‰Ÿ‰z,2250-2,,
19384-0900-22.zip,202202141041,’†‹–€ŒSº˜a’¬‰Ÿ‰z,2250-3,,
19384-0900-22.zip,202202141041,’†‹–€ŒSº˜a’¬‰Ÿ‰z,2251-1,,
19384-0900-22.zip,202202141041,’†‹–€ŒSº˜a’¬‰Ÿ‰z,2251-2,,
19384-0900-22.zip,202202141041,’†‹–€ŒSº˜a’¬‰Ÿ‰z,2253,,
19384-0900-22.zip,202202141041,’†‹–€ŒSº˜a’¬‰Ÿ‰z,2254,,
19384-0900-22.zip,202202141041,’†‹–€ŒSº˜a’¬‰Ÿ‰z,2255,,
19384-0900-22.zip,202202141041,’†‹–€ŒSº˜a’¬‰Ÿ‰z,2256,,
19384-0900-22.zip,202202141041,’†‹–€ŒSº˜a’¬‰Ÿ‰z,2257,,
19384-0900-22.zip,202202141041,’†‹–€ŒSº˜a’¬‰Ÿ‰z,2258-1,,
19384-0900-22.zip,202202141041,’†‹–€ŒSº˜a’¬‰Ÿ‰z,2258-2,,
19384-0900-22.zip,202202141041,’†‹–€ŒSº˜a’¬‰Ÿ‰z,2259,,
19384-0900-22.zip,202202141041,’†‹–€ŒSº˜a’¬‰Ÿ‰z,2260-1,,
19384-0900-22.zip,202202141041,’†‹–€ŒSº˜a’¬‰Ÿ‰z,2260-2,,
19384-0900-22.zip,202202141041,’†‹–€ŒSº˜a’¬‰Ÿ‰z,2260-3,,
19384-0900-22.zip,202202141041,’†‹–€ŒSº˜a’¬‰Ÿ‰z,2260-4,,
19384-0900-22.zip,202202141041,’†‹–€ŒSº˜a’¬‰Ÿ‰z,2261,,
19384-0900-22.zip,202202141041,’†‹–€ŒSº˜a’¬‰Ÿ‰z,2262-1,,
19384-0900-22.zip,202202141041,’†‹–€ŒSº˜a’¬‰Ÿ‰z,2262-2,,
19384-0900-22.zip,202202141041,’†‹–€ŒSº˜a’¬‰Ÿ‰z,2262-3,,
19384-0900-22.zip,202202141041,’†‹–€ŒSº˜a’¬‰Ÿ‰z,2263,,
19384-0900-22.zip,202202141041,’†‹–€ŒSº˜a’¬‰Ÿ‰z,2264,,
19384-0900-22.zip,202202141041,’†‹–€ŒSº˜a’¬‰Ÿ‰z,2266,,
19384-0900-22.zip,202202141041,’†‹–€ŒSº˜a’¬‰Ÿ‰z,2267,,
19384-0900-22.zip,202202141041,’†‹–€ŒSº˜a’¬‰Ÿ‰z,2268,,
19384-0900-22.zip,202202141041,’†‹–€ŒSº˜a’¬‰Ÿ‰z,2269,,
19384-0900-22.zip,202202141041,’†‹–€ŒSº˜a’¬‰Ÿ‰z,2270,,
19384-0900-22.zip,202202141041,’†‹–€ŒSº˜a’¬‰Ÿ‰z,2271,,
19384-0900-22.zip,202202141041,’†‹–€ŒSº˜a’¬‰Ÿ‰z,2272,,
19384-0900-22.zip,202202141041,’†‹–€ŒSº˜a’¬‰Ÿ‰z,2273,,
19384-0900-22.zip,202202141041,’†‹–€ŒSº˜a’¬‰Ÿ‰z,2275-1,,
19384-0900-22.zip,202202141041,’†‹–€ŒSº˜a’¬‰Ÿ‰z,2275-2,,
19384-0900-22.zip,202202141041,’†‹–€ŒSº˜a’¬‰Ÿ‰z,2276-1,,
19384-0900-22.zip,202202141041,’†‹–€ŒSº˜a’¬‰Ÿ‰z,2277,,
19384-0900-22.zip,202202141041,’†‹–€ŒSº˜a’¬‰Ÿ‰z,2278,,
19384-0900-22.zip,202202141041,’†‹–€ŒSº˜a’¬‰Ÿ‰z,2279-1,,
19384-0900-22.zip,202202141041,’†‹–€ŒSº˜a’¬‰Ÿ‰z,2279-2,,
19384-0900-22.zip,202202141041,’†‹–€ŒSº˜a’¬‰Ÿ‰z,2279-3,,
19384-0900-22.zip,202202141041,’†‹–€ŒSº˜a’¬‰Ÿ‰z,2279-4,,
19384-0900-22.zip,202202141041,’†‹–€ŒSº˜a’¬‰Ÿ‰z,2280,,
19384-0900-22.zip,202202141041,’†‹–€ŒSº˜a’¬‰Ÿ‰z,2281,,
19384-0900-22.zip,202202141041,’†‹–€ŒSº˜a’¬‰Ÿ‰z,2284,,
19384-0900-22.zip,202202141041,’†‹–€ŒSº˜a’¬‰Ÿ‰z,2285,,
19384-0900-22.zip,202202141041,’†‹–€ŒSº˜a’¬‰Ÿ‰z,2286,,
19384-0900-22.zip,202202141041,’†‹–€ŒSº˜a’¬‰Ÿ‰z,2287,,
19384-0900-22.zip,202202141041,’†‹–€ŒSº˜a’¬‰Ÿ‰z,2288,,
19384-0900-22.zip,202202141041,’†‹–€ŒSº˜a’¬‰Ÿ‰z,2289,,
19384-0900-22.zip,202202141041,’†‹–€ŒSº˜a’¬‰Ÿ‰z,2290,,
19384-0900-22.zip,202202141041,’†‹–€ŒSº˜a’¬‰Ÿ‰z,2291-1,,
19384-0900-22.zip,202202141041,’†‹–€ŒSº˜a’¬‰Ÿ‰z,2291-2,,
19384-0900-22.zip,202202141041,’†‹–€ŒSº˜a’¬‰Ÿ‰z,2292,,
19384-0900-22.zip,202202141041,’†‹–€ŒSº˜a’¬‰Ÿ‰z,2293,,
19384-0900-22.zip,202202141041,’†‹–€ŒSº˜a’¬‰Ÿ‰z,2294,,
19384-0900-22.zip,202202141041,’†‹–€ŒSº˜a’¬‰Ÿ‰z,2295,,
19384-0900-22.zip,202202141041,’†‹–€ŒSº˜a’¬‰Ÿ‰z,2296,,
19384-0900-22.zip,202202141041,’†‹–€ŒSº˜a’¬‰Ÿ‰z,2297,,
19384-0900-22.zip,202202141041,’†‹–€ŒSº˜a’¬‰Ÿ‰z,2298,,
19384-0900-22.zip,202202141041,’†‹–€ŒSº˜a’¬‰Ÿ‰z,2299,,
19384-0900-22.zip,202202141041,’†‹–€ŒSº˜a’¬‰Ÿ‰z,2300-1,,
19384-0900-22.zip,202202141041,’†‹–€ŒSº˜a’¬‰Ÿ‰z,2301,,
19384-0900-22.zip,202202141041,’†‹–€ŒSº˜a’¬‰Ÿ‰z,2302,,
19384-0900-22.zip,202202141041,’†‹–€ŒSº˜a’¬‰Ÿ‰z,2303,,
19384-0900-22.zip,202202141041,’†‹–€ŒSº˜a’¬‰Ÿ‰z,2304,,
19384-0900-22.zip,202202141041,’†‹–€ŒSº˜a’¬‰Ÿ‰z,2305,,
19384-0900-22.zip,202202141041,’†‹–€ŒSº˜a’¬‰Ÿ‰z,2306,,
19384-0900-22.zip,202202141041,’†‹–€ŒSº˜a’¬‰Ÿ‰z,2307,,
19384-0900-22.zip,202202141041,’†‹–€ŒSº˜a’¬‰Ÿ‰z,2308,,
19384-0900-22.zip,202202141041,’†‹–€ŒSº˜a’¬‰Ÿ‰z,2309,,
19384-0900-22.zip,202202141041,’†‹–€ŒSº˜a’¬‰Ÿ‰z,2310,,
19384-0900-22.zip,202202141041,’†‹–€ŒSº˜a’¬‰Ÿ‰z,2311,,
19384-0900-22.zip,202202141041,’†‹–€ŒSº˜a’¬‰Ÿ‰z,2312,,
19384-0900-22.zip,202202141041,’†‹–€ŒSº˜a’¬‰Ÿ‰z,2313,,
19384-0900-22.zip,202202141041,’†‹–€ŒSº˜a’¬‰Ÿ‰z,2314,,
19384-0900-22.zip,202202141041,’†‹–€ŒSº˜a’¬‰Ÿ‰z,2315,,
19384-0900-22.zip,202202141041,’†‹–€ŒSº˜a’¬‰Ÿ‰z,2316,,
19384-0900-22.zip,202202141041,’†‹–€ŒSº˜a’¬‰Ÿ‰z,2318,,
19384-0900-22.zip,202202141041,’†‹–€ŒSº˜a’¬‰Ÿ‰z,2319,,
19384-0900-22.zip,202202141041,’†‹–€ŒSº˜a’¬‰Ÿ‰z,1203-1,,
19384-0900-22.zip,202202141041,’†‹–€ŒSº˜a’¬‰Ÿ‰z,1203-4,,
19384-0900-22.zip,202202141041,’†‹–€ŒSº˜a’¬‰Ÿ‰z,1204-2,,
19384-0900-22.zip,202202141041,’†‹–€ŒSº˜a’¬‰Ÿ‰z,1204-1,,
19384-0900-22.zip,202202141041,’†‹–€ŒSº˜a’¬‰Ÿ‰z,1227-2,,
19384-0900-22.zip,202202141041,’†‹–€ŒSº˜a’¬‰Ÿ‰z,1227-1,,
19384-0900-22.zip,202202141041,’†‹–€ŒSº˜a’¬‰Ÿ‰z,1653-1,,
19384-0900-22.zip,202202141041,’†‹–€ŒSº˜a’¬‰Ÿ‰z,1653-6,,
19384-0900-22.zip,202202141041,’†‹–€ŒSº˜a’¬‰Ÿ‰z,1653-5,,
19384-0900-22.zip,202202141041,’†‹–€ŒSº˜a’¬‰Ÿ‰z,1654,,
19384-0900-22.zip,202202141041,’†‹–€ŒSº˜a’¬‰Ÿ‰z,1223-3,,
19384-0900-22.zip,202202141041,’†‹–€ŒSº˜a’¬‰Ÿ‰z,1222-1,,
19384-0900-22.zip,202202141041,’†‹–€ŒSº˜a’¬‰Ÿ‰z,1222-3,,
19384-0900-22.zip,202202141041,’†‹–€ŒSº˜a’¬‰Ÿ‰z,1222-4,,
19384-0900-22.zip,202202141041,’†‹–€ŒSº˜a’¬‰Ÿ‰z,1915-5,,
19384-0900-22.zip,202202141041,’†‹–€ŒSº˜a’¬‰Ÿ‰z,1884-3,,
19384-0900-22.zip,202202141041,’†‹–€ŒSº˜a’¬‰Ÿ‰z,1964-3,,
19384-0900-22.zip,202202141041,’†‹–€ŒSº˜a’¬‰Ÿ‰z,1916-2,,
19384-0900-22.zip,202202141041,’†‹–€ŒSº˜a’¬‰Ÿ‰z,1915-2,,
19384-0900-22.zip,202202141041,’†‹–€ŒSº˜a’¬‰Ÿ‰z,96-14,,
19384-0900-22.zip,202202141041,’†‹–€ŒSº˜a’¬‰Ÿ‰z,96-13,,
19384-0900-22.zip,202202141041,’†‹–€ŒSº˜a’¬‰Ÿ‰z,96-12,,
19384-0900-22.zip,202202141041,’†‹–€ŒSº˜a’¬‰Ÿ‰z,96-11,,
19384-0900-22.zip,202202141041,’†‹–€ŒSº˜a’¬‰Ÿ‰z,96-10,,
19384-0900-22.zip,202202141041,’†‹–€ŒSº˜a’¬‰Ÿ‰z,96-4,,
19384-0900-22.zip,202202141041,’†‹–€ŒSº˜a’¬‰Ÿ‰z,96-5,,
19384-0900-22.zip,202202141041,’†‹–€ŒSº˜a’¬‰Ÿ‰z,96-6,,
19384-0900-22.zip,202202141041,’†‹–€ŒSº˜a’¬‰Ÿ‰z,96-7,,
19384-0900-22.zip,202202141041,’†‹–€ŒSº˜a’¬‰Ÿ‰z,96-1,,
19384-0900-22.zip,202202141041,’†‹–€ŒSº˜a’¬‰Ÿ‰z,96-3,,
19384-0900-22.zip,202202141041,’†‹–€ŒSº˜a’¬‰Ÿ‰z,96-9,,
19384-0900-22.zip,202202141041,’†‹–€ŒSº˜a’¬‰Ÿ‰z,96-8,,
19384-0900-22.zip,202202141041,’†‹–€ŒSº˜a’¬‰Ÿ‰z,96-2,,
19384-0900-22.zip,202202141041,’†‹–€ŒSº˜a’¬‰Ÿ‰z,495-3,,
19384-0900-22.zip,202202141041,’†‹–€ŒSº˜a’¬‰Ÿ‰z,1210-2,,
19384-0900-22.zip,202202141041,’†‹–€ŒSº˜a’¬‰Ÿ‰z,1279-2,,
19384-0900-22.zip,202202141041,’†‹–€ŒSº˜a’¬‰Ÿ‰z,1279-5,,
19384-0900-22.zip,202202141041,’†‹–€ŒSº˜a’¬‰Ÿ‰z,1280-3,,
19384-0900-22.zip,202202141041,’†‹–€ŒSº˜a’¬‰Ÿ‰z,1280-2,,
19384-0900-22.zip,202202141041,’†‹–€ŒSº˜a’¬‰Ÿ‰z,1481-3,,
19384-0900-22.zip,202202141041,’†‹–€ŒSº˜a’¬‰Ÿ‰z,1481-1,,
19384-0900-22.zip,202202141041,’†‹–€ŒSº˜a’¬‰Ÿ‰z,1483-3,,
19384-0900-22.zip,202202141041,’†‹–€ŒSº˜a’¬‰Ÿ‰z,1483-4,,
19384-0900-22.zip,202202141041,’†‹–€ŒSº˜a’¬‰Ÿ‰z,1211-2,,
19384-0900-22.zip,202202141041,’†‹–€ŒSº˜a’¬‰Ÿ‰z,1211-1,,
19384-0900-22.zip,202202141041,’†‹–€ŒSº˜a’¬‰Ÿ‰z,…-504,,
19384-0900-22.zip,202202141041,’†‹–€ŒSº˜a’¬‰Ÿ‰z,1210-1,,
19384-0900-22.zip,202202141041,’†‹–€ŒSº˜a’¬‰Ÿ‰z,1194-1,,
19384-0900-22.zip,202202141041,’†‹–€ŒSº˜a’¬‰Ÿ‰z,1194-2,,
19384-0900-22.zip,202202141041,’†‹–€ŒSº˜a’¬‰Ÿ‰z,1173,,
19384-0900-22.zip,202202141041,’†‹–€ŒSº˜a’¬‰Ÿ‰z,1279-4,,
19384-0900-22.zip,202202141041,’†‹–€ŒSº˜a’¬‰Ÿ‰z,1279-1,,
19384-0900-22.zip,202202141041,’†‹–€ŒSº˜a’¬‰Ÿ‰z,1279-3,,
19384-0900-22.zip,202202141041,’†‹–€ŒSº˜a’¬‰Ÿ‰z,1279-6,,
19384-0900-22.zip,202202141041,’†‹–€ŒSº˜a’¬‰Ÿ‰z,1196-1,,
19384-0900-22.zip,202202141041,’†‹–€ŒSº˜a’¬‰Ÿ‰z,1196-3,,
19384-0900-22.zip,202202141041,’†‹–€ŒSº˜a’¬‰Ÿ‰z,…-502,,
19384-0900-22.zip,202202141041,’†‹–€ŒSº˜a’¬‰Ÿ‰z,1482-2,,
19384-0900-22.zip,202202141041,’†‹–€ŒSº˜a’¬‰Ÿ‰z,1197-1,,
19384-0900-22.zip,202202141041,’†‹–€ŒSº˜a’¬‰Ÿ‰z,1197-3,,
19384-0900-22.zip,202202141041,’†‹–€ŒSº˜a’¬‰Ÿ‰z,1482-9,,
19384-0900-22.zip,202202141041,’†‹–€ŒSº˜a’¬‰Ÿ‰z,1482-3,,
19384-0900-22.zip,202202141041,’†‹–€ŒSº˜a’¬‰Ÿ‰z,1483-1,,
19384-0900-22.zip,202202141041,’†‹–€ŒSº˜a’¬‰Ÿ‰z,1482-8,,
19384-0900-22.zip,202202141041,’†‹–€ŒSº˜a’¬‰Ÿ‰z,1243-2,,
19384-0900-22.zip,202202141041,’†‹–€ŒSº˜a’¬‰Ÿ‰z,1243-1,,
19384-0900-22.zip,202202141041,’†‹–€ŒSº˜a’¬‰Ÿ‰z,…-33,,
19384-0900-22.zip,202202141041,’†‹–€ŒSº˜a’¬‰Ÿ‰z,…-1243,,
19384-0900-22.zip,202202141041,’†‹–€ŒSº˜a’¬‰Ÿ‰z,1550-5,,
19384-0900-22.zip,202202141041,’†‹–€ŒSº˜a’¬‰Ÿ‰z,1550-1,,
19384-0900-22.zip,202202141041,’†‹–€ŒSº˜a’¬‰Ÿ‰z,1552-7,,
19384-0900-22.zip,202202141041,’†‹–€ŒSº˜a’¬‰Ÿ‰z,1552-4,,
19384-0900-22.zip,202202141041,’†‹–€ŒSº˜a’¬‰Ÿ‰z,1550-4,,
19384-0900-22.zip,202202141041,’†‹–€ŒSº˜a’¬‰Ÿ‰z,1674-6,,
19384-0900-22.zip,202202141041,’†‹–€ŒSº˜a’¬‰Ÿ‰z,1674-1,,
19384-0900-22.zip,202202141041,’†‹–€ŒSº˜a’¬‰Ÿ‰z,619-3,,
19384-0900-22.zip,202202141041,’†‹–€ŒSº˜a’¬‰Ÿ‰z,…-561,,
19384-0900-22.zip,202202141041,’†‹–€ŒSº˜a’¬‰Ÿ‰z,1674-8,,
19384-0900-22.zip,202202141041,’†‹–€ŒSº˜a’¬‰Ÿ‰z,1674-2,,
19384-0900-22.zip,202202141041,’†‹–€ŒSº˜a’¬‰Ÿ‰z,1674-10,,
19384-0900-22.zip,202202141041,’†‹–€ŒSº˜a’¬‰Ÿ‰z,1674-5,,
19384-0900-22.zip,202202141041,’†‹–€ŒSº˜a’¬‰Ÿ‰z,118-1,,
19384-0900-22.zip,202202141041,’†‹–€ŒSº˜a’¬‰Ÿ‰z,70-4,,
19384-0900-22.zip,202202141041,’†‹–€ŒSº˜a’¬‰Ÿ‰z,70-1,,
19384-0900-22.zip,202202141041,’†‹–€ŒSº˜a’¬‰Ÿ‰z,1223-4,,
19384-0900-22.zip,202202141041,’†‹–€ŒSº˜a’¬‰Ÿ‰z,1223-1,,
19384-0900-22.zip,202202141041,’†‹–€ŒSº˜a’¬‰Ÿ‰z,“¹-390,,
19384-0900-22.zip,202202141041,’†‹–€ŒSº˜a’¬‰Ÿ‰z,1223-2,,
19384-0900-22.zip,202202141041,’†‹–€ŒSº˜a’¬‰Ÿ‰z,1665-2,,
19384-0900-22.zip,202202141041,’†‹–€ŒSº˜a’¬‰Ÿ‰z,1665-4,,
19384-0900-22.zip,202202141041,’†‹–€ŒSº˜a’¬‰Ÿ‰z,“¹-371,,
19384-0900-22.zip,202202141041,’†‹–€ŒSº˜a’¬‰Ÿ‰z,1601-5,,
19384-0900-22.zip,202202141041,’†‹–€ŒSº˜a’¬‰Ÿ‰z,519-2,,
19384-0900-22.zip,202202141041,’†‹–€ŒSº˜a’¬‰Ÿ‰z,2095-1,,
19384-0900-22.zip,202202141041,’†‹–€ŒSº˜a’¬‰Ÿ‰z,2095-2,,
19384-0900-22.zip,202202141041,’†‹–€ŒSº˜a’¬‰Ÿ‰z,1107-4,,
19384-0900-22.zip,202202141041,’†‹–€ŒSº˜a’¬‰Ÿ‰z,1377-1,,
19384-0900-22.zip,202202141041,’†‹–€ŒSº˜a’¬‰Ÿ‰z,1377-2,,
19384-0900-22.zip,202202141041,’†‹–€ŒSº˜a’¬‰Ÿ‰z,“¹-448,,
19384-0900-22.zip,202202141041,’†‹–€ŒSº˜a’¬‰Ÿ‰z,1601-9,,
19384-0900-22.zip,202202141041,’†‹–€ŒSº˜a’¬‰Ÿ‰z,“¹-414,,
19384-0900-22.zip,202202141041,’†‹–€ŒSº˜a’¬‰Ÿ‰z,1616,,
19384-0900-22.zip,202202141041,’†‹–€ŒSº˜a’¬‰Ÿ‰z,1601-6,,
19384-0900-22.zip,202202141041,’†‹–€ŒSº˜a’¬‰Ÿ‰z,1601-8,,
19384-0900-22.zip,202202141041,’†‹–€ŒSº˜a’¬‰Ÿ‰z,…-558,,
19384-0900-22.zip,202202141041,’†‹–€ŒSº˜a’¬‰Ÿ‰z,1653-8,,
19384-0900-22.zip,202202141041,’†‹–€ŒSº˜a’¬‰Ÿ‰z,…-558-2,,
19384-0900-22.zip,202202141041,’†‹–€ŒSº˜a’¬‰Ÿ‰z,1653-7,,
19384-0900-22.zip,202202141041,’†‹–€ŒSº˜a’¬‰Ÿ‰z,1653-4,,
19384-0900-22.zip,202202141041,’†‹–€ŒSº˜a’¬‰Ÿ‰z,“¹-361,,
19384-0900-22.zip,202202141041,’†‹–€ŒSº˜a’¬‰Ÿ‰z,1559-4,,
19384-0900-22.zip,202202141041,’†‹–€ŒSº˜a’¬‰Ÿ‰z,142-4,,
19384-0900-22.zip,202202141041,’†‹–€ŒSº˜a’¬‰Ÿ‰z,141-1,,
19384-0900-22.zip,202202141041,’†‹–€ŒSº˜a’¬‰Ÿ‰z,141-5,,
19384-0900-22.zip,202202141041,’†‹–€ŒSº˜a’¬‰Ÿ‰z,141-6,,
19384-0900-22.zip,202202141041,’†‹–€ŒSº˜a’¬‰Ÿ‰z,142-10,,
19384-0900-22.zip,202202141041,’†‹–€ŒSº˜a’¬‰Ÿ‰z,142-11,,
19384-0900-22.zip,202202141041,’†‹–€ŒSº˜a’¬‰Ÿ‰z,142-12,,
19384-0900-22.zip,202202141041,’†‹–€ŒSº˜a’¬‰Ÿ‰z,1209-3,,
19384-0900-22.zip,202202141041,’†‹–€ŒSº˜a’¬‰Ÿ‰z,1209-1,,
19384-0900-22.zip,202202141041,’†‹–€ŒSº˜a’¬‰Ÿ‰z,1209-2,,
19384-0900-22.zip,202202141041,’†‹–€ŒSº˜a’¬‰Ÿ‰z,1675-5,,
19384-0900-22.zip,202202141041,’†‹–€ŒSº˜a’¬‰Ÿ‰z,1675-4,,
19384-0900-22.zip,202202141041,’†‹–€ŒSº˜a’¬‰Ÿ‰z,1675-6,,
19384-0900-22.zip,202202141041,’†‹–€ŒSº˜a’¬‰Ÿ‰z,…-434,,
19384-0900-22.zip,202202141041,’†‹–€ŒSº˜a’¬‰Ÿ‰z,1675-3,,
19384-0900-22.zip,202202141041,’†‹–€ŒSº˜a’¬‰Ÿ‰z,…-596,,
19384-0900-22.zip,202202141041,’†‹–€ŒSº˜a’¬‰Ÿ‰z,2166,,
19384-0900-22.zip,202202141041,’†‹–€ŒSº˜a’¬‰Ÿ‰z,2172,,
19384-0900-22.zip,202202141041,’†‹–€ŒSº˜a’¬‰Ÿ‰z,2165-3,,
19384-0900-22.zip,202202141041,’†‹–€ŒSº˜a’¬‰Ÿ‰z,2165-4,,
19384-0900-22.zip,202202141041,’†‹–€ŒSº˜a’¬‰Ÿ‰z,834-1,,
19384-0900-22.zip,202202141041,’†‹–€ŒSº˜a’¬‰Ÿ‰z,834-3,,
19384-0900-22.zip,202202141041,’†‹–€ŒSº˜a’¬‰Ÿ‰z,834-4,,
19384-0900-22.zip,202202141041,’†‹–€ŒSº˜a’¬‰Ÿ‰z,834-2,,
19384-0900-22.zip,202202141041,’†‹–€ŒSº˜a’¬‰Ÿ‰z,835-4,,
19384-0900-22.zip,202202141041,’†‹–€ŒSº˜a’¬‰Ÿ‰z,835-1,,
19384-0900-22.zip,202202141041,’†‹–€ŒSº˜a’¬‰Ÿ‰z,835-3,,
19384-0900-22.zip,202202141041,’†‹–€ŒSº˜a’¬‰Ÿ‰z,851-3,,
19384-0900-22.zip,202202141041,’†‹–€ŒSº˜a’¬‰Ÿ‰z,…-541,,
19384-0900-22.zip,202202141041,’†‹–€ŒSº˜a’¬‰Ÿ‰z,852-1,,
19384-0900-22.zip,202202141041,’†‹–€ŒSº˜a’¬‰Ÿ‰z,852-3,,
19384-0900-22.zip,202202141041,’†‹–€ŒSº˜a’¬‰Ÿ‰z,852-4,,
19384-0900-22.zip,202202141041,’†‹–€ŒSº˜a’¬‰Ÿ‰z,852-2,,
19384-0900-22.zip,202202141041,’†‹–€ŒSº˜a’¬‰Ÿ‰z,852-6,,
19384-0900-22.zip,202202141041,’†‹–€ŒSº˜a’¬‰Ÿ‰z,851-2,,
19384-0900-22.zip,202202141041,’†‹–€ŒSº˜a’¬‰Ÿ‰z,832-5,,
19384-0900-22.zip,202202141041,’†‹–€ŒSº˜a’¬‰Ÿ‰z,1014-5,,
19384-0900-22.zip,202202141041,’†‹–€ŒSº˜a’¬‰Ÿ‰z,…-4-1,,
19384-0900-22.zip,202202141041,’†‹–€ŒSº˜a’¬‰Ÿ‰z,1321-5,,
19384-0900-22.zip,202202141041,’†‹–€ŒSº˜a’¬‰Ÿ‰z,1312-1,,
19384-0900-22.zip,202202141041,’†‹–€ŒSº˜a’¬‰Ÿ‰z,1240-3,,
19384-0900-22.zip,202202141041,’†‹–€ŒSº˜a’¬‰Ÿ‰z,1220-6,,
19384-0900-22.zip,202202141041,’†‹–€ŒSº˜a’¬‰Ÿ‰z,1220-4,,
19384-0900-22.zip,202202141041,’†‹–€ŒSº˜a’¬‰Ÿ‰z,1220-3,,
19384-0900-22.zip,202202141041,’†‹–€ŒSº˜a’¬‰Ÿ‰z,1319-3,,
19384-0900-22.zip,202202141041,’†‹–€ŒSº˜a’¬‰Ÿ‰z,1514-14,,
19384-0900-22.zip,202202141041,’†‹–€ŒSº˜a’¬‰Ÿ‰z,1514-2,,
19384-0900-22.zip,202202141041,’†‹–€ŒSº˜a’¬‰Ÿ‰z,…-448,,
19384-0900-22.zip,202202141041,’†‹–€ŒSº˜a’¬‰Ÿ‰z,1514-6,,
19384-0900-22.zip,202202141041,’†‹–€ŒSº˜a’¬‰Ÿ‰z,1514-8,,
19384-0900-22.zip,202202141041,’†‹–€ŒSº˜a’¬‰Ÿ‰z,…-482-2,,
19384-0900-22.zip,202202141041,’†‹–€ŒSº˜a’¬‰Ÿ‰z,2165-5,,
19384-0900-22.zip,202202141041,’†‹–€ŒSº˜a’¬‰Ÿ‰z,…-482,,
19384-0900-22.zip,202202141041,’†‹–€ŒSº˜a’¬‰Ÿ‰z,1244,,
19384-0900-22.zip,202202141041,’†‹–€ŒSº˜a’¬‰Ÿ‰z,837-4,,
19384-0900-22.zip,202202141041,’†‹–€ŒSº˜a’¬‰Ÿ‰z,2038-12,,
19384-0900-22.zip,202202141041,’†‹–€ŒSº˜a’¬‰Ÿ‰z,2051-3,,
19384-0900-22.zip,202202141041,’†‹–€ŒSº˜a’¬‰Ÿ‰z,2058-7,,
19384-0900-22.zip,202202141041,’†‹–€ŒSº˜a’¬‰Ÿ‰z,2058-2,,
19384-0900-22.zip,202202141041,’†‹–€ŒSº˜a’¬‰Ÿ‰z,2058-8,,
19384-0900-22.zip,202202141041,’†‹–€ŒSº˜a’¬‰Ÿ‰z,2058-9,,
19384-0900-22.zip,202202141041,’†‹–€ŒSº˜a’¬‰Ÿ‰z,1372-2,,
19384-0900-22.zip,202202141041,’†‹–€ŒSº˜a’¬‰Ÿ‰z,1372-1,,
19384-0900-22.zip,202202141041,’†‹–€ŒSº˜a’¬‰Ÿ‰z,“¹-391,,
19384-0900-22.zip,202202141041,’†‹–€ŒSº˜a’¬‰Ÿ‰z,1373-2,,
19384-0900-22.zip,202202141041,’†‹–€ŒSº˜a’¬‰Ÿ‰z,1839-4,,
19384-0900-22.zip,202202141041,’†‹–€ŒSº˜a’¬‰Ÿ‰z,1802-2,,
19384-0900-22.zip,202202141041,’†‹–€ŒSº˜a’¬‰Ÿ‰z,1796-1,,
19384-0900-22.zip,202202141041,’†‹–€ŒSº˜a’¬‰Ÿ‰z,1796-3,,
19384-0900-22.zip,202202141041,’†‹–€ŒSº˜a’¬‰Ÿ‰z,1797-4,,
19384-0900-22.zip,202202141041,’†‹–€ŒSº˜a’¬‰Ÿ‰z,1796-2,,
19384-0900-22.zip,202202141041,’†‹–€ŒSº˜a’¬‰Ÿ‰z,1839-5,,
19384-0900-22.zip,202202141041,’†‹–€ŒSº˜a’¬‰Ÿ‰z,1839-3,,
19384-0900-22.zip,202202141041,’†‹–€ŒSº˜a’¬‰Ÿ‰z,1839-1,,
19384-0900-22.zip,202202141041,’†‹–€ŒSº˜a’¬‰Ÿ‰z,477-2,,
19384-0900-22.zip,202202141041,’†‹–€ŒSº˜a’¬‰Ÿ‰z,477-1,,
19384-0900-22.zip,202202141041,’†‹–€ŒSº˜a’¬‰Ÿ‰z,476-2,,
19384-0900-22.zip,202202141041,’†‹–€ŒSº˜a’¬‰Ÿ‰z,476-1,,
19384-0900-22.zip,202202141041,’†‹–€ŒSº˜a’¬‰Ÿ‰z,73-1,,
19384-0900-22.zip,202202141041,’†‹–€ŒSº˜a’¬‰Ÿ‰z,73-3,,
19384-0900-22.zip,202202141041,’†‹–€ŒSº˜a’¬‰Ÿ‰z,…-547,,
19384-0900-22.zip,202202141041,’†‹–€ŒSº˜a’¬‰Ÿ‰z,72-1,,
19384-0900-22.zip,202202141041,’†‹–€ŒSº˜a’¬‰Ÿ‰z,72-4,,
19384-0900-22.zip,202202141041,’†‹–€ŒSº˜a’¬‰Ÿ‰z,463-9,,
19384-0900-22.zip,202202141041,’†‹–€ŒSº˜a’¬‰Ÿ‰z,463-4,,
19384-0900-22.zip,202202141041,’†‹–€ŒSº˜a’¬‰Ÿ‰z,129-1,,
19384-0900-22.zip,202202141041,’†‹–€ŒSº˜a’¬‰Ÿ‰z,129-4,,
19384-0900-22.zip,202202141041,’†‹–€ŒSº˜a’¬‰Ÿ‰z,485-8,,
19384-0900-22.zip,202202141041,’†‹–€ŒSº˜a’¬‰Ÿ‰z,485-15,,
19384-0900-22.zip,202202141041,’†‹–€ŒSº˜a’¬‰Ÿ‰z,485-14,,
19384-0900-22.zip,202202141041,’†‹–€ŒSº˜a’¬‰Ÿ‰z,1689-3,,
19384-0900-22.zip,202202141041,’†‹–€ŒSº˜a’¬‰Ÿ‰z,2021-2,,
19384-0900-22.zip,202202141041,’†‹–€ŒSº˜a’¬‰Ÿ‰z,985-1,,
19384-0900-22.zip,202202141041,’†‹–€ŒSº˜a’¬‰Ÿ‰z,985-2,,
19384-0900-22.zip,202202141041,’†‹–€ŒSº˜a’¬‰Ÿ‰z,986-1,,
19384-0900-22.zip,202202141041,’†‹–€ŒSº˜a’¬‰Ÿ‰z,986-2,,
19384-0900-22.zip,202202141041,’†‹–€ŒSº˜a’¬‰Ÿ‰z,1007-5,,
19384-0900-22.zip,202202141041,’†‹–€ŒSº˜a’¬‰Ÿ‰z,1007-3,,
19384-0900-22.zip,202202141041,’†‹–€ŒSº˜a’¬‰Ÿ‰z,1008-4,,
19384-0900-22.zip,202202141041,’†‹–€ŒSº˜a’¬‰Ÿ‰z,1008-1,,
19384-0900-22.zip,202202141041,’†‹–€ŒSº˜a’¬‰Ÿ‰z,2160-7,,
19384-0900-22.zip,202202141041,’†‹–€ŒSº˜a’¬‰Ÿ‰z,2160-9,,
19384-0900-22.zip,202202141041,’†‹–€ŒSº˜a’¬‰Ÿ‰z,972-5,,
19384-0900-22.zip,202202141041,’†‹–€ŒSº˜a’¬‰Ÿ‰z,976-3,,
19384-0900-22.zip,202202141041,’†‹–€ŒSº˜a’¬‰Ÿ‰z,“¹-373,,
19384-0900-22.zip,202202141041,’†‹–€ŒSº˜a’¬‰Ÿ‰z,976-4,,
19384-0900-22.zip,202202141041,’†‹–€ŒSº˜a’¬‰Ÿ‰z,…-592,,
19384-0900-22.zip,202202141041,’†‹–€ŒSº˜a’¬‰Ÿ‰z,…-594,,
19384-0900-22.zip,202202141041,’†‹–€ŒSº˜a’¬‰Ÿ‰z,937-6,,
19384-0900-22.zip,202202141041,’†‹–€ŒSº˜a’¬‰Ÿ‰z,“¹-389,,
19384-0900-22.zip,202202141041,’†‹–€ŒSº˜a’¬‰Ÿ‰z,…-594-1,,
19384-0900-22.zip,202202141041,’†‹–€ŒSº˜a’¬‰Ÿ‰z,…-574,,
19384-0900-22.zip,202202141041,’†‹–€ŒSº˜a’¬‰Ÿ‰z,483-7,,
19384-0900-22.zip,202202141041,’†‹–€ŒSº˜a’¬‰Ÿ‰z,483-3,,
19384-0900-22.zip,202202141041,’†‹–€ŒSº˜a’¬‰Ÿ‰z,483-6,,
19384-0900-22.zip,202202141041,’†‹–€ŒSº˜a’¬‰Ÿ‰z,…-514,,
19384-0900-22.zip,202202141041,’†‹–€ŒSº˜a’¬‰Ÿ‰z,569-10,,
19384-0900-22.zip,202202141041,’†‹–€ŒSº˜a’¬‰Ÿ‰z,569-1,,
19384-0900-22.zip,202202141041,’†‹–€ŒSº˜a’¬‰Ÿ‰z,…-2,,
19384-0900-22.zip,202202141041,’†‹–€ŒSº˜a’¬‰Ÿ‰z,569-8,,
19384-0900-22.zip,202202141041,’†‹–€ŒSº˜a’¬‰Ÿ‰z,569-11,,
19384-0900-22.zip,202202141041,’†‹–€ŒSº˜a’¬‰Ÿ‰z,569-7,,
19384-0900-22.zip,202202141041,’†‹–€ŒSº˜a’¬‰Ÿ‰z,569-9,,
19384-0900-22.zip,202202141041,’†‹–€ŒSº˜a’¬‰Ÿ‰z,1892,,
19384-0900-22.zip,202202141041,’†‹–€ŒSº˜a’¬‰Ÿ‰z,1892-2,,
19384-0900-22.zip,202202141041,’†‹–€ŒSº˜a’¬‰Ÿ‰z,1898-3,,
19384-0900-22.zip,202202141041,’†‹–€ŒSº˜a’¬‰Ÿ‰z,1893-3,,
19384-0900-22.zip,202202141041,’†‹–€ŒSº˜a’¬‰Ÿ‰z,1890-7,,
19384-0900-22.zip,202202141041,’†‹–€ŒSº˜a’¬‰Ÿ‰z,72-5,,
19384-0900-22.zip,202202141041,’†‹–€ŒSº˜a’¬‰Ÿ‰z,542-6,,
19384-0900-22.zip,202202141041,’†‹–€ŒSº˜a’¬‰Ÿ‰z,542-7,,
19384-0900-22.zip,202202141041,’†‹–€ŒSº˜a’¬‰Ÿ‰z,606-7,,
19384-0900-22.zip,202202141041,’†‹–€ŒSº˜a’¬‰Ÿ‰z,606-6,,
19384-0900-22.zip,202202141041,’†‹–€ŒSº˜a’¬‰Ÿ‰z,542-1,,
19384-0900-22.zip,202202141041,’†‹–€ŒSº˜a’¬‰Ÿ‰z,…-553,,
19384-0900-22.zip,202202141041,’†‹–€ŒSº˜a’¬‰Ÿ‰z,606-8,,
19384-0900-22.zip,202202141041,’†‹–€ŒSº˜a’¬‰Ÿ‰z,513-5,,
19384-0900-22.zip,202202141041,’†‹–€ŒSº˜a’¬‰Ÿ‰z,604-1,,
19384-0900-22.zip,202202141041,’†‹–€ŒSº˜a’¬‰Ÿ‰z,495-2,,
19384-0900-22.zip,202202141041,’†‹–€ŒSº˜a’¬‰Ÿ‰z,495-15,,
19384-0900-22.zip,202202141041,’†‹–€ŒSº˜a’¬‰Ÿ‰z,495-1,,
19384-0900-22.zip,202202141041,’†‹–€ŒSº˜a’¬‰Ÿ‰z,…-469,,
19384-0900-22.zip,202202141041,’†‹–€ŒSº˜a’¬‰Ÿ‰z,1129-1,,
19384-0900-22.zip,202202141041,’†‹–€ŒSº˜a’¬‰Ÿ‰z,1129-3,,
19384-0900-22.zip,202202141041,’†‹–€ŒSº˜a’¬‰Ÿ‰z,“¹-4,,
19384-0900-22.zip,202202141041,’†‹–€ŒSº˜a’¬‰Ÿ‰z,1130-1,,
19384-0900-22.zip,202202141041,’†‹–€ŒSº˜a’¬‰Ÿ‰z,…-489,,
19384-0900-22.zip,202202141041,’†‹–€ŒSº˜a’¬‰Ÿ‰z,1664-4,,
19384-0900-22.zip,202202141041,’†‹–€ŒSº˜a’¬‰Ÿ‰z,1664-1,,
19384-0900-22.zip,202202141041,’†‹–€ŒSº˜a’¬‰Ÿ‰z,1664-5,,
19384-0900-22.zip,202202141041,’†‹–€ŒSº˜a’¬‰Ÿ‰z,1664-2,,
19384-0900-22.zip,202202141041,’†‹–€ŒSº˜a’¬‰Ÿ‰z,1662-4,,
19384-0900-22.zip,202202141041,’†‹–€ŒSº˜a’¬‰Ÿ‰z,1662-2,,
19384-0900-22.zip,202202141041,’†‹–€ŒSº˜a’¬‰Ÿ‰z,…-477-1,,
19384-0900-22.zip,202202141041,’†‹–€ŒSº˜a’¬‰Ÿ‰z,1662-1,,
19384-0900-22.zip,202202141041,’†‹–€ŒSº˜a’¬‰Ÿ‰z,1662-5,,
19384-0900-22.zip,202202141041,’†‹–€ŒSº˜a’¬‰Ÿ‰z,1665-5,,
19384-0900-22.zip,202202141041,’†‹–€ŒSº˜a’¬‰Ÿ‰z,1665-3,,
19384-0900-22.zip,202202141041,’†‹–€ŒSº˜a’¬‰Ÿ‰z,1665-1,,
19384-0900-22.zip,202202141041,’†‹–€ŒSº˜a’¬‰Ÿ‰z,1664-6,,
19384-0900-22.zip,202202141041,’†‹–€ŒSº˜a’¬‰Ÿ‰z,1664-3,,
19384-0900-22.zip,202202141041,’†‹–€ŒSº˜a’¬‰Ÿ‰z,1582-2,,
19384-0900-22.zip,202202141041,’†‹–€ŒSº˜a’¬‰Ÿ‰z,1582-3,,
19384-0900-22.zip,202202141041,’†‹–€ŒSº˜a’¬‰Ÿ‰z,“¹-345,,
19384-0900-22.zip,202202141041,’†‹–€ŒSº˜a’¬‰Ÿ‰z,1581-3,,
19384-0900-22.zip,202202141041,’†‹–€ŒSº˜a’¬‰Ÿ‰z,1582-1,,
19384-0900-22.zip,202202141041,’†‹–€ŒSº˜a’¬‰Ÿ‰z,1585-1,,
19384-0900-22.zip,202202141041,’†‹–€ŒSº˜a’¬‰Ÿ‰z,1585-2,,
19384-0900-22.zip,202202141041,’†‹–€ŒSº˜a’¬‰Ÿ‰z,–³’n”Ô-29,,
19384-0900-22.zip,202202141041,’†‹–€ŒSº˜a’¬‰Ÿ‰z,…-433,,
19384-0900-22.zip,202202141041,’†‹–€ŒSº˜a’¬‰Ÿ‰z,1626-1,,
19384-0900-22.zip,202202141041,’†‹–€ŒSº˜a’¬‰Ÿ‰z,1626-2,,
19384-0900-22.zip,202202141041,’†‹–€ŒSº˜a’¬‰Ÿ‰z,1630-3,,
19384-0900-22.zip,202202141041,’†‹–€ŒSº˜a’¬‰Ÿ‰z,–³’n”Ô-30,,
19384-0900-22.zip,202202141041,’†‹–€ŒSº˜a’¬‰Ÿ‰z,768-4,,
19384-0900-22.zip,202202141041,’†‹–€ŒSº˜a’¬‰Ÿ‰z,768-1,,
19384-0900-22.zip,202202141041,’†‹–€ŒSº˜a’¬‰Ÿ‰z,768-2,,
19384-0900-22.zip,202202141041,’†‹–€ŒSº˜a’¬‰Ÿ‰z,770,,
19384-0900-22.zip,202202141041,’†‹–€ŒSº˜a’¬‰Ÿ‰z,76-1,,
19384-0900-22.zip,202202141041,’†‹–€ŒSº˜a’¬‰Ÿ‰z,76-4,,
19384-0900-22.zip,202202141041,’†‹–€ŒSº˜a’¬‰Ÿ‰z,76-3,,
19384-0900-22.zip,202202141041,’†‹–€ŒSº˜a’¬‰Ÿ‰z,436-1,,
19384-0900-22.zip,202202141041,’†‹–€ŒSº˜a’¬‰Ÿ‰z,436-3,,
19384-0900-22.zip,202202141041,’†‹–€ŒSº˜a’¬‰Ÿ‰z,436-2,,
19384-0900-22.zip,202202141041,’†‹–€ŒSº˜a’¬‰Ÿ‰z,437,,
19384-0900-22.zip,202202141041,’†‹–€ŒSº˜a’¬‰Ÿ‰z,142-1,,
19384-0900-22.zip,202202141041,’†‹–€ŒSº˜a’¬‰Ÿ‰z,142-15,,
19384-0900-22.zip,202202141041,’†‹–€ŒSº˜a’¬‰Ÿ‰z,142-8,,
19384-0900-22.zip,202202141041,’†‹–€ŒSº˜a’¬‰Ÿ‰z,“¹-1-2,,
19384-0900-22.zip,202202141041,’†‹–€ŒSº˜a’¬‰Ÿ‰z,142-9,,
19384-0900-22.zip,202202141041,’†‹–€ŒSº˜a’¬‰Ÿ‰z,142-6,,
19384-0900-22.zip,202202141041,’†‹–€ŒSº˜a’¬‰Ÿ‰z,142-13,,
19384-0900-22.zip,202202141041,’†‹–€ŒSº˜a’¬‰Ÿ‰z,“¹-1-2-1,,
19384-0900-22.zip,202202141041,’†‹–€ŒSº˜a’¬‰Ÿ‰z,1723-1,,
19384-0900-22.zip,202202141041,’†‹–€ŒSº˜a’¬‰Ÿ‰z,…-565,,
19384-0900-22.zip,202202141041,’†‹–€ŒSº˜a’¬‰Ÿ‰z,17-8,,
19384-0900-22.zip,202202141041,’†‹–€ŒSº˜a’¬‰Ÿ‰z,17-4,,
19384-0900-22.zip,202202141041,’†‹–€ŒSº˜a’¬‰Ÿ‰z,17-5,,
19384-0900-22.zip,202202141041,’†‹–€ŒSº˜a’¬‰Ÿ‰z,17-7,,
19384-0900-22.zip,202202141041,’†‹–€ŒSº˜a’¬‰Ÿ‰z,17-6,,
19384-0900-22.zip,202202141041,’†‹–€ŒSº˜a’¬‰Ÿ‰z,17-1,,
19384-0900-22.zip,202202141041,’†‹–€ŒSº˜a’¬‰Ÿ‰z,17-2,,
19384-0900-22.zip,202202141041,’†‹–€ŒSº˜a’¬‰Ÿ‰z,17-3,,
19384-0900-22.zip,202202141041,’†‹–€ŒSº˜a’¬‰Ÿ‰z,16,,
19384-0900-22.zip,202202141041,’†‹–€ŒSº˜a’¬‰Ÿ‰z,18-2,,
19384-0900-22.zip,202202141041,’†‹–€ŒSº˜a’¬‰Ÿ‰z,14-2,,
19384-0900-22.zip,202202141041,’†‹–€ŒSº˜a’¬‰Ÿ‰z,“¹-362,,
19384-0900-22.zip,202202141041,’†‹–€ŒSº˜a’¬‰Ÿ‰z,19-3,,
19384-0900-22.zip,202202141041,’†‹–€ŒSº˜a’¬‰Ÿ‰z,19-4,,
19384-0900-22.zip,202202141041,’†‹–€ŒSº˜a’¬‰Ÿ‰z,19-7,,
19384-0900-22.zip,202202141041,’†‹–€ŒSº˜a’¬‰Ÿ‰z,19-6,,
19384-0900-22.zip,202202141041,’†‹–€ŒSº˜a’¬‰Ÿ‰z,19-5,,
19384-0900-22.zip,202202141041,’†‹–€ŒSº˜a’¬‰Ÿ‰z,19-2,,
19384-0900-22.zip,202202141041,’†‹–€ŒSº˜a’¬‰Ÿ‰z,19-9,,
19384-0900-22.zip,202202141041,’†‹–€ŒSº˜a’¬‰Ÿ‰z,…-486,,
19384-0900-22.zip,202202141041,’†‹–€ŒSº˜a’¬‰Ÿ‰z,19-1,,
19384-0900-22.zip,202202141041,’†‹–€ŒSº˜a’¬‰Ÿ‰z,19-11,,
19384-0900-22.zip,202202141041,’†‹–€ŒSº˜a’¬‰Ÿ‰z,19-10,,
19384-0900-22.zip,202202141041,’†‹–€ŒSº˜a’¬‰Ÿ‰z,19-8,,
19384-0900-22.zip,202202141041,’†‹–€ŒSº˜a’¬‰Ÿ‰z,20-4,,
19384-0900-22.zip,202202141041,’†‹–€ŒSº˜a’¬‰Ÿ‰z,20-2,,
19384-0900-22.zip,202202141041,’†‹–€ŒSº˜a’¬‰Ÿ‰z,“¹-367,,
19384-0900-22.zip,202202141041,’†‹–€ŒSº˜a’¬‰Ÿ‰z,37-3,,
19384-0900-22.zip,202202141041,’†‹–€ŒSº˜a’¬‰Ÿ‰z,37-1,,
19384-0900-22.zip,202202141041,’†‹–€ŒSº˜a’¬‰Ÿ‰z,38,,
19384-0900-22.zip,202202141041,’†‹–€ŒSº˜a’¬‰Ÿ‰z,122,,
19384-0900-22.zip,202202141041,’†‹–€ŒSº˜a’¬‰Ÿ‰z,2084,,
19384-0900-22.zip,202202141041,’†‹–€ŒSº˜a’¬‰Ÿ‰z,1591-3,,
19384-0900-22.zip,202202141041,’†‹–€ŒSº˜a’¬‰Ÿ‰z,“¹-384,,
19384-0900-22.zip,202202141041,’†‹–€ŒSº˜a’¬‰Ÿ‰z,618-2,,
19384-0900-22.zip,202202141041,’†‹–€ŒSº˜a’¬‰Ÿ‰z,618-3,,
19384-0900-22.zip,202202141041,’†‹–€ŒSº˜a’¬‰Ÿ‰z,…-1000,,
19384-0900-22.zip,202202141041,’†‹–€ŒSº˜a’¬‰Ÿ‰z,619-4,,
19384-0900-22.zip,202202141041,’†‹–€ŒSº˜a’¬‰Ÿ‰z,617-1,,
19384-0900-22.zip,202202141041,’†‹–€ŒSº˜a’¬‰Ÿ‰z,942-2,,
19384-0900-22.zip,202202141041,’†‹–€ŒSº˜a’¬‰Ÿ‰z,942-3,,
19384-0900-22.zip,202202141041,’†‹–€ŒSº˜a’¬‰Ÿ‰z,942-1,,
19384-0900-22.zip,202202141041,’†‹–€ŒSº˜a’¬‰Ÿ‰z,942-4,,
19384-0900-22.zip,202202141041,’†‹–€ŒSº˜a’¬‰Ÿ‰z,“¹-373-1,,
19384-0900-22.zip,202202141041,’†‹–€ŒSº˜a’¬‰Ÿ‰z,…-518,,
19384-0900-22.zip,202202141041,’†‹–€ŒSº˜a’¬‰Ÿ‰z,645-2,,
19384-0900-22.zip,202202141041,’†‹–€ŒSº˜a’¬‰Ÿ‰z,629-1,,
19384-0900-22.zip,202202141041,’†‹–€ŒSº˜a’¬‰Ÿ‰z,1723-3,,
19384-0900-22.zip,202202141041,’†‹–€ŒSº˜a’¬‰Ÿ‰z,1723-2,,
19384-0900-22.zip,202202141041,’†‹–€ŒSº˜a’¬‰Ÿ‰z,1723-4,,
19384-0900-22.zip,202202141041,’†‹–€ŒSº˜a’¬‰Ÿ‰z,2096,,
19384-0900-22.zip,202202141041,’†‹–€ŒSº˜a’¬‰Ÿ‰z,1624-5,,
19384-0900-22.zip,202202141041,’†‹–€ŒSº˜a’¬‰Ÿ‰z,2162-7,,
19384-0900-22.zip,202202141041,’†‹–€ŒSº˜a’¬‰Ÿ‰z,2162-5,,
19384-0900-22.zip,202202141041,’†‹–€ŒSº˜a’¬‰Ÿ‰z,2162-6,,
19384-0900-22.zip,202202141041,’†‹–€ŒSº˜a’¬‰Ÿ‰z,2163-2,,
19384-0900-22.zip,202202141041,’†‹–€ŒSº˜a’¬‰Ÿ‰z,2163-3,,
19384-0900-22.zip,202202141041,’†‹–€ŒSº˜a’¬‰Ÿ‰z,2163-4,,
19384-0900-22.zip,202202141041,’†‹–€ŒSº˜a’¬‰Ÿ‰z,2188-4,,
19384-0900-22.zip,202202141041,’†‹–€ŒSº˜a’¬‰Ÿ‰z,2188-3,,
19384-0900-22.zip,202202141041,’†‹–€ŒSº˜a’¬‰Ÿ‰z,2188-5,,
19384-0900-22.zip,202202141041,’†‹–€ŒSº˜a’¬‰Ÿ‰z,2188-1,,
19384-0900-22.zip,202202141041,’†‹–€ŒSº˜a’¬‰Ÿ‰z,1615-1,,
19384-0900-22.zip,202202141041,’†‹–€ŒSº˜a’¬‰Ÿ‰z,1615-3,,
19384-0900-22.zip,202202141041,’†‹–€ŒSº˜a’¬‰Ÿ‰z,1613-16,,
19384-0900-22.zip,202202141041,’†‹–€ŒSº˜a’¬‰Ÿ‰z,1611-2,,
19384-0900-22.zip,202202141041,’†‹–€ŒSº˜a’¬‰Ÿ‰z,1613-2,,
19384-0900-22.zip,202202141041,’†‹–€ŒSº˜a’¬‰Ÿ‰z,921-2,,
19384-0900-22.zip,202202141041,’†‹–€ŒSº˜a’¬‰Ÿ‰z,921-1,,
19384-0900-22.zip,202202141041,’†‹–€ŒSº˜a’¬‰Ÿ‰z,’·‹·•¨•s–¾-50,,
19384-0900-22.zip,202202141041,’†‹–€ŒSº˜a’¬‰Ÿ‰z,2050-1,,
19384-0900-22.zip,202202141041,’†‹–€ŒSº˜a’¬‰Ÿ‰z,2050-6,,
19384-0900-22.zip,202202141041,’†‹–€ŒSº˜a’¬‰Ÿ‰z,“¹-398,,
19384-0900-22.zip,202202141041,’†‹–€ŒSº˜a’¬‰Ÿ‰z,2061,,
19384-0900-22.zip,202202141041,’†‹–€ŒSº˜a’¬‰Ÿ‰z,475-1,,
19384-0900-22.zip,202202141041,’†‹–€ŒSº˜a’¬‰Ÿ‰z,475-3,,
19384-0900-22.zip,202202141041,’†‹–€ŒSº˜a’¬‰Ÿ‰z,475-2,,
19384-0900-22.zip,202202141041,’†‹–€ŒSº˜a’¬‰Ÿ‰z,…-439,,
19384-0900-22.zip,202202141041,’†‹–€ŒSº˜a’¬‰Ÿ‰z,1611-1,,
19384-0900-22.zip,202202141041,’†‹–€ŒSº˜a’¬‰Ÿ‰z,1611-3,,
19384-0900-22.zip,202202141041,’†‹–€ŒSº˜a’¬‰Ÿ‰z,1613-1,,
19384-0900-22.zip,202202141041,’†‹–€ŒSº˜a’¬‰Ÿ‰z,1624-1,,
19384-0900-22.zip,202202141041,’†‹–€ŒSº˜a’¬‰Ÿ‰z,1624-6,,
19384-0900-22.zip,202202141041,’†‹–€ŒSº˜a’¬‰Ÿ‰z,…-560,,
19384-0900-22.zip,202202141041,’†‹–€ŒSº˜a’¬‰Ÿ‰z,“¹-427,,
19384-0900-22.zip,202202141041,’†‹–€ŒSº˜a’¬‰Ÿ‰z,…-21,,
19384-0900-22.zip,202202141041,’†‹–€ŒSº˜a’¬‰Ÿ‰z,2163-5,,
19384-0900-22.zip,202202141041,’†‹–€ŒSº˜a’¬‰Ÿ‰z,2163-1,,
19384-0900-22.zip,202202141041,’†‹–€ŒSº˜a’¬‰Ÿ‰z,2134-3,,
19384-0900-22.zip,202202141041,’†‹–€ŒSº˜a’¬‰Ÿ‰z,2134-1,,
19384-0900-22.zip,202202141041,’†‹–€ŒSº˜a’¬‰Ÿ‰z,2300-2,,
19384-0900-22.zip,202202141041,’†‹–€ŒSº˜a’¬‰Ÿ‰z,2300-3,,
19384-0900-22.zip,202202141041,’†‹–€ŒSº˜a’¬‰Ÿ‰z,2317,,
19384-0900-22.zip,202202141041,’†‹–€ŒSº˜a’¬‰Ÿ‰z,441-1,,
19384-0900-22.zip,202202141041,’†‹–€ŒSº˜a’¬‰Ÿ‰z,441-4,,
19384-0900-22.zip,202202141041,’†‹–€ŒSº˜a’¬‰Ÿ‰z,“¹-409,,
19384-0900-22.zip,202202141041,’†‹–€ŒSº˜a’¬‰Ÿ‰z,“¹-31,,
19384-0900-22.zip,202202141041,’†‹–€ŒSº˜a’¬‰Ÿ‰z,81-3,,
19384-0900-22.zip,202202141041,’†‹–€ŒSº˜a’¬‰Ÿ‰z,128-4,,
19384-0900-22.zip,202202141041,’†‹–€ŒSº˜a’¬‰Ÿ‰z,1230-8,,
19384-0900-22.zip,202202141041,’†‹–€ŒSº˜a’¬‰Ÿ‰z,1230-2,,
19384-0900-22.zip,202202141041,’†‹–€ŒSº˜a’¬‰Ÿ‰z,“¹-348,,
19384-0900-22.zip,202202141041,’†‹–€ŒSº˜a’¬‰Ÿ‰z,517-2,,
19384-0900-22.zip,202202141041,’†‹–€ŒSº˜a’¬‰Ÿ‰z,517-9,,
19384-0900-22.zip,202202141041,’†‹–€ŒSº˜a’¬‰Ÿ‰z,…-546,,
19384-0900-22.zip,202202141041,’†‹–€ŒSº˜a’¬‰Ÿ‰z,…-480,,
19384-0900-22.zip,202202141041,’†‹–€ŒSº˜a’¬‰Ÿ‰z,80-3,,
19384-0900-22.zip,202202141041,’†‹–€ŒSº˜a’¬‰Ÿ‰z,1027-9,,
19384-0900-22.zip,202202141041,’†‹–€ŒSº˜a’¬‰Ÿ‰z,1027-1,,
19384-0900-22.zip,202202141041,’†‹–€ŒSº˜a’¬‰Ÿ‰z,1027-7,,
19384-0900-22.zip,202202141041,’†‹–€ŒSº˜a’¬‰Ÿ‰z,1659-4,,
19384-0900-22.zip,202202141041,’†‹–€ŒSº˜a’¬‰Ÿ‰z,1659,,
19384-0900-22.zip,202202141041,’†‹–€ŒSº˜a’¬‰Ÿ‰z,1659-5,,
19384-0900-22.zip,202202141041,’†‹–€ŒSº˜a’¬‰Ÿ‰z,“¹-394,,
19384-0900-22.zip,202202141041,’†‹–€ŒSº˜a’¬‰Ÿ‰z,1784-6,,
19384-0900-22.zip,202202141041,’†‹–€ŒSº˜a’¬‰Ÿ‰z,1783-7,,
19384-0900-22.zip,202202141041,’†‹–€ŒSº˜a’¬‰Ÿ‰z,1784-4,,
19384-0900-22.zip,202202141041,’†‹–€ŒSº˜a’¬‰Ÿ‰z,1783-6,,
19384-0900-22.zip,202202141041,’†‹–€ŒSº˜a’¬‰Ÿ‰z,1784-9,,
19384-0900-22.zip,202202141041,’†‹–€ŒSº˜a’¬‰Ÿ‰z,1784-1,,
19384-0900-22.zip,202202141041,’†‹–€ŒSº˜a’¬‰Ÿ‰z,1784-8,,
19384-0900-22.zip,202202141041,’†‹–€ŒSº˜a’¬‰Ÿ‰z,1660-1,,
19384-0900-22.zip,202202141041,’†‹–€ŒSº˜a’¬‰Ÿ‰z,1660-6,,
19384-0900-22.zip,202202141041,’†‹–€ŒSº˜a’¬‰Ÿ‰z,1667-1,,
19384-0900-22.zip,202202141041,’†‹–€ŒSº˜a’¬‰Ÿ‰z,1659-2,,
19384-0900-22.zip,202202141041,’†‹–€ŒSº˜a’¬‰Ÿ‰z,128-6,,
19384-0900-22.zip,202202141041,’†‹–€ŒSº˜a’¬‰Ÿ‰z,128-1,,
19384-0900-22.zip,202202141041,’†‹–€ŒSº˜a’¬‰Ÿ‰z,1677-1,,
19384-0900-22.zip,202202141041,’†‹–€ŒSº˜a’¬‰Ÿ‰z,1677-3,,
19384-0900-22.zip,202202141041,’†‹–€ŒSº˜a’¬‰Ÿ‰z,1679,,
19384-0900-22.zip,202202141041,’†‹–€ŒSº˜a’¬‰Ÿ‰z,1677-2,,
19384-0900-22.zip,202202141041,’†‹–€ŒSº˜a’¬‰Ÿ‰z,“¹-40a,,
19384-0900-22.zip,202202141041,’†‹–€ŒSº˜a’¬‰Ÿ‰z,“¹-40-1,,
19384-0900-22.zip,202202141041,’†‹–€ŒSº˜a’¬‰Ÿ‰z,1406-4,,
19384-0900-22.zip,202202141041,’†‹–€ŒSº˜a’¬‰Ÿ‰z,1470-3,,
19384-0900-22.zip,202202141041,’†‹–€ŒSº˜a’¬‰Ÿ‰z,1423-2,,
19384-0900-22.zip,202202141041,’†‹–€ŒSº˜a’¬‰Ÿ‰z,1409-5,,
19384-0900-22.zip,202202141041,’†‹–€ŒSº˜a’¬‰Ÿ‰z,1409-4,,
19384-0900-22.zip,202202141041,’†‹–€ŒSº˜a’¬‰Ÿ‰z,1406-3,,
19384-0900-22.zip,202202141041,’†‹–€ŒSº˜a’¬‰Ÿ‰z,1402-3,,
19384-0900-22.zip,202202141041,’†‹–€ŒSº˜a’¬‰Ÿ‰z,1352-4,,
19384-0900-22.zip,202202141041,’†‹–€ŒSº˜a’¬‰Ÿ‰z,1464-2,,
19384-0900-22.zip,202202141041,’†‹–€ŒSº˜a’¬‰Ÿ‰z,1820-2,,
19384-0900-22.zip,202202141041,’†‹–€ŒSº˜a’¬‰Ÿ‰z,1820-4,,
19384-0900-22.zip,202202141041,’†‹–€ŒSº˜a’¬‰Ÿ‰z,1821-4,,
19384-0900-22.zip,202202141041,’†‹–€ŒSº˜a’¬‰Ÿ‰z,1822-7,,
19384-0900-22.zip,202202141041,’†‹–€ŒSº˜a’¬‰Ÿ‰z,“¹-21,,
19384-0900-22.zip,202202141041,’†‹–€ŒSº˜a’¬‰Ÿ‰z,1822-8,,
19384-0900-22.zip,202202141041,’†‹–€ŒSº˜a’¬‰Ÿ‰z,1822-3,,
19384-0900-22.zip,202202141041,’†‹–€ŒSº˜a’¬‰Ÿ‰z,1826-6,,
19384-0900-22.zip,202202141041,’†‹–€ŒSº˜a’¬‰Ÿ‰z,1820-5,,
19384-0900-22.zip,202202141041,’†‹–€ŒSº˜a’¬‰Ÿ‰z,1827-7,,
19384-0900-22.zip,202202141041,’†‹–€ŒSº˜a’¬‰Ÿ‰z,1826-8,,
19384-0900-22.zip,202202141041,’†‹–€ŒSº˜a’¬‰Ÿ‰z,1823-5,,
19384-0900-22.zip,202202141041,’†‹–€ŒSº˜a’¬‰Ÿ‰z,22-1,,
19384-0900-22.zip,202202141041,’†‹–€ŒSº˜a’¬‰Ÿ‰z,22-2,,
19384-0900-22.zip,202202141041,’†‹–€ŒSº˜a’¬‰Ÿ‰z,23,,
19384-0900-22.zip,202202141041,’†‹–€ŒSº˜a’¬‰Ÿ‰z,728-4,,
19384-0900-22.zip,202202141041,’†‹–€ŒSº˜a’¬‰Ÿ‰z,728-1,,
19384-0900-22.zip,202202141041,’†‹–€ŒSº˜a’¬‰Ÿ‰z,728-3,,
19384-0900-22.zip,202202141041,’†‹–€ŒSº˜a’¬‰Ÿ‰z,20-1,,
19384-0900-22.zip,202202141041,’†‹–€ŒSº˜a’¬‰Ÿ‰z,20-5,,
19384-0900-22.zip,202202141041,’†‹–€ŒSº˜a’¬‰Ÿ‰z,20-6,,
19384-0900-22.zip,202202141041,’†‹–€ŒSº˜a’¬‰Ÿ‰z,20-7,,
19384-0900-22.zip,202202141041,’†‹–€ŒSº˜a’¬‰Ÿ‰z,21-1,,
19384-0900-22.zip,202202141041,’†‹–€ŒSº˜a’¬‰Ÿ‰z,21-3,,
19384-0900-22.zip,202202141041,’†‹–€ŒSº˜a’¬‰Ÿ‰z,731-3,,
19384-0900-22.zip,202202141041,’†‹–€ŒSº˜a’¬‰Ÿ‰z,731-1,,
19384-0900-22.zip,202202141041,’†‹–€ŒSº˜a’¬‰Ÿ‰z,729-1,,
19384-0900-22.zip,202202141041,’†‹–€ŒSº˜a’¬‰Ÿ‰z,731-2,,
19384-0900-22.zip,202202141041,’†‹–€ŒSº˜a’¬‰Ÿ‰z,“¹-34,,
19384-0900-22.zip,202202141041,’†‹–€ŒSº˜a’¬‰Ÿ‰z,“¹-363,,
19384-0900-22.zip,202202141041,’†‹–€ŒSº˜a’¬‰Ÿ‰z,848-6,,
19384-0900-22.zip,202202141041,’†‹–€ŒSº˜a’¬‰Ÿ‰z,848-7,,
19384-0900-22.zip,202202141041,’†‹–€ŒSº˜a’¬‰Ÿ‰z,…-41,,
19384-0900-22.zip,202202141041,’†‹–€ŒSº˜a’¬‰Ÿ‰z,836-4,,
19384-0900-22.zip,202202141041,’†‹–€ŒSº˜a’¬‰Ÿ‰z,852-5,,
19384-0900-22.zip,202202141041,’†‹–€ŒSº˜a’¬‰Ÿ‰z,851-4,,
19384-0900-22.zip,202202141041,’†‹–€ŒSº˜a’¬‰Ÿ‰z,954-3,,
19384-0900-22.zip,202202141041,’†‹–€ŒSº˜a’¬‰Ÿ‰z,1510-8,,
19384-0900-22.zip,202202141041,’†‹–€ŒSº˜a’¬‰Ÿ‰z,1620-1,,
19384-0900-22.zip,202202141041,’†‹–€ŒSº˜a’¬‰Ÿ‰z,–³’n”Ô-28,,
19384-0900-22.zip,202202141041,’†‹–€ŒSº˜a’¬‰Ÿ‰z,1846-5,,
19384-0900-22.zip,202202141041,’†‹–€ŒSº˜a’¬‰Ÿ‰z,1846-2,,
19384-0900-22.zip,202202141041,’†‹–€ŒSº˜a’¬‰Ÿ‰z,1846-3,,
19384-0900-22.zip,202202141041,’†‹–€ŒSº˜a’¬‰Ÿ‰z,1846-1,,
19384-0900-22.zip,202202141041,’†‹–€ŒSº˜a’¬‰Ÿ‰z,1846-4,,
19384-0900-22.zip,202202141041,’†‹–€ŒSº˜a’¬‰Ÿ‰z,1848-1,,
19384-0900-22.zip,202202141041,’†‹–€ŒSº˜a’¬‰Ÿ‰z,1848-2,,
19384-0900-22.zip,202202141041,’†‹–€ŒSº˜a’¬‰Ÿ‰z,1848-3,,
19384-0900-22.zip,202202141041,’†‹–€ŒSº˜a’¬‰Ÿ‰z,1848-4,,
19384-0900-22.zip,202202141041,’†‹–€ŒSº˜a’¬‰Ÿ‰z,1848-5,,
19384-0900-22.zip,202202141041,’†‹–€ŒSº˜a’¬‰Ÿ‰z,1848-13,,
19384-0900-22.zip,202202141041,’†‹–€ŒSº˜a’¬‰Ÿ‰z,1848-8,,
19384-0900-22.zip,202202141041,’†‹–€ŒSº˜a’¬‰Ÿ‰z,1848-14,,
19384-0900-22.zip,202202141041,’†‹–€ŒSº˜a’¬‰Ÿ‰z,1848-9,,
19384-0900-22.zip,202202141041,’†‹–€ŒSº˜a’¬‰Ÿ‰z,1848-10,,
19384-0900-22.zip,202202141041,’†‹–€ŒSº˜a’¬‰Ÿ‰z,1848-15,,
19384-0900-22.zip,202202141041,’†‹–€ŒSº˜a’¬‰Ÿ‰z,1848-19,,
19384-0900-22.zip,202202141041,’†‹–€ŒSº˜a’¬‰Ÿ‰z,1848-18,,
19384-0900-22.zip,202202141041,’†‹–€ŒSº˜a’¬‰Ÿ‰z,1848-12,,
19384-0900-22.zip,202202141041,’†‹–€ŒSº˜a’¬‰Ÿ‰z,1848-11,,
19384-0900-22.zip,202202141041,’†‹–€ŒSº˜a’¬‰Ÿ‰z,1848-16,,
19384-0900-22.zip,202202141041,’†‹–€ŒSº˜a’¬‰Ÿ‰z,1848-17,,
19384-0900-22.zip,202202141041,’†‹–€ŒSº˜a’¬‰Ÿ‰z,1848-20,,
19384-0900-22.zip,202202141041,’†‹–€ŒSº˜a’¬‰Ÿ‰z,1848-21,,
19384-0900-22.zip,202202141041,’†‹–€ŒSº˜a’¬‰Ÿ‰z,1866-2,,
19384-0900-22.zip,202202141041,’†‹–€ŒSº˜a’¬‰Ÿ‰z,1867-4,,
19384-0900-22.zip,202202141041,’†‹–€ŒSº˜a’¬‰Ÿ‰z,1865-3,,
19384-0900-22.zip,202202141041,’†‹–€ŒSº˜a’¬‰Ÿ‰z,1864-2,,
19384-0900-22.zip,202202141041,’†‹–€ŒSº˜a’¬‰Ÿ‰z,1848-6,,
19384-0900-22.zip,202202141041,’†‹–€ŒSº˜a’¬‰Ÿ‰z,1848-7,,
19384-0900-22.zip,202202141041,’†‹–€ŒSº˜a’¬‰Ÿ‰z,1848-22,,
19384-0900-22.zip,202202141041,’†‹–€ŒSº˜a’¬‰Ÿ‰z,1848-23,,
19384-0900-22.zip,202202141041,’†‹–€ŒSº˜a’¬‰Ÿ‰z,1868-3,,
19384-0900-22.zip,202202141041,’†‹–€ŒSº˜a’¬‰Ÿ‰z,1854-5,,
19384-0900-22.zip,202202141041,’†‹–€ŒSº˜a’¬‰Ÿ‰z,1854-7,,
19384-0900-22.zip,202202141041,’†‹–€ŒSº˜a’¬‰Ÿ‰z,1854-2,,
19384-0900-22.zip,202202141041,’†‹–€ŒSº˜a’¬‰Ÿ‰z,1847-2,,
19384-0900-22.zip,202202141041,’†‹–€ŒSº˜a’¬‰Ÿ‰z,1847-5,,
19384-0900-22.zip,202202141041,’†‹–€ŒSº˜a’¬‰Ÿ‰z,1847-6,,
19384-0900-22.zip,202202141041,’†‹–€ŒSº˜a’¬‰Ÿ‰z,1847-4,,
19384-0900-22.zip,202202141041,’†‹–€ŒSº˜a’¬‰Ÿ‰z,1854-9,,
19384-0900-22.zip,202202141041,’†‹–€ŒSº˜a’¬‰Ÿ‰z,1847-3,,
19384-0900-22.zip,202202141041,’†‹–€ŒSº˜a’¬‰Ÿ‰z,1854-3,,
19384-0900-22.zip,202202141041,’†‹–€ŒSº˜a’¬‰Ÿ‰z,1854-8,,
19384-0900-22.zip,202202141041,’†‹–€ŒSº˜a’¬‰Ÿ‰z,1854-4,,
19384-0900-22.zip,202202141041,’†‹–€ŒSº˜a’¬‰Ÿ‰z,1854-6,,
19384-0900-22.zip,202202141041,’†‹–€ŒSº˜a’¬‰Ÿ‰z,15-1,,
19384-0900-22.zip,202202141041,’†‹–€ŒSº˜a’¬‰Ÿ‰z,1032-26,,
19384-0900-22.zip,202202141041,’†‹–€ŒSº˜a’¬‰Ÿ‰z,1719-5,,
19384-0900-22.zip,202202141041,’†‹–€ŒSº˜a’¬‰Ÿ‰z,1719-6,,
19384-0900-22.zip,202202141041,’†‹–€ŒSº˜a’¬‰Ÿ‰z,1719-3,,
19384-0900-22.zip,202202141041,’†‹–€ŒSº˜a’¬‰Ÿ‰z,1719-1,,
19384-0900-22.zip,202202141041,’†‹–€ŒSº˜a’¬‰Ÿ‰z,1719-4,,
19384-0900-22.zip,202202141041,’†‹–€ŒSº˜a’¬‰Ÿ‰z,1713-1,,
19384-0900-22.zip,202202141041,’†‹–€ŒSº˜a’¬‰Ÿ‰z,1719-2,,
19384-0900-22.zip,202202141041,’†‹–€ŒSº˜a’¬‰Ÿ‰z,1720-5,,
19384-0900-22.zip,202202141041,’†‹–€ŒSº˜a’¬‰Ÿ‰z,1720-1,,
19384-0900-22.zip,202202141041,’†‹–€ŒSº˜a’¬‰Ÿ‰z,1720-4,,
19384-0900-22.zip,202202141041,’†‹–€ŒSº˜a’¬‰Ÿ‰z,1720-3,,
19384-0900-22.zip,202202141041,’†‹–€ŒSº˜a’¬‰Ÿ‰z,1720-6,,
19384-0900-22.zip,202202141041,’†‹–€ŒSº˜a’¬‰Ÿ‰z,1720-2,,
19384-0900-22.zip,202202141041,’†‹–€ŒSº˜a’¬‰Ÿ‰z,2143-4,,
19384-0900-22.zip,202202141041,’†‹–€ŒSº˜a’¬‰Ÿ‰z,2143-1,,
19384-0900-22.zip,202202141041,’†‹–€ŒSº˜a’¬‰Ÿ‰z,2143-3,,
19384-0900-22.zip,202202141041,’†‹–€ŒSº˜a’¬‰Ÿ‰z,133-5,,
19384-0900-22.zip,202202141041,’†‹–€ŒSº˜a’¬‰Ÿ‰z,133-1,,
19384-0900-22.zip,202202141041,’†‹–€ŒSº˜a’¬‰Ÿ‰z,135-1,,
19384-0900-22.zip,202202141041,’†‹–€ŒSº˜a’¬‰Ÿ‰z,135-2,,
19384-0900-22.zip,202202141041,’†‹–€ŒSº˜a’¬‰Ÿ‰z,122-2,,
19384-0900-22.zip,202202141041,’†‹–€ŒSº˜a’¬‰Ÿ‰z,133-4,,
19384-0900-22.zip,202202141041,’†‹–€ŒSº˜a’¬‰Ÿ‰z,142-5,,
19384-0900-22.zip,202202141041,’†‹–€ŒSº˜a’¬‰Ÿ‰z,953-2,,
19384-0900-22.zip,202202141041,’†‹–€ŒSº˜a’¬‰Ÿ‰z,953-1,,
19384-0900-22.zip,202202141041,’†‹–€ŒSº˜a’¬‰Ÿ‰z,953-3,,
19384-0900-22.zip,202202141041,’†‹–€ŒSº˜a’¬‰Ÿ‰z,954-1,,
19384-0900-22.zip,202202141041,’†‹–€ŒSº˜a’¬‰Ÿ‰z,…-508,,
19384-0900-22.zip,202202141041,’†‹–€ŒSº˜a’¬‰Ÿ‰z,1716-3,,
19384-0900-22.zip,202202141041,’†‹–€ŒSº˜a’¬‰Ÿ‰z,1716-1,,
19384-0900-22.zip,202202141041,’†‹–€ŒSº˜a’¬‰Ÿ‰z,1716-2,,
19384-0900-22.zip,202202141041,’†‹–€ŒSº˜a’¬‰Ÿ‰z,“¹-24,,
19384-0900-22.zip,202202141041,’†‹–€ŒSº˜a’¬‰Ÿ‰z,“¹-437,,
19384-0900-22.zip,202202141041,’†‹–€ŒSº˜a’¬‰Ÿ‰z,1719-7,,
19384-0900-22.zip,202202141041,’†‹–€ŒSº˜a’¬‰Ÿ‰z,1874-1,,
19384-0900-22.zip,202202141041,’†‹–€ŒSº˜a’¬‰Ÿ‰z,1874-4,,
19384-0900-22.zip,202202141041,’†‹–€ŒSº˜a’¬‰Ÿ‰z,1922-8,,
19384-0900-22.zip,202202141041,’†‹–€ŒSº˜a’¬‰Ÿ‰z,1922-5,,
19384-0900-22.zip,202202141041,’†‹–€ŒSº˜a’¬‰Ÿ‰z,1922-7,,
19384-0900-22.zip,202202141041,’†‹–€ŒSº˜a’¬‰Ÿ‰z,1032-37,,
19384-0900-22.zip,202202141041,’†‹–€ŒSº˜a’¬‰Ÿ‰z,1032-31,,
19384-0900-22.zip,202202141041,’†‹–€ŒSº˜a’¬‰Ÿ‰z,1032-32,,
19384-0900-22.zip,202202141041,’†‹–€ŒSº˜a’¬‰Ÿ‰z,1032-29,,
19384-0900-22.zip,202202141041,’†‹–€ŒSº˜a’¬‰Ÿ‰z,1032-27,,
19384-0900-22.zip,202202141041,’†‹–€ŒSº˜a’¬‰Ÿ‰z,1032-5,,
19384-0900-22.zip,202202141041,’†‹–€ŒSº˜a’¬‰Ÿ‰z,1032-36,,
19384-0900-22.zip,202202141041,’†‹–€ŒSº˜a’¬‰Ÿ‰z,1032-34,,
19384-0900-22.zip,202202141041,’†‹–€ŒSº˜a’¬‰Ÿ‰z,1032-28,,
19384-0900-22.zip,202202141041,’†‹–€ŒSº˜a’¬‰Ÿ‰z,1032-30,,
19384-0900-22.zip,202202141041,’†‹–€ŒSº˜a’¬‰Ÿ‰z,1032-35,,
19384-0900-22.zip,202202141041,’†‹–€ŒSº˜a’¬‰Ÿ‰z,1032-6,,
19384-0900-22.zip,202202141041,’†‹–€ŒSº˜a’¬‰Ÿ‰z,1882-2,,
19384-0900-22.zip,202202141041,’†‹–€ŒSº˜a’¬‰Ÿ‰z,1922-1,,
19384-0900-22.zip,202202141041,’†‹–€ŒSº˜a’¬‰Ÿ‰z,“¹-426-2,,
19384-0900-22.zip,202202141041,’†‹–€ŒSº˜a’¬‰Ÿ‰z,1905-3,,
19384-0900-22.zip,202202141041,’†‹–€ŒSº˜a’¬‰Ÿ‰z,…-475,,
19384-0900-22.zip,202202141041,’†‹–€ŒSº˜a’¬‰Ÿ‰z,1871-2,,
19384-0900-22.zip,202202141041,’†‹–€ŒSº˜a’¬‰Ÿ‰z,1870-2,,
19384-0900-22.zip,202202141041,’†‹–€ŒSº˜a’¬‰Ÿ‰z,1922-9,,
19384-0900-22.zip,202202141041,’†‹–€ŒSº˜a’¬‰Ÿ‰z,804-2,,
19384-0900-22.zip,202202141041,’†‹–€ŒSº˜a’¬‰Ÿ‰z,804-3,,
19384-0900-22.zip,202202141041,’†‹–€ŒSº˜a’¬‰Ÿ‰z,803-2,,
19384-0900-22.zip,202202141041,’†‹–€ŒSº˜a’¬‰Ÿ‰z,806-5,,
19384-0900-22.zip,202202141041,’†‹–€ŒSº˜a’¬‰Ÿ‰z,806-6,,
19384-0900-22.zip,202202141041,’†‹–€ŒSº˜a’¬‰Ÿ‰z,807-1,,
19384-0900-22.zip,202202141041,’†‹–€ŒSº˜a’¬‰Ÿ‰z,807-5,,
19384-0900-22.zip,202202141041,’†‹–€ŒSº˜a’¬‰Ÿ‰z,807-3,,
19384-0900-22.zip,202202141041,’†‹–€ŒSº˜a’¬‰Ÿ‰z,807-2,,
19384-0900-22.zip,202202141041,’†‹–€ŒSº˜a’¬‰Ÿ‰z,807-6,,
19384-0900-22.zip,202202141041,’†‹–€ŒSº˜a’¬‰Ÿ‰z,807-4,,
19384-0900-22.zip,202202141041,’†‹–€ŒSº˜a’¬‰Ÿ‰z,832-7,,
19384-0900-22.zip,202202141041,’†‹–€ŒSº˜a’¬‰Ÿ‰z,832-8,,
19384-0900-22.zip,202202141041,’†‹–€ŒSº˜a’¬‰Ÿ‰z,832-1,,
19384-0900-22.zip,202202141041,’†‹–€ŒSº˜a’¬‰Ÿ‰z,839-1,,
19384-0900-22.zip,202202141041,’†‹–€ŒSº˜a’¬‰Ÿ‰z,832-6,,
19384-0900-22.zip,202202141041,’†‹–€ŒSº˜a’¬‰Ÿ‰z,832-4,,
19384-0900-22.zip,202202141041,’†‹–€ŒSº˜a’¬‰Ÿ‰z,…-34,,
19384-0900-22.zip,202202141041,’†‹–€ŒSº˜a’¬‰Ÿ‰z,“¹-1,,
19384-0900-22.zip,202202141041,’†‹–€ŒSº˜a’¬‰Ÿ‰z,141-7,,
19384-0900-22.zip,202202141041,’†‹–€ŒSº˜a’¬‰Ÿ‰z,…-569,,
19384-0900-22.zip,202202141041,’†‹–€ŒSº˜a’¬‰Ÿ‰z,142-14,,
19384-0900-22.zip,202202141041,’†‹–€ŒSº˜a’¬‰Ÿ‰z,“¹-349-1,,
19384-0900-22.zip,202202141041,’†‹–€ŒSº˜a’¬‰Ÿ‰z,1874-5,,
19384-0900-22.zip,202202141041,’†‹–€ŒSº˜a’¬‰Ÿ‰z,1874-6,,
19384-0900-22.zip,202202141041,’†‹–€ŒSº˜a’¬‰Ÿ‰z,1059-4,,
19384-0900-22.zip,202202141041,’†‹–€ŒSº˜a’¬‰Ÿ‰z,1059-1,,
19384-0900-22.zip,202202141041,’†‹–€ŒSº˜a’¬‰Ÿ‰z,1059-5,,
19384-0900-22.zip,202202141041,’†‹–€ŒSº˜a’¬‰Ÿ‰z,1059-3,,
19384-0900-22.zip,202202141041,’†‹–€ŒSº˜a’¬‰Ÿ‰z,1055-2,,
19384-0900-22.zip,202202141041,’†‹–€ŒSº˜a’¬‰Ÿ‰z,1593-1,,
19384-0900-22.zip,202202141041,’†‹–€ŒSº˜a’¬‰Ÿ‰z,1593-2,,
19384-0900-22.zip,202202141041,’†‹–€ŒSº˜a’¬‰Ÿ‰z,1595-1,,
19384-0900-22.zip,202202141041,’†‹–€ŒSº˜a’¬‰Ÿ‰z,1591-1,,
19384-0900-22.zip,202202141041,’†‹–€ŒSº˜a’¬‰Ÿ‰z,1703-1,,
19384-0900-22.zip,202202141041,’†‹–€ŒSº˜a’¬‰Ÿ‰z,…-492,,
19384-0900-22.zip,202202141041,’†‹–€ŒSº˜a’¬‰Ÿ‰z,1032-39,,
19384-0900-22.zip,202202141041,’†‹–€ŒSº˜a’¬‰Ÿ‰z,1032-11,,
19384-0900-22.zip,202202141041,’†‹–€ŒSº˜a’¬‰Ÿ‰z,1032-33,,
19384-0900-22.zip,202202141041,’†‹–€ŒSº˜a’¬‰Ÿ‰z,1032-42,,
19384-0900-22.zip,202202141041,’†‹–€ŒSº˜a’¬‰Ÿ‰z,1032-12,,
19384-0900-22.zip,202202141041,’†‹–€ŒSº˜a’¬‰Ÿ‰z,1032-40,,
19384-0900-22.zip,202202141041,’†‹–€ŒSº˜a’¬‰Ÿ‰z,1032-41,,
19384-0900-22.zip,202202141041,’†‹–€ŒSº˜a’¬‰Ÿ‰z,1032-43,,
19384-0900-22.zip,202202141041,’†‹–€ŒSº˜a’¬‰Ÿ‰z,1032-24,,
19384-0900-22.zip,202202141041,’†‹–€ŒSº˜a’¬‰Ÿ‰z,1032-44,,
19384-0900-22.zip,202202141041,’†‹–€ŒSº˜a’¬‰Ÿ‰z,1052-5,,
19384-0900-22.zip,202202141041,’†‹–€ŒSº˜a’¬‰Ÿ‰z,1052-6,,
19384-0900-22.zip,202202141041,’†‹–€ŒSº˜a’¬‰Ÿ‰z,1064,,
19384-0900-22.zip,202202141041,’†‹–€ŒSº˜a’¬‰Ÿ‰z,1592-1,,
19384-0900-22.zip,202202141041,’†‹–€ŒSº˜a’¬‰Ÿ‰z,779-12,,
19384-0900-22.zip,202202141041,’†‹–€ŒSº˜a’¬‰Ÿ‰z,779-3,,
19384-0900-22.zip,202202141041,’†‹–€ŒSº˜a’¬‰Ÿ‰z,779-10,,
19384-0900-22.zip,202202141041,’†‹–€ŒSº˜a’¬‰Ÿ‰z,779-9,,
19384-0900-22.zip,202202141041,’†‹–€ŒSº˜a’¬‰Ÿ‰z,779-8,,
19384-0900-22.zip,202202141041,’†‹–€ŒSº˜a’¬‰Ÿ‰z,779-11,,
19384-0900-22.zip,202202141041,’†‹–€ŒSº˜a’¬‰Ÿ‰z,782-2,,
19384-0900-22.zip,202202141041,’†‹–€ŒSº˜a’¬‰Ÿ‰z,779-5,,
19384-0900-22.zip,202202141041,’†‹–€ŒSº˜a’¬‰Ÿ‰z,785-3,,
19384-0900-22.zip,202202141041,’†‹–€ŒSº˜a’¬‰Ÿ‰z,674,,
19384-0900-22.zip,202202141041,’†‹–€ŒSº˜a’¬‰Ÿ‰z,680-2,,
19384-0900-22.zip,202202141041,’†‹–€ŒSº˜a’¬‰Ÿ‰z,680-3,,
19384-0900-22.zip,202202141041,’†‹–€ŒSº˜a’¬‰Ÿ‰z,“¹-435,,
19384-0900-22.zip,202202141041,’†‹–€ŒSº˜a’¬‰Ÿ‰z,“¹-365001,,
19384-0900-22.zip,202202141041,’†‹–€ŒSº˜a’¬‰Ÿ‰z,“¹-365002,,
19384-0900-22.zip,202202141041,’†‹–€ŒSº˜a’¬‰Ÿ‰z,1059-2,,
19384-0900-22.zip,202202141041,’†‹–€ŒSº˜a’¬‰Ÿ‰z,1055-9,,
19384-0900-22.zip,202202141041,’†‹–€ŒSº˜a’¬‰Ÿ‰z,…-588,,
19384-0900-22.zip,202202141041,’†‹–€ŒSº˜a’¬‰Ÿ‰z,1078-4,,
19384-0900-22.zip,202202141041,’†‹–€ŒSº˜a’¬‰Ÿ‰z,1112-4,,
19384-0900-22.zip,202202141041,’†‹–€ŒSº˜a’¬‰Ÿ‰z,1111-2,,
19384-0900-22.zip,202202141041,’†‹–€ŒSº˜a’¬‰Ÿ‰z,1101-6,,
19384-0900-22.zip,202202141041,’†‹–€ŒSº˜a’¬‰Ÿ‰z,1090-10,,
19384-0900-22.zip,202202141041,’†‹–€ŒSº˜a’¬‰Ÿ‰z,1078-8,,
19384-0900-22.zip,202202141041,’†‹–€ŒSº˜a’¬‰Ÿ‰z,471-5,,
19384-0900-22.zip,202202141041,’†‹–€ŒSº˜a’¬‰Ÿ‰z,471-4,,
19384-0900-22.zip,202202141041,’†‹–€ŒSº˜a’¬‰Ÿ‰z,471-1,,
19384-0900-22.zip,202202141041,’†‹–€ŒSº˜a’¬‰Ÿ‰z,471-3,,
19384-0900-22.zip,202202141041,’†‹–€ŒSº˜a’¬‰Ÿ‰z,…-496,,
19384-0900-22.zip,202202141041,’†‹–€ŒSº˜a’¬‰Ÿ‰z,472,,
19384-0900-22.zip,202202141041,’†‹–€ŒSº˜a’¬‰Ÿ‰z,“¹-381,,
19384-0900-22.zip,202202141041,’†‹–€ŒSº˜a’¬‰Ÿ‰z,“¹-442,,
19384-0900-22.zip,202202141041,’†‹–€ŒSº˜a’¬‰Ÿ‰z,779-14,,
19384-0900-22.zip,202202141041,’†‹–€ŒSº˜a’¬‰Ÿ‰z,788-6,,
19384-0900-22.zip,202202141041,’†‹–€ŒSº˜a’¬‰Ÿ‰z,788-2,,
19384-0900-22.zip,202202141041,’†‹–€ŒSº˜a’¬‰Ÿ‰z,788-5,,
19384-0900-22.zip,202202141041,’†‹–€ŒSº˜a’¬‰Ÿ‰z,…-516,,
19384-0900-22.zip,202202141041,’†‹–€ŒSº˜a’¬‰Ÿ‰z,788-4,,
19384-0900-22.zip,202202141041,’†‹–€ŒSº˜a’¬‰Ÿ‰z,793-1,,
19384-0900-22.zip,202202141041,’†‹–€ŒSº˜a’¬‰Ÿ‰z,793-4,,
19384-0900-22.zip,202202141041,’†‹–€ŒSº˜a’¬‰Ÿ‰z,803-3,,
19384-0900-22.zip,202202141041,’†‹–€ŒSº˜a’¬‰Ÿ‰z,779-13,,
19384-0900-22.zip,202202141041,’†‹–€ŒSº˜a’¬‰Ÿ‰z,1032-25,,
19384-0900-22.zip,202202141041,’†‹–€ŒSº˜a’¬‰Ÿ‰z,1032-45,,
19384-0900-22.zip,202202141041,’†‹–€ŒSº˜a’¬‰Ÿ‰z,1057-2,,
19384-0900-22.zip,202202141041,’†‹–€ŒSº˜a’¬‰Ÿ‰z,1057-1,,
19384-0900-22.zip,202202141041,’†‹–€ŒSº˜a’¬‰Ÿ‰z,1061-1,,
19384-0900-22.zip,202202141041,’†‹–€ŒSº˜a’¬‰Ÿ‰z,1055-8,,
19384-0900-22.zip,202202141041,’†‹–€ŒSº˜a’¬‰Ÿ‰z,1032-46,,
19384-0900-22.zip,202202141041,’†‹–€ŒSº˜a’¬‰Ÿ‰z,1032-10,,
19384-0900-22.zip,202202141041,’†‹–€ŒSº˜a’¬‰Ÿ‰z,2187-2,,
19384-0900-22.zip,202202141041,’†‹–€ŒSº˜a’¬‰Ÿ‰z,2187-1,,
19384-0900-22.zip,202202141041,’†‹–€ŒSº˜a’¬‰Ÿ‰z,2187-3,,
19384-0900-22.zip,202202141041,’†‹–€ŒSº˜a’¬‰Ÿ‰z,2133-1,,
19384-0900-22.zip,202202141041,’†‹–€ŒSº˜a’¬‰Ÿ‰z,1969-3,,
19384-0900-22.zip,202202141041,’†‹–€ŒSº˜a’¬‰Ÿ‰z,675-1,,
19384-0900-22.zip,202202141041,’†‹–€ŒSº˜a’¬‰Ÿ‰z,675-5,,
19384-0900-22.zip,202202141041,’†‹–€ŒSº˜a’¬‰Ÿ‰z,675-2,,
19384-0900-22.zip,202202141041,’†‹–€ŒSº˜a’¬‰Ÿ‰z,676-5,,
19384-0900-22.zip,202202141041,’†‹–€ŒSº˜a’¬‰Ÿ‰z,676-2,,
19384-0900-22.zip,202202141041,’†‹–€ŒSº˜a’¬‰Ÿ‰z,676-3,,
19384-0900-22.zip,202202141041,’†‹–€ŒSº˜a’¬‰Ÿ‰z,676-4,,
19384-0900-22.zip,202202141041,’†‹–€ŒSº˜a’¬‰Ÿ‰z,676-14,,
19384-0900-22.zip,202202141041,’†‹–€ŒSº˜a’¬‰Ÿ‰z,676-13,,
19384-0900-22.zip,202202141041,’†‹–€ŒSº˜a’¬‰Ÿ‰z,676-10,,
19384-0900-22.zip,202202141041,’†‹–€ŒSº˜a’¬‰Ÿ‰z,676-9,,
19384-0900-22.zip,202202141041,’†‹–€ŒSº˜a’¬‰Ÿ‰z,676-8,,
19384-0900-22.zip,202202141041,’†‹–€ŒSº˜a’¬‰Ÿ‰z,676-7,,
19384-0900-22.zip,202202141041,’†‹–€ŒSº˜a’¬‰Ÿ‰z,676-6,,
19384-0900-22.zip,202202141041,’†‹–€ŒSº˜a’¬‰Ÿ‰z,676-11,,
19384-0900-22.zip,202202141041,’†‹–€ŒSº˜a’¬‰Ÿ‰z,676-12,,
19384-0900-22.zip,202202141041,’†‹–€ŒSº˜a’¬‰Ÿ‰z,676-1,,
19384-0900-22.zip,202202141041,’†‹–€ŒSº˜a’¬‰Ÿ‰z,…-451,,
19384-0900-22.zip,202202141041,’†‹–€ŒSº˜a’¬‰Ÿ‰z,675-3,,
19384-0900-22.zip,202202141041,’†‹–€ŒSº˜a’¬‰Ÿ‰z,675-4,,
19384-0900-22.zip,202202141041,’†‹–€ŒSº˜a’¬‰Ÿ‰z,679-2,,
19384-0900-22.zip,202202141041,’†‹–€ŒSº˜a’¬‰Ÿ‰z,“¹-418,,
19384-0900-22.zip,202202141041,’†‹–€ŒSº˜a’¬‰Ÿ‰z,679-3,,
19384-0900-22.zip,202202141041,’†‹–€ŒSº˜a’¬‰Ÿ‰z,684-3,,
19384-0900-22.zip,202202141041,’†‹–€ŒSº˜a’¬‰Ÿ‰z,844-1,,
19384-0900-22.zip,202202141041,’†‹–€ŒSº˜a’¬‰Ÿ‰z,844-2,,
19384-0900-22.zip,202202141041,’†‹–€ŒSº˜a’¬‰Ÿ‰z,845,,
19384-0900-22.zip,202202141041,’†‹–€ŒSº˜a’¬‰Ÿ‰z,…-478,,
19384-0900-22.zip,202202141041,’†‹–€ŒSº˜a’¬‰Ÿ‰z,1510-5,,
19384-0900-22.zip,202202141041,’†‹–€ŒSº˜a’¬‰Ÿ‰z,1520-8,,
19384-0900-22.zip,202202141041,’†‹–€ŒSº˜a’¬‰Ÿ‰z,1674-7,,
19384-0900-22.zip,202202141041,’†‹–€ŒSº˜a’¬‰Ÿ‰z,1674-9,,
19384-0900-22.zip,202202141041,’†‹–€ŒSº˜a’¬‰Ÿ‰z,1676-4,,
19384-0900-22.zip,202202141041,’†‹–€ŒSº˜a’¬‰Ÿ‰z,1676-1,,
19384-0900-22.zip,202202141041,’†‹–€ŒSº˜a’¬‰Ÿ‰z,1676-3,,
19384-0900-22.zip,202202141041,’†‹–€ŒSº˜a’¬‰Ÿ‰z,…-575,,
19384-0900-22.zip,202202141041,’†‹–€ŒSº˜a’¬‰Ÿ‰z,1032-38,,
19384-0900-22.zip,202202141041,’†‹–€ŒSº˜a’¬‰Ÿ‰z,1052-1,,
19384-0900-22.zip,202202141041,’†‹–€ŒSº˜a’¬‰Ÿ‰z,…-597,,
19384-0900-22.zip,202202141041,’†‹–€ŒSº˜a’¬‰Ÿ‰z,’·‹·•¨•s–¾-169,,
19384-0900-22.zip,202202141041,’†‹–€ŒSº˜a’¬‰Ÿ‰z,2155-2,,
19384-0900-22.zip,202202141041,’†‹–€ŒSº˜a’¬‰Ÿ‰z,2155-4,,
19384-0900-22.zip,202202141041,’†‹–€ŒSº˜a’¬‰Ÿ‰z,’·‹·•¨•s–¾-5,,
19384-0900-22.zip,202202141041,’†‹–€ŒSº˜a’¬‰Ÿ‰z,650-10,,
19384-0900-22.zip,202202141041,’†‹–€ŒSº˜a’¬‰Ÿ‰z,650-9,,
19384-0900-22.zip,202202141041,’†‹–€ŒSº˜a’¬‰Ÿ‰z,650-4,,
19384-0900-22.zip,202202141041,’†‹–€ŒSº˜a’¬‰Ÿ‰z,650-6,,
19384-0900-22.zip,202202141041,’†‹–€ŒSº˜a’¬‰Ÿ‰z,650-7,,
19384-0900-22.zip,202202141041,’†‹–€ŒSº˜a’¬‰Ÿ‰z,650-8,,
19384-0900-22.zip,202202141041,’†‹–€ŒSº˜a’¬‰Ÿ‰z,…-533,,
19384-0900-22.zip,202202141041,’†‹–€ŒSº˜a’¬‰Ÿ‰z,641-2,,
19384-0900-22.zip,202202141041,’†‹–€ŒSº˜a’¬‰Ÿ‰z,641-1,,
19384-0900-22.zip,202202141041,’†‹–€ŒSº˜a’¬‰Ÿ‰z,645-3,,
19384-0900-22.zip,202202141041,’†‹–€ŒSº˜a’¬‰Ÿ‰z,645-1,,
19384-0900-22.zip,202202141041,’†‹–€ŒSº˜a’¬‰Ÿ‰z,653-1,,
19384-0900-22.zip,202202141041,’†‹–€ŒSº˜a’¬‰Ÿ‰z,653-2,,
19384-0900-22.zip,202202141041,’†‹–€ŒSº˜a’¬‰Ÿ‰z,632,,
19384-0900-22.zip,202202141041,’†‹–€ŒSº˜a’¬‰Ÿ‰z,1845-1,,
19384-0900-22.zip,202202141041,’†‹–€ŒSº˜a’¬‰Ÿ‰z,1845-5,,
19384-0900-22.zip,202202141041,’†‹–€ŒSº˜a’¬‰Ÿ‰z,1845-4,,
19384-0900-22.zip,202202141041,’†‹–€ŒSº˜a’¬‰Ÿ‰z,1845-6,,
19384-0900-22.zip,202202141041,’†‹–€ŒSº˜a’¬‰Ÿ‰z,’·‹·•¨•s–¾-183,,
19384-0900-22.zip,202202141041,’†‹–€ŒSº˜a’¬‰Ÿ‰z,1153-2,,
19384-0900-22.zip,202202141041,’†‹–€ŒSº˜a’¬‰Ÿ‰z,1153-1,,
19384-0900-22.zip,202202141041,’†‹–€ŒSº˜a’¬‰Ÿ‰z,“¹-366,,
19384-0900-22.zip,202202141041,’†‹–€ŒSº˜a’¬‰Ÿ‰z,1154-2,,
19384-0900-22.zip,202202141041,’†‹–€ŒSº˜a’¬‰Ÿ‰z,1154-1,,
19384-0900-22.zip,202202141041,’†‹–€ŒSº˜a’¬‰Ÿ‰z,1152,,
19384-0900-22.zip,202202141041,’†‹–€ŒSº˜a’¬‰Ÿ‰z,63-1,,
19384-0900-22.zip,202202141041,’†‹–€ŒSº˜a’¬‰Ÿ‰z,63-2,,
19384-0900-22.zip,202202141041,’†‹–€ŒSº˜a’¬‰Ÿ‰z,69-3,,
19384-0900-22.zip,202202141041,’†‹–€ŒSº˜a’¬‰Ÿ‰z,69-2,,
19384-0900-22.zip,202202141041,’†‹–€ŒSº˜a’¬‰Ÿ‰z,69-1,,
19384-0900-22.zip,202202141041,’†‹–€ŒSº˜a’¬‰Ÿ‰z,“¹-422,,
19384-0900-22.zip,202202141041,’†‹–€ŒSº˜a’¬‰Ÿ‰z,…-462,,
19384-0900-22.zip,202202141041,’†‹–€ŒSº˜a’¬‰Ÿ‰z,68-1,,
19384-0900-22.zip,202202141041,’†‹–€ŒSº˜a’¬‰Ÿ‰z,1155-1,,
19384-0900-22.zip,202202141041,’†‹–€ŒSº˜a’¬‰Ÿ‰z,1155-2,,
19384-0900-22.zip,202202141041,’†‹–€ŒSº˜a’¬‰Ÿ‰z,1155-3,,
19384-0900-22.zip,202202141041,’†‹–€ŒSº˜a’¬‰Ÿ‰z,“¹-380,,
19384-0900-22.zip,202202141041,’†‹–€ŒSº˜a’¬‰Ÿ‰z,1157-3,,
19384-0900-22.zip,202202141041,’†‹–€ŒSº˜a’¬‰Ÿ‰z,1157-1,,
19384-0900-22.zip,202202141041,’†‹–€ŒSº˜a’¬‰Ÿ‰z,1157-2,,
19384-0900-22.zip,202202141041,’†‹–€ŒSº˜a’¬‰Ÿ‰z,33-2,,
19384-0900-22.zip,202202141041,’†‹–€ŒSº˜a’¬‰Ÿ‰z,33-3,,
19384-0900-22.zip,202202141041,’†‹–€ŒSº˜a’¬‰Ÿ‰z,“¹-349,,
19384-0900-22.zip,202202141041,’†‹–€ŒSº˜a’¬‰Ÿ‰z,…-436,,
19384-0900-22.zip,202202141041,’†‹–€ŒSº˜a’¬‰Ÿ‰z,1020-3,,
19384-0900-22.zip,202202141041,’†‹–€ŒSº˜a’¬‰Ÿ‰z,1020-1,,
19384-0900-22.zip,202202141041,’†‹–€ŒSº˜a’¬‰Ÿ‰z,…-586,,
19384-0900-22.zip,202202141041,’†‹–€ŒSº˜a’¬‰Ÿ‰z,1020-2,,
19384-0900-22.zip,202202141041,’†‹–€ŒSº˜a’¬‰Ÿ‰z,1019-6,,
19384-0900-22.zip,202202141041,’†‹–€ŒSº˜a’¬‰Ÿ‰z,458-1,,
19384-0900-22.zip,202202141041,’†‹–€ŒSº˜a’¬‰Ÿ‰z,458-2,,
19384-0900-22.zip,202202141041,’†‹–€ŒSº˜a’¬‰Ÿ‰z,459-1,,
19384-0900-22.zip,202202141041,’†‹–€ŒSº˜a’¬‰Ÿ‰z,459-2,,
19384-0900-22.zip,202202141041,’†‹–€ŒSº˜a’¬‰Ÿ‰z,460-2,,
19384-0900-22.zip,202202141041,’†‹–€ŒSº˜a’¬‰Ÿ‰z,460-3,,
19384-0900-22.zip,202202141041,’†‹–€ŒSº˜a’¬‰Ÿ‰z,460-1,,
19384-0900-22.zip,202202141041,’†‹–€ŒSº˜a’¬‰Ÿ‰z,“¹-347,,
19384-0900-22.zip,202202141041,’†‹–€ŒSº˜a’¬‰Ÿ‰z,…-442,,
19384-0900-22.zip,202202141041,’†‹–€ŒSº˜a’¬‰Ÿ‰z,1845-2,,
19384-0900-22.zip,202202141041,’†‹–€ŒSº˜a’¬‰Ÿ‰z,1845-7,,
19384-0900-22.zip,202202141041,’†‹–€ŒSº˜a’¬‰Ÿ‰z,1845-8,,
19384-0900-22.zip,202202141041,’†‹–€ŒSº˜a’¬‰Ÿ‰z,…-29,,
19384-0900-22.zip,202202141041,’†‹–€ŒSº˜a’¬‰Ÿ‰z,2136,,
19384-0900-22.zip,202202141041,’†‹–€ŒSº˜a’¬‰Ÿ‰z,1673-7,,
19384-0900-22.zip,202202141041,’†‹–€ŒSº˜a’¬‰Ÿ‰z,…-534,,
19384-0900-22.zip,202202141041,’†‹–€ŒSº˜a’¬‰Ÿ‰z,“¹-372,,
19384-0900-22.zip,202202141041,’†‹–€ŒSº˜a’¬‰Ÿ‰z,1673-8,,
19384-0900-22.zip,202202141041,’†‹–€ŒSº˜a’¬‰Ÿ‰z,1702-6,,
19384-0900-22.zip,202202141041,’†‹–€ŒSº˜a’¬‰Ÿ‰z,1699-5,,
19384-0900-22.zip,202202141041,’†‹–€ŒSº˜a’¬‰Ÿ‰z,1684-4,,
19384-0900-22.zip,202202141041,’†‹–€ŒSº˜a’¬‰Ÿ‰z,’·‹·•¨•s–¾-18,,
19384-0900-22.zip,202202141041,’†‹–€ŒSº˜a’¬‰Ÿ‰z,…-51,,
19384-0900-22.zip,202202141041,’†‹–€ŒSº˜a’¬‰Ÿ‰z,1687-4,,
19384-0900-22.zip,202202141041,’†‹–€ŒSº˜a’¬‰Ÿ‰z,1673-5,,
19384-0900-22.zip,202202141041,’†‹–€ŒSº˜a’¬‰Ÿ‰z,“¹-354,,
19384-0900-22.zip,202202141041,’†‹–€ŒSº˜a’¬‰Ÿ‰z,…-9,,
19384-0900-22.zip,202202141041,’†‹–€ŒSº˜a’¬‰Ÿ‰z,2139-3,,
19384-0900-22.zip,202202141041,’†‹–€ŒSº˜a’¬‰Ÿ‰z,2139-4,,
19384-0900-22.zip,202202141041,’†‹–€ŒSº˜a’¬‰Ÿ‰z,2139-1,,
19384-0900-22.zip,202202141041,’†‹–€ŒSº˜a’¬‰Ÿ‰z,2139-5,,
19384-0900-22.zip,202202141041,’†‹–€ŒSº˜a’¬‰Ÿ‰z,’·‹·•¨•s–¾-159,,
19384-0900-22.zip,202202141041,’†‹–€ŒSº˜a’¬‰Ÿ‰z,2119-6,,
19384-0900-22.zip,202202141041,’†‹–€ŒSº˜a’¬‰Ÿ‰z,2119-5,,
19384-0900-22.zip,202202141041,’†‹–€ŒSº˜a’¬‰Ÿ‰z,2119-3,,
19384-0900-22.zip,202202141041,’†‹–€ŒSº˜a’¬‰Ÿ‰z,2119-7,,
19384-0900-22.zip,202202141041,’†‹–€ŒSº˜a’¬‰Ÿ‰z,2119-4,,
19384-0900-22.zip,202202141041,’†‹–€ŒSº˜a’¬‰Ÿ‰z,2119-8,,
19384-0900-22.zip,202202141041,’†‹–€ŒSº˜a’¬‰Ÿ‰z,2119-1,,
19384-0900-23.zip,202202141041,’†‹–€ŒSº˜a’¬¼ğ,1-1,,
19384-0900-23.zip,202202141041,’†‹–€ŒSº˜a’¬¼ğ,1-4,,
19384-0900-23.zip,202202141041,’†‹–€ŒSº˜a’¬¼ğ,1-5,,
19384-0900-23.zip,202202141041,’†‹–€ŒSº˜a’¬¼ğ,1-6,,
19384-0900-23.zip,202202141041,’†‹–€ŒSº˜a’¬¼ğ,1-7,,
19384-0900-23.zip,202202141041,’†‹–€ŒSº˜a’¬¼ğ,1-8,,
19384-0900-23.zip,202202141041,’†‹–€ŒSº˜a’¬¼ğ,1-9,,
19384-0900-23.zip,202202141041,’†‹–€ŒSº˜a’¬¼ğ,1-10,,
19384-0900-23.zip,202202141041,’†‹–€ŒSº˜a’¬¼ğ,1-11,,
19384-0900-23.zip,202202141041,’†‹–€ŒSº˜a’¬¼ğ,1-12,,
19384-0900-23.zip,202202141041,’†‹–€ŒSº˜a’¬¼ğ,1-13,,
19384-0900-23.zip,202202141041,’†‹–€ŒSº˜a’¬¼ğ,1-14,,
19384-0900-23.zip,202202141041,’†‹–€ŒSº˜a’¬¼ğ,1-15,,
19384-0900-23.zip,202202141041,’†‹–€ŒSº˜a’¬¼ğ,3-2,,
19384-0900-23.zip,202202141041,’†‹–€ŒSº˜a’¬¼ğ,5-1,,
19384-0900-23.zip,202202141041,’†‹–€ŒSº˜a’¬¼ğ,5-2,,
19384-0900-23.zip,202202141041,’†‹–€ŒSº˜a’¬¼ğ,7,,
19384-0900-23.zip,202202141041,’†‹–€ŒSº˜a’¬¼ğ,8,,
19384-0900-23.zip,202202141041,’†‹–€ŒSº˜a’¬¼ğ,9-1,,
19384-0900-23.zip,202202141041,’†‹–€ŒSº˜a’¬¼ğ,9-3,,
19384-0900-23.zip,202202141041,’†‹–€ŒSº˜a’¬¼ğ,10,,
19384-0900-23.zip,202202141041,’†‹–€ŒSº˜a’¬¼ğ,11-1,,
19384-0900-23.zip,202202141041,’†‹–€ŒSº˜a’¬¼ğ,11-2,,
19384-0900-23.zip,202202141041,’†‹–€ŒSº˜a’¬¼ğ,11-3,,
19384-0900-23.zip,202202141041,’†‹–€ŒSº˜a’¬¼ğ,12-3,,
19384-0900-23.zip,202202141041,’†‹–€ŒSº˜a’¬¼ğ,12-4,,
19384-0900-23.zip,202202141041,’†‹–€ŒSº˜a’¬¼ğ,12-6,,
19384-0900-23.zip,202202141041,’†‹–€ŒSº˜a’¬¼ğ,12-8,,
19384-0900-23.zip,202202141041,’†‹–€ŒSº˜a’¬¼ğ,14-1,,
19384-0900-23.zip,202202141041,’†‹–€ŒSº˜a’¬¼ğ,14-3,,
19384-0900-23.zip,202202141041,’†‹–€ŒSº˜a’¬¼ğ,15-1,,
19384-0900-23.zip,202202141041,’†‹–€ŒSº˜a’¬¼ğ,15-2,,
19384-0900-23.zip,202202141041,’†‹–€ŒSº˜a’¬¼ğ,15-3,,
19384-0900-23.zip,202202141041,’†‹–€ŒSº˜a’¬¼ğ,16,,
19384-0900-23.zip,202202141041,’†‹–€ŒSº˜a’¬¼ğ,17-1,,
19384-0900-23.zip,202202141041,’†‹–€ŒSº˜a’¬¼ğ,18-1,,
19384-0900-23.zip,202202141041,’†‹–€ŒSº˜a’¬¼ğ,19-1,,
19384-0900-23.zip,202202141041,’†‹–€ŒSº˜a’¬¼ğ,20-1,,
19384-0900-23.zip,202202141041,’†‹–€ŒSº˜a’¬¼ğ,20-3,,
19384-0900-23.zip,202202141041,’†‹–€ŒSº˜a’¬¼ğ,20-4,,
19384-0900-23.zip,202202141041,’†‹–€ŒSº˜a’¬¼ğ,21-1,,
19384-0900-23.zip,202202141041,’†‹–€ŒSº˜a’¬¼ğ,21-3,,
19384-0900-23.zip,202202141041,’†‹–€ŒSº˜a’¬¼ğ,22-1,,
19384-0900-23.zip,202202141041,’†‹–€ŒSº˜a’¬¼ğ,22-2,,
19384-0900-23.zip,202202141041,’†‹–€ŒSº˜a’¬¼ğ,24,,
19384-0900-23.zip,202202141041,’†‹–€ŒSº˜a’¬¼ğ,26-1,,
19384-0900-23.zip,202202141041,’†‹–€ŒSº˜a’¬¼ğ,26-3,,
19384-0900-23.zip,202202141041,’†‹–€ŒSº˜a’¬¼ğ,26-4,,
19384-0900-23.zip,202202141041,’†‹–€ŒSº˜a’¬¼ğ,27-4,,
19384-0900-23.zip,202202141041,’†‹–€ŒSº˜a’¬¼ğ,28-1,,
19384-0900-23.zip,202202141041,’†‹–€ŒSº˜a’¬¼ğ,29-1,,
19384-0900-23.zip,202202141041,’†‹–€ŒSº˜a’¬¼ğ,29-2,,
19384-0900-23.zip,202202141041,’†‹–€ŒSº˜a’¬¼ğ,29-3,,
19384-0900-23.zip,202202141041,’†‹–€ŒSº˜a’¬¼ğ,30-1,,
19384-0900-23.zip,202202141041,’†‹–€ŒSº˜a’¬¼ğ,30-2,,
19384-0900-23.zip,202202141041,’†‹–€ŒSº˜a’¬¼ğ,30-4,,
19384-0900-23.zip,202202141041,’†‹–€ŒSº˜a’¬¼ğ,30-5,,
19384-0900-23.zip,202202141041,’†‹–€ŒSº˜a’¬¼ğ,30-6,,
19384-0900-23.zip,202202141041,’†‹–€ŒSº˜a’¬¼ğ,30-7,,
19384-0900-23.zip,202202141041,’†‹–€ŒSº˜a’¬¼ğ,30-8,,
19384-0900-23.zip,202202141041,’†‹–€ŒSº˜a’¬¼ğ,32-2,,
19384-0900-23.zip,202202141041,’†‹–€ŒSº˜a’¬¼ğ,32-3,,
19384-0900-23.zip,202202141041,’†‹–€ŒSº˜a’¬¼ğ,36-1,,
19384-0900-23.zip,202202141041,’†‹–€ŒSº˜a’¬¼ğ,38-1,,
19384-0900-23.zip,202202141041,’†‹–€ŒSº˜a’¬¼ğ,39-1,,
19384-0900-23.zip,202202141041,’†‹–€ŒSº˜a’¬¼ğ,39-2,,
19384-0900-23.zip,202202141041,’†‹–€ŒSº˜a’¬¼ğ,39-3,,
19384-0900-23.zip,202202141041,’†‹–€ŒSº˜a’¬¼ğ,39-4,,
19384-0900-23.zip,202202141041,’†‹–€ŒSº˜a’¬¼ğ,41-1,,
19384-0900-23.zip,202202141041,’†‹–€ŒSº˜a’¬¼ğ,41-3,,
19384-0900-23.zip,202202141041,’†‹–€ŒSº˜a’¬¼ğ,41-4,,
19384-0900-23.zip,202202141041,’†‹–€ŒSº˜a’¬¼ğ,43-1,,
19384-0900-23.zip,202202141041,’†‹–€ŒSº˜a’¬¼ğ,43-3,,
19384-0900-23.zip,202202141041,’†‹–€ŒSº˜a’¬¼ğ,43-4,,
19384-0900-23.zip,202202141041,’†‹–€ŒSº˜a’¬¼ğ,44,,
19384-0900-23.zip,202202141041,’†‹–€ŒSº˜a’¬¼ğ,44-2,,
19384-0900-23.zip,202202141041,’†‹–€ŒSº˜a’¬¼ğ,45,,
19384-0900-23.zip,202202141041,’†‹–€ŒSº˜a’¬¼ğ,45-2,,
19384-0900-23.zip,202202141041,’†‹–€ŒSº˜a’¬¼ğ,46-4,,
19384-0900-23.zip,202202141041,’†‹–€ŒSº˜a’¬¼ğ,46-5,,
19384-0900-23.zip,202202141041,’†‹–€ŒSº˜a’¬¼ğ,46-8,,
19384-0900-23.zip,202202141041,’†‹–€ŒSº˜a’¬¼ğ,46-9,,
19384-0900-23.zip,202202141041,’†‹–€ŒSº˜a’¬¼ğ,48-1,,
19384-0900-23.zip,202202141041,’†‹–€ŒSº˜a’¬¼ğ,48-3,,
19384-0900-23.zip,202202141041,’†‹–€ŒSº˜a’¬¼ğ,53-3,,
19384-0900-23.zip,202202141041,’†‹–€ŒSº˜a’¬¼ğ,“¹-9,,
19384-0900-23.zip,202202141041,’†‹–€ŒSº˜a’¬¼ğ,“¹-122,,
19384-0900-23.zip,202202141041,’†‹–€ŒSº˜a’¬¼ğ,“¹-199,,
19384-0900-23.zip,202202141041,’†‹–€ŒSº˜a’¬¼ğ,“¹-240,,
19384-0900-23.zip,202202141041,’†‹–€ŒSº˜a’¬¼ğ,“¹-262,,
19384-0900-23.zip,202202141041,’†‹–€ŒSº˜a’¬¼ğ,“¹-279,,
19384-0900-23.zip,202202141041,’†‹–€ŒSº˜a’¬¼ğ,…-140,,
19384-0900-23.zip,202202141041,’†‹–€ŒSº˜a’¬¼ğ,…-207,,
19384-0900-23.zip,202202141041,’†‹–€ŒSº˜a’¬¼ğ,…-245,,
19384-0900-23.zip,202202141041,’†‹–€ŒSº˜a’¬¼ğ,…-284,,
19384-0900-23.zip,202202141041,’†‹–€ŒSº˜a’¬¼ğ,…-300,,
19384-0900-23.zip,202202141041,’†‹–€ŒSº˜a’¬¼ğ,79-7,,
19384-0900-23.zip,202202141041,’†‹–€ŒSº˜a’¬¼ğ,79-8,,
19384-0900-23.zip,202202141041,’†‹–€ŒSº˜a’¬¼ğ,81-3,,
19384-0900-23.zip,202202141041,’†‹–€ŒSº˜a’¬¼ğ,81-4,,
19384-0900-23.zip,202202141041,’†‹–€ŒSº˜a’¬¼ğ,81-5,,
19384-0900-23.zip,202202141041,’†‹–€ŒSº˜a’¬¼ğ,81-6,,
19384-0900-23.zip,202202141041,’†‹–€ŒSº˜a’¬¼ğ,81-7,,
19384-0900-23.zip,202202141041,’†‹–€ŒSº˜a’¬¼ğ,81-8,,
19384-0900-23.zip,202202141041,’†‹–€ŒSº˜a’¬¼ğ,81-9,,
19384-0900-23.zip,202202141041,’†‹–€ŒSº˜a’¬¼ğ,81-10,,
19384-0900-23.zip,202202141041,’†‹–€ŒSº˜a’¬¼ğ,81-11,,
19384-0900-23.zip,202202141041,’†‹–€ŒSº˜a’¬¼ğ,81-12,,
19384-0900-23.zip,202202141041,’†‹–€ŒSº˜a’¬¼ğ,81-13,,
19384-0900-23.zip,202202141041,’†‹–€ŒSº˜a’¬¼ğ,81-16,,
19384-0900-23.zip,202202141041,’†‹–€ŒSº˜a’¬¼ğ,82-1,,
19384-0900-23.zip,202202141041,’†‹–€ŒSº˜a’¬¼ğ,82-2,,
19384-0900-23.zip,202202141041,’†‹–€ŒSº˜a’¬¼ğ,83-2,,
19384-0900-23.zip,202202141041,’†‹–€ŒSº˜a’¬¼ğ,83-4,,
19384-0900-23.zip,202202141041,’†‹–€ŒSº˜a’¬¼ğ,83-5,,
19384-0900-23.zip,202202141041,’†‹–€ŒSº˜a’¬¼ğ,83-8,,
19384-0900-23.zip,202202141041,’†‹–€ŒSº˜a’¬¼ğ,83-14,,
19384-0900-23.zip,202202141041,’†‹–€ŒSº˜a’¬¼ğ,84-2,,
19384-0900-23.zip,202202141041,’†‹–€ŒSº˜a’¬¼ğ,84-4,,
19384-0900-23.zip,202202141041,’†‹–€ŒSº˜a’¬¼ğ,145-1,,
19384-0900-23.zip,202202141041,’†‹–€ŒSº˜a’¬¼ğ,146-1,,
19384-0900-23.zip,202202141041,’†‹–€ŒSº˜a’¬¼ğ,146-2,,
19384-0900-23.zip,202202141041,’†‹–€ŒSº˜a’¬¼ğ,147-1,,
19384-0900-23.zip,202202141041,’†‹–€ŒSº˜a’¬¼ğ,147-2,,
19384-0900-23.zip,202202141041,’†‹–€ŒSº˜a’¬¼ğ,149-1,,
19384-0900-23.zip,202202141041,’†‹–€ŒSº˜a’¬¼ğ,151,,
19384-0900-23.zip,202202141041,’†‹–€ŒSº˜a’¬¼ğ,152,,
19384-0900-23.zip,202202141041,’†‹–€ŒSº˜a’¬¼ğ,153,,
19384-0900-23.zip,202202141041,’†‹–€ŒSº˜a’¬¼ğ,185-1,,
19384-0900-23.zip,202202141041,’†‹–€ŒSº˜a’¬¼ğ,185-2,,
19384-0900-23.zip,202202141041,’†‹–€ŒSº˜a’¬¼ğ,185-3,,
19384-0900-23.zip,202202141041,’†‹–€ŒSº˜a’¬¼ğ,186,,
19384-0900-23.zip,202202141041,’†‹–€ŒSº˜a’¬¼ğ,187,,
19384-0900-23.zip,202202141041,’†‹–€ŒSº˜a’¬¼ğ,188-1,,
19384-0900-23.zip,202202141041,’†‹–€ŒSº˜a’¬¼ğ,188-4,,
19384-0900-23.zip,202202141041,’†‹–€ŒSº˜a’¬¼ğ,188-5,,
19384-0900-23.zip,202202141041,’†‹–€ŒSº˜a’¬¼ğ,“¹-15,,
19384-0900-23.zip,202202141041,’†‹–€ŒSº˜a’¬¼ğ,“¹-173,,
19384-0900-23.zip,202202141041,’†‹–€ŒSº˜a’¬¼ğ,“¹-194,,
19384-0900-23.zip,202202141041,’†‹–€ŒSº˜a’¬¼ğ,…-182,,
19384-0900-23.zip,202202141041,’†‹–€ŒSº˜a’¬¼ğ,…-194,,
19384-0900-23.zip,202202141041,’†‹–€ŒSº˜a’¬¼ğ,…-218,,
19384-0900-23.zip,202202141041,’†‹–€ŒSº˜a’¬¼ğ,…-254,,
19384-0900-23.zip,202202141041,’†‹–€ŒSº˜a’¬¼ğ,2303,,
19384-0900-23.zip,202202141041,’†‹–€ŒSº˜a’¬¼ğ,2303-2,,
19384-0900-23.zip,202202141041,’†‹–€ŒSº˜a’¬¼ğ,2304,,
19384-0900-23.zip,202202141041,’†‹–€ŒSº˜a’¬¼ğ,2305-1,,
19384-0900-23.zip,202202141041,’†‹–€ŒSº˜a’¬¼ğ,2305-2,,
19384-0900-23.zip,202202141041,’†‹–€ŒSº˜a’¬¼ğ,2305-3,,
19384-0900-23.zip,202202141041,’†‹–€ŒSº˜a’¬¼ğ,2305-4,,
19384-0900-23.zip,202202141041,’†‹–€ŒSº˜a’¬¼ğ,2306-1,,
19384-0900-23.zip,202202141041,’†‹–€ŒSº˜a’¬¼ğ,2306-2,,
19384-0900-23.zip,202202141041,’†‹–€ŒSº˜a’¬¼ğ,2306-3,,
19384-0900-23.zip,202202141041,’†‹–€ŒSº˜a’¬¼ğ,2306-4,,
19384-0900-23.zip,202202141041,’†‹–€ŒSº˜a’¬¼ğ,2306-5,,
19384-0900-23.zip,202202141041,’†‹–€ŒSº˜a’¬¼ğ,2307-1,,
19384-0900-23.zip,202202141041,’†‹–€ŒSº˜a’¬¼ğ,2307-2,,
19384-0900-23.zip,202202141041,’†‹–€ŒSº˜a’¬¼ğ,2307-3,,
19384-0900-23.zip,202202141041,’†‹–€ŒSº˜a’¬¼ğ,2307-4,,
19384-0900-23.zip,202202141041,’†‹–€ŒSº˜a’¬¼ğ,2307-5,,
19384-0900-23.zip,202202141041,’†‹–€ŒSº˜a’¬¼ğ,2307-6,,
19384-0900-23.zip,202202141041,’†‹–€ŒSº˜a’¬¼ğ,2307-7,,
19384-0900-23.zip,202202141041,’†‹–€ŒSº˜a’¬¼ğ,2307-8,,
19384-0900-23.zip,202202141041,’†‹–€ŒSº˜a’¬¼ğ,2307-9,,
19384-0900-23.zip,202202141041,’†‹–€ŒSº˜a’¬¼ğ,2307-10,,
19384-0900-23.zip,202202141041,’†‹–€ŒSº˜a’¬¼ğ,2308-2,,
19384-0900-23.zip,202202141041,’†‹–€ŒSº˜a’¬¼ğ,2308-3,,
19384-0900-23.zip,202202141041,’†‹–€ŒSº˜a’¬¼ğ,2314-1,,
19384-0900-23.zip,202202141041,’†‹–€ŒSº˜a’¬¼ğ,2314-2,,
19384-0900-23.zip,202202141041,’†‹–€ŒSº˜a’¬¼ğ,2314-3,,
19384-0900-23.zip,202202141041,’†‹–€ŒSº˜a’¬¼ğ,2314-4,,
19384-0900-23.zip,202202141041,’†‹–€ŒSº˜a’¬¼ğ,2314-5,,
19384-0900-23.zip,202202141041,’†‹–€ŒSº˜a’¬¼ğ,2314-6,,
19384-0900-23.zip,202202141041,’†‹–€ŒSº˜a’¬¼ğ,2314-7,,
19384-0900-23.zip,202202141041,’†‹–€ŒSº˜a’¬¼ğ,2314-8,,
19384-0900-23.zip,202202141041,’†‹–€ŒSº˜a’¬¼ğ,2314-9,,
19384-0900-23.zip,202202141041,’†‹–€ŒSº˜a’¬¼ğ,2314-10,,
19384-0900-23.zip,202202141041,’†‹–€ŒSº˜a’¬¼ğ,2315-2,,
19384-0900-23.zip,202202141041,’†‹–€ŒSº˜a’¬¼ğ,2316-1,,
19384-0900-23.zip,202202141041,’†‹–€ŒSº˜a’¬¼ğ,2316-2,,
19384-0900-23.zip,202202141041,’†‹–€ŒSº˜a’¬¼ğ,2316-3,,
19384-0900-23.zip,202202141041,’†‹–€ŒSº˜a’¬¼ğ,2316-4,,
19384-0900-23.zip,202202141041,’†‹–€ŒSº˜a’¬¼ğ,2316-5,,
19384-0900-23.zip,202202141041,’†‹–€ŒSº˜a’¬¼ğ,2316-6,,
19384-0900-23.zip,202202141041,’†‹–€ŒSº˜a’¬¼ğ,2318-1,,
19384-0900-23.zip,202202141041,’†‹–€ŒSº˜a’¬¼ğ,2318-2,,
19384-0900-23.zip,202202141041,’†‹–€ŒSº˜a’¬¼ğ,2319-1,,
19384-0900-23.zip,202202141041,’†‹–€ŒSº˜a’¬¼ğ,2319-2,,
19384-0900-23.zip,202202141041,’†‹–€ŒSº˜a’¬¼ğ,2319-3,,
19384-0900-23.zip,202202141041,’†‹–€ŒSº˜a’¬¼ğ,2319-4,,
19384-0900-23.zip,202202141041,’†‹–€ŒSº˜a’¬¼ğ,2319-5,,
19384-0900-23.zip,202202141041,’†‹–€ŒSº˜a’¬¼ğ,2319-6,,
19384-0900-23.zip,202202141041,’†‹–€ŒSº˜a’¬¼ğ,2320-2,,
19384-0900-23.zip,202202141041,’†‹–€ŒSº˜a’¬¼ğ,2320-3,,
19384-0900-23.zip,202202141041,’†‹–€ŒSº˜a’¬¼ğ,2320-4,,
19384-0900-23.zip,202202141041,’†‹–€ŒSº˜a’¬¼ğ,2321-1,,
19384-0900-23.zip,202202141041,’†‹–€ŒSº˜a’¬¼ğ,2321-2,,
19384-0900-23.zip,202202141041,’†‹–€ŒSº˜a’¬¼ğ,2322-1,,
19384-0900-23.zip,202202141041,’†‹–€ŒSº˜a’¬¼ğ,2322-2,,
19384-0900-23.zip,202202141041,’†‹–€ŒSº˜a’¬¼ğ,2323-1,,
19384-0900-23.zip,202202141041,’†‹–€ŒSº˜a’¬¼ğ,2323-2,,
19384-0900-23.zip,202202141041,’†‹–€ŒSº˜a’¬¼ğ,2323-3,,
19384-0900-23.zip,202202141041,’†‹–€ŒSº˜a’¬¼ğ,2324-1,,
19384-0900-23.zip,202202141041,’†‹–€ŒSº˜a’¬¼ğ,2324-2,,
19384-0900-23.zip,202202141041,’†‹–€ŒSº˜a’¬¼ğ,2324-3,,
19384-0900-23.zip,202202141041,’†‹–€ŒSº˜a’¬¼ğ,2324-4,,
19384-0900-23.zip,202202141041,’†‹–€ŒSº˜a’¬¼ğ,2324-5,,
19384-0900-23.zip,202202141041,’†‹–€ŒSº˜a’¬¼ğ,2325-1,,
19384-0900-23.zip,202202141041,’†‹–€ŒSº˜a’¬¼ğ,2325-2,,
19384-0900-23.zip,202202141041,’†‹–€ŒSº˜a’¬¼ğ,2325-3,,
19384-0900-23.zip,202202141041,’†‹–€ŒSº˜a’¬¼ğ,2325-4,,
19384-0900-23.zip,202202141041,’†‹–€ŒSº˜a’¬¼ğ,2325-5,,
19384-0900-23.zip,202202141041,’†‹–€ŒSº˜a’¬¼ğ,2326-1,,
19384-0900-23.zip,202202141041,’†‹–€ŒSº˜a’¬¼ğ,2326-2,,
19384-0900-23.zip,202202141041,’†‹–€ŒSº˜a’¬¼ğ,2327,,
19384-0900-23.zip,202202141041,’†‹–€ŒSº˜a’¬¼ğ,2327-2,,
19384-0900-23.zip,202202141041,’†‹–€ŒSº˜a’¬¼ğ,2327-3,,
19384-0900-23.zip,202202141041,’†‹–€ŒSº˜a’¬¼ğ,2328-1,,
19384-0900-23.zip,202202141041,’†‹–€ŒSº˜a’¬¼ğ,2328-2,,
19384-0900-23.zip,202202141041,’†‹–€ŒSº˜a’¬¼ğ,2328-3,,
19384-0900-23.zip,202202141041,’†‹–€ŒSº˜a’¬¼ğ,2328-4,,
19384-0900-23.zip,202202141041,’†‹–€ŒSº˜a’¬¼ğ,2328-5,,
19384-0900-23.zip,202202141041,’†‹–€ŒSº˜a’¬¼ğ,2328-6,,
19384-0900-23.zip,202202141041,’†‹–€ŒSº˜a’¬¼ğ,2328-7,,
19384-0900-23.zip,202202141041,’†‹–€ŒSº˜a’¬¼ğ,2329-2,,
19384-0900-23.zip,202202141041,’†‹–€ŒSº˜a’¬¼ğ,2329-3,,
19384-0900-23.zip,202202141041,’†‹–€ŒSº˜a’¬¼ğ,2330-2,,
19384-0900-23.zip,202202141041,’†‹–€ŒSº˜a’¬¼ğ,2331-2,,
19384-0900-23.zip,202202141041,’†‹–€ŒSº˜a’¬¼ğ,2332-2,,
19384-0900-23.zip,202202141041,’†‹–€ŒSº˜a’¬¼ğ,2332-3,,
19384-0900-23.zip,202202141041,’†‹–€ŒSº˜a’¬¼ğ,2332-4,,
19384-0900-23.zip,202202141041,’†‹–€ŒSº˜a’¬¼ğ,2333-2,,
19384-0900-23.zip,202202141041,’†‹–€ŒSº˜a’¬¼ğ,2333-3,,
19384-0900-23.zip,202202141041,’†‹–€ŒSº˜a’¬¼ğ,2340-1,,
19384-0900-23.zip,202202141041,’†‹–€ŒSº˜a’¬¼ğ,2340-2,,
19384-0900-23.zip,202202141041,’†‹–€ŒSº˜a’¬¼ğ,2341,,
19384-0900-23.zip,202202141041,’†‹–€ŒSº˜a’¬¼ğ,2342-1,,
19384-0900-23.zip,202202141041,’†‹–€ŒSº˜a’¬¼ğ,2342-2,,
19384-0900-23.zip,202202141041,’†‹–€ŒSº˜a’¬¼ğ,2342-3,,
19384-0900-23.zip,202202141041,’†‹–€ŒSº˜a’¬¼ğ,2342-4,,
19384-0900-23.zip,202202141041,’†‹–€ŒSº˜a’¬¼ğ,2349-1,,
19384-0900-23.zip,202202141041,’†‹–€ŒSº˜a’¬¼ğ,2349-2,,
19384-0900-23.zip,202202141041,’†‹–€ŒSº˜a’¬¼ğ,2350,,
19384-0900-23.zip,202202141041,’†‹–€ŒSº˜a’¬¼ğ,2350-2,,
19384-0900-23.zip,202202141041,’†‹–€ŒSº˜a’¬¼ğ,2351-1,,
19384-0900-23.zip,202202141041,’†‹–€ŒSº˜a’¬¼ğ,2351-3,,
19384-0900-23.zip,202202141041,’†‹–€ŒSº˜a’¬¼ğ,2351-5,,
19384-0900-23.zip,202202141041,’†‹–€ŒSº˜a’¬¼ğ,2352-1,,
19384-0900-23.zip,202202141041,’†‹–€ŒSº˜a’¬¼ğ,2352-4,,
19384-0900-23.zip,202202141041,’†‹–€ŒSº˜a’¬¼ğ,2352-5,,
19384-0900-23.zip,202202141041,’†‹–€ŒSº˜a’¬¼ğ,2352-6,,
19384-0900-23.zip,202202141041,’†‹–€ŒSº˜a’¬¼ğ,2352-9,,
19384-0900-23.zip,202202141041,’†‹–€ŒSº˜a’¬¼ğ,2353-1,,
19384-0900-23.zip,202202141041,’†‹–€ŒSº˜a’¬¼ğ,2353-2,,
19384-0900-23.zip,202202141041,’†‹–€ŒSº˜a’¬¼ğ,2355,,
19384-0900-23.zip,202202141041,’†‹–€ŒSº˜a’¬¼ğ,2356,,
19384-0900-23.zip,202202141041,’†‹–€ŒSº˜a’¬¼ğ,2357-2,,
19384-0900-23.zip,202202141041,’†‹–€ŒSº˜a’¬¼ğ,2357-3,,
19384-0900-23.zip,202202141041,’†‹–€ŒSº˜a’¬¼ğ,2357-4,,
19384-0900-23.zip,202202141041,’†‹–€ŒSº˜a’¬¼ğ,2358-2,,
19384-0900-23.zip,202202141041,’†‹–€ŒSº˜a’¬¼ğ,2358-3,,
19384-0900-23.zip,202202141041,’†‹–€ŒSº˜a’¬¼ğ,2358-4,,
19384-0900-23.zip,202202141041,’†‹–€ŒSº˜a’¬¼ğ,2359-1,,
19384-0900-23.zip,202202141041,’†‹–€ŒSº˜a’¬¼ğ,2359-2,,
19384-0900-23.zip,202202141041,’†‹–€ŒSº˜a’¬¼ğ,2359-3,,
19384-0900-23.zip,202202141041,’†‹–€ŒSº˜a’¬¼ğ,2360-2,,
19384-0900-23.zip,202202141041,’†‹–€ŒSº˜a’¬¼ğ,2360-3,,
19384-0900-23.zip,202202141041,’†‹–€ŒSº˜a’¬¼ğ,2361-1,,
19384-0900-23.zip,202202141041,’†‹–€ŒSº˜a’¬¼ğ,2361-2,,
19384-0900-23.zip,202202141041,’†‹–€ŒSº˜a’¬¼ğ,2361-3,,
19384-0900-23.zip,202202141041,’†‹–€ŒSº˜a’¬¼ğ,2361-4,,
19384-0900-23.zip,202202141041,’†‹–€ŒSº˜a’¬¼ğ,2361-5,,
19384-0900-23.zip,202202141041,’†‹–€ŒSº˜a’¬¼ğ,2362-1,,
19384-0900-23.zip,202202141041,’†‹–€ŒSº˜a’¬¼ğ,2362-2,,
19384-0900-23.zip,202202141041,’†‹–€ŒSº˜a’¬¼ğ,2362-3,,
19384-0900-23.zip,202202141041,’†‹–€ŒSº˜a’¬¼ğ,2363,,
19384-0900-23.zip,202202141041,’†‹–€ŒSº˜a’¬¼ğ,2364-1,,
19384-0900-23.zip,202202141041,’†‹–€ŒSº˜a’¬¼ğ,2364-2,,
19384-0900-23.zip,202202141041,’†‹–€ŒSº˜a’¬¼ğ,2365-1,,
19384-0900-23.zip,202202141041,’†‹–€ŒSº˜a’¬¼ğ,2365-2,,
19384-0900-23.zip,202202141041,’†‹–€ŒSº˜a’¬¼ğ,2365-3,,
19384-0900-23.zip,202202141041,’†‹–€ŒSº˜a’¬¼ğ,2365-4,,
19384-0900-23.zip,202202141041,’†‹–€ŒSº˜a’¬¼ğ,2366-2,,
19384-0900-23.zip,202202141041,’†‹–€ŒSº˜a’¬¼ğ,2366-3,,
19384-0900-23.zip,202202141041,’†‹–€ŒSº˜a’¬¼ğ,2366-4,,
19384-0900-23.zip,202202141041,’†‹–€ŒSº˜a’¬¼ğ,2366-5,,
19384-0900-23.zip,202202141041,’†‹–€ŒSº˜a’¬¼ğ,2367,,
19384-0900-23.zip,202202141041,’†‹–€ŒSº˜a’¬¼ğ,2368-1,,
19384-0900-23.zip,202202141041,’†‹–€ŒSº˜a’¬¼ğ,2368-2,,
19384-0900-23.zip,202202141041,’†‹–€ŒSº˜a’¬¼ğ,2368-3,,
19384-0900-23.zip,202202141041,’†‹–€ŒSº˜a’¬¼ğ,2368-4,,
19384-0900-23.zip,202202141041,’†‹–€ŒSº˜a’¬¼ğ,2368-5,,
19384-0900-23.zip,202202141041,’†‹–€ŒSº˜a’¬¼ğ,2368-6,,
19384-0900-23.zip,202202141041,’†‹–€ŒSº˜a’¬¼ğ,2368-7,,
19384-0900-23.zip,202202141041,’†‹–€ŒSº˜a’¬¼ğ,2369,,
19384-0900-23.zip,202202141041,’†‹–€ŒSº˜a’¬¼ğ,2370-2,,
19384-0900-23.zip,202202141041,’†‹–€ŒSº˜a’¬¼ğ,2370-3,,
19384-0900-23.zip,202202141041,’†‹–€ŒSº˜a’¬¼ğ,2370-6,,
19384-0900-23.zip,202202141041,’†‹–€ŒSº˜a’¬¼ğ,2370-10,,
19384-0900-23.zip,202202141041,’†‹–€ŒSº˜a’¬¼ğ,2370-11,,
19384-0900-23.zip,202202141041,’†‹–€ŒSº˜a’¬¼ğ,2370-12,,
19384-0900-23.zip,202202141041,’†‹–€ŒSº˜a’¬¼ğ,2370-13,,
19384-0900-23.zip,202202141041,’†‹–€ŒSº˜a’¬¼ğ,2373-1,,
19384-0900-23.zip,202202141041,’†‹–€ŒSº˜a’¬¼ğ,2373-2,,
19384-0900-23.zip,202202141041,’†‹–€ŒSº˜a’¬¼ğ,2373-3,,
19384-0900-23.zip,202202141041,’†‹–€ŒSº˜a’¬¼ğ,2373-4,,
19384-0900-23.zip,202202141041,’†‹–€ŒSº˜a’¬¼ğ,2373-5,,
19384-0900-23.zip,202202141041,’†‹–€ŒSº˜a’¬¼ğ,2373-6,,
19384-0900-23.zip,202202141041,’†‹–€ŒSº˜a’¬¼ğ,2373-7,,
19384-0900-23.zip,202202141041,’†‹–€ŒSº˜a’¬¼ğ,2373-8,,
19384-0900-23.zip,202202141041,’†‹–€ŒSº˜a’¬¼ğ,2374-1,,
19384-0900-23.zip,202202141041,’†‹–€ŒSº˜a’¬¼ğ,2375,,
19384-0900-23.zip,202202141041,’†‹–€ŒSº˜a’¬¼ğ,2381-1,,
19384-0900-23.zip,202202141041,’†‹–€ŒSº˜a’¬¼ğ,2381-2,,
19384-0900-23.zip,202202141041,’†‹–€ŒSº˜a’¬¼ğ,2381-3,,
19384-0900-23.zip,202202141041,’†‹–€ŒSº˜a’¬¼ğ,2387-1,,
19384-0900-23.zip,202202141041,’†‹–€ŒSº˜a’¬¼ğ,2387-2,,
19384-0900-23.zip,202202141041,’†‹–€ŒSº˜a’¬¼ğ,2388,,
19384-0900-23.zip,202202141041,’†‹–€ŒSº˜a’¬¼ğ,2389-1,,
19384-0900-23.zip,202202141041,’†‹–€ŒSº˜a’¬¼ğ,2389-2,,
19384-0900-23.zip,202202141041,’†‹–€ŒSº˜a’¬¼ğ,2389-3,,
19384-0900-23.zip,202202141041,’†‹–€ŒSº˜a’¬¼ğ,2390,,
19384-0900-23.zip,202202141041,’†‹–€ŒSº˜a’¬¼ğ,2392-1,,
19384-0900-23.zip,202202141041,’†‹–€ŒSº˜a’¬¼ğ,2392-2,,
19384-0900-23.zip,202202141041,’†‹–€ŒSº˜a’¬¼ğ,2396-1,,
19384-0900-23.zip,202202141041,’†‹–€ŒSº˜a’¬¼ğ,2396-2,,
19384-0900-23.zip,202202141041,’†‹–€ŒSº˜a’¬¼ğ,2397-1,,
19384-0900-23.zip,202202141041,’†‹–€ŒSº˜a’¬¼ğ,2397-2,,
19384-0900-23.zip,202202141041,’†‹–€ŒSº˜a’¬¼ğ,2400,,
19384-0900-23.zip,202202141041,’†‹–€ŒSº˜a’¬¼ğ,2401-1,,
19384-0900-23.zip,202202141041,’†‹–€ŒSº˜a’¬¼ğ,2401-2,,
19384-0900-23.zip,202202141041,’†‹–€ŒSº˜a’¬¼ğ,2401-3,,
19384-0900-23.zip,202202141041,’†‹–€ŒSº˜a’¬¼ğ,2402,,
19384-0900-23.zip,202202141041,’†‹–€ŒSº˜a’¬¼ğ,2405-2,,
19384-0900-23.zip,202202141041,’†‹–€ŒSº˜a’¬¼ğ,2405-3,,
19384-0900-23.zip,202202141041,’†‹–€ŒSº˜a’¬¼ğ,2405-4,,
19384-0900-23.zip,202202141041,’†‹–€ŒSº˜a’¬¼ğ,2406-1,,
19384-0900-23.zip,202202141041,’†‹–€ŒSº˜a’¬¼ğ,2406-2,,
19384-0900-23.zip,202202141041,’†‹–€ŒSº˜a’¬¼ğ,2406-3,,
19384-0900-23.zip,202202141041,’†‹–€ŒSº˜a’¬¼ğ,2406-4,,
19384-0900-23.zip,202202141041,’†‹–€ŒSº˜a’¬¼ğ,2407-1,,
19384-0900-23.zip,202202141041,’†‹–€ŒSº˜a’¬¼ğ,2407-2,,
19384-0900-23.zip,202202141041,’†‹–€ŒSº˜a’¬¼ğ,2407-3,,
19384-0900-23.zip,202202141041,’†‹–€ŒSº˜a’¬¼ğ,2407-4,,
19384-0900-23.zip,202202141041,’†‹–€ŒSº˜a’¬¼ğ,2408-1,,
19384-0900-23.zip,202202141041,’†‹–€ŒSº˜a’¬¼ğ,2408-2,,
19384-0900-23.zip,202202141041,’†‹–€ŒSº˜a’¬¼ğ,2409-1,,
19384-0900-23.zip,202202141041,’†‹–€ŒSº˜a’¬¼ğ,2409-2,,
19384-0900-23.zip,202202141041,’†‹–€ŒSº˜a’¬¼ğ,2409-3,,
19384-0900-23.zip,202202141041,’†‹–€ŒSº˜a’¬¼ğ,2409-4,,
19384-0900-23.zip,202202141041,’†‹–€ŒSº˜a’¬¼ğ,2410-1,,
19384-0900-23.zip,202202141041,’†‹–€ŒSº˜a’¬¼ğ,2410-2,,
19384-0900-23.zip,202202141041,’†‹–€ŒSº˜a’¬¼ğ,2410-3,,
19384-0900-23.zip,202202141041,’†‹–€ŒSº˜a’¬¼ğ,2410-4,,
19384-0900-23.zip,202202141041,’†‹–€ŒSº˜a’¬¼ğ,2411-1,,
19384-0900-23.zip,202202141041,’†‹–€ŒSº˜a’¬¼ğ,2411-2,,
19384-0900-23.zip,202202141041,’†‹–€ŒSº˜a’¬¼ğ,2411-3,,
19384-0900-23.zip,202202141041,’†‹–€ŒSº˜a’¬¼ğ,2411-4,,
19384-0900-23.zip,202202141041,’†‹–€ŒSº˜a’¬¼ğ,2411-5,,
19384-0900-23.zip,202202141041,’†‹–€ŒSº˜a’¬¼ğ,2411-6,,
19384-0900-23.zip,202202141041,’†‹–€ŒSº˜a’¬¼ğ,2412,,
19384-0900-23.zip,202202141041,’†‹–€ŒSº˜a’¬¼ğ,2413,,
19384-0900-23.zip,202202141041,’†‹–€ŒSº˜a’¬¼ğ,2415-3,,
19384-0900-23.zip,202202141041,’†‹–€ŒSº˜a’¬¼ğ,2415-6,,
19384-0900-23.zip,202202141041,’†‹–€ŒSº˜a’¬¼ğ,2415-7,,
19384-0900-23.zip,202202141041,’†‹–€ŒSº˜a’¬¼ğ,2415-8,,
19384-0900-23.zip,202202141041,’†‹–€ŒSº˜a’¬¼ğ,2415-9,,
19384-0900-23.zip,202202141041,’†‹–€ŒSº˜a’¬¼ğ,2415-10,,
19384-0900-23.zip,202202141041,’†‹–€ŒSº˜a’¬¼ğ,2415-11,,
19384-0900-23.zip,202202141041,’†‹–€ŒSº˜a’¬¼ğ,2415-13,,
19384-0900-23.zip,202202141041,’†‹–€ŒSº˜a’¬¼ğ,2415-15,,
19384-0900-23.zip,202202141041,’†‹–€ŒSº˜a’¬¼ğ,2415-16,,
19384-0900-23.zip,202202141041,’†‹–€ŒSº˜a’¬¼ğ,2416-1,,
19384-0900-23.zip,202202141041,’†‹–€ŒSº˜a’¬¼ğ,2416-2,,
19384-0900-23.zip,202202141041,’†‹–€ŒSº˜a’¬¼ğ,2416-4,,
19384-0900-23.zip,202202141041,’†‹–€ŒSº˜a’¬¼ğ,2416-5,,
19384-0900-23.zip,202202141041,’†‹–€ŒSº˜a’¬¼ğ,2416-6,,
19384-0900-23.zip,202202141041,’†‹–€ŒSº˜a’¬¼ğ,2416-7,,
19384-0900-23.zip,202202141041,’†‹–€ŒSº˜a’¬¼ğ,2416-8,,
19384-0900-23.zip,202202141041,’†‹–€ŒSº˜a’¬¼ğ,2416-9,,
19384-0900-23.zip,202202141041,’†‹–€ŒSº˜a’¬¼ğ,2416-10,,
19384-0900-23.zip,202202141041,’†‹–€ŒSº˜a’¬¼ğ,2416-11,,
19384-0900-23.zip,202202141041,’†‹–€ŒSº˜a’¬¼ğ,2416-12,,
19384-0900-23.zip,202202141041,’†‹–€ŒSº˜a’¬¼ğ,2416-13,,
19384-0900-23.zip,202202141041,’†‹–€ŒSº˜a’¬¼ğ,2417-1,,
19384-0900-23.zip,202202141041,’†‹–€ŒSº˜a’¬¼ğ,2417-2,,
19384-0900-23.zip,202202141041,’†‹–€ŒSº˜a’¬¼ğ,2417-3,,
19384-0900-23.zip,202202141041,’†‹–€ŒSº˜a’¬¼ğ,2417-4,,
19384-0900-23.zip,202202141041,’†‹–€ŒSº˜a’¬¼ğ,2418-2,,
19384-0900-23.zip,202202141041,’†‹–€ŒSº˜a’¬¼ğ,2418-3,,
19384-0900-23.zip,202202141041,’†‹–€ŒSº˜a’¬¼ğ,2418-4,,
19384-0900-23.zip,202202141041,’†‹–€ŒSº˜a’¬¼ğ,2418-5,,
19384-0900-23.zip,202202141041,’†‹–€ŒSº˜a’¬¼ğ,2418-6,,
19384-0900-23.zip,202202141041,’†‹–€ŒSº˜a’¬¼ğ,2419-1,,
19384-0900-23.zip,202202141041,’†‹–€ŒSº˜a’¬¼ğ,2419-2,,
19384-0900-23.zip,202202141041,’†‹–€ŒSº˜a’¬¼ğ,2419-3,,
19384-0900-23.zip,202202141041,’†‹–€ŒSº˜a’¬¼ğ,2420-1,,
19384-0900-23.zip,202202141041,’†‹–€ŒSº˜a’¬¼ğ,2420-2,,
19384-0900-23.zip,202202141041,’†‹–€ŒSº˜a’¬¼ğ,2420-3,,
19384-0900-23.zip,202202141041,’†‹–€ŒSº˜a’¬¼ğ,2421-1,,
19384-0900-23.zip,202202141041,’†‹–€ŒSº˜a’¬¼ğ,2421-2,,
19384-0900-23.zip,202202141041,’†‹–€ŒSº˜a’¬¼ğ,2422,,
19384-0900-23.zip,202202141041,’†‹–€ŒSº˜a’¬¼ğ,2423-1,,
19384-0900-23.zip,202202141041,’†‹–€ŒSº˜a’¬¼ğ,2423-2,,
19384-0900-23.zip,202202141041,’†‹–€ŒSº˜a’¬¼ğ,2423-3,,
19384-0900-23.zip,202202141041,’†‹–€ŒSº˜a’¬¼ğ,2423-4,,
19384-0900-23.zip,202202141041,’†‹–€ŒSº˜a’¬¼ğ,2423-5,,
19384-0900-23.zip,202202141041,’†‹–€ŒSº˜a’¬¼ğ,2424,,
19384-0900-23.zip,202202141041,’†‹–€ŒSº˜a’¬¼ğ,2425-1,,
19384-0900-23.zip,202202141041,’†‹–€ŒSº˜a’¬¼ğ,2425-2,,
19384-0900-23.zip,202202141041,’†‹–€ŒSº˜a’¬¼ğ,2425-3,,
19384-0900-23.zip,202202141041,’†‹–€ŒSº˜a’¬¼ğ,2425-4,,
19384-0900-23.zip,202202141041,’†‹–€ŒSº˜a’¬¼ğ,2426,,
19384-0900-23.zip,202202141041,’†‹–€ŒSº˜a’¬¼ğ,2427-1,,
19384-0900-23.zip,202202141041,’†‹–€ŒSº˜a’¬¼ğ,2427-2,,
19384-0900-23.zip,202202141041,’†‹–€ŒSº˜a’¬¼ğ,2427-3,,
19384-0900-23.zip,202202141041,’†‹–€ŒSº˜a’¬¼ğ,2427-4,,
19384-0900-23.zip,202202141041,’†‹–€ŒSº˜a’¬¼ğ,2428,,
19384-0900-23.zip,202202141041,’†‹–€ŒSº˜a’¬¼ğ,2429-2,,
19384-0900-23.zip,202202141041,’†‹–€ŒSº˜a’¬¼ğ,2429-3,,
19384-0900-23.zip,202202141041,’†‹–€ŒSº˜a’¬¼ğ,2429-4,,
19384-0900-23.zip,202202141041,’†‹–€ŒSº˜a’¬¼ğ,2430,,
19384-0900-23.zip,202202141041,’†‹–€ŒSº˜a’¬¼ğ,2431-1,,
19384-0900-23.zip,202202141041,’†‹–€ŒSº˜a’¬¼ğ,2431-2,,
19384-0900-23.zip,202202141041,’†‹–€ŒSº˜a’¬¼ğ,2431-3,,
19384-0900-23.zip,202202141041,’†‹–€ŒSº˜a’¬¼ğ,2431-4,,
19384-0900-23.zip,202202141041,’†‹–€ŒSº˜a’¬¼ğ,2432-1,,
19384-0900-23.zip,202202141041,’†‹–€ŒSº˜a’¬¼ğ,2432-2,,
19384-0900-23.zip,202202141041,’†‹–€ŒSº˜a’¬¼ğ,2433-1,,
19384-0900-23.zip,202202141041,’†‹–€ŒSº˜a’¬¼ğ,2433-2,,
19384-0900-23.zip,202202141041,’†‹–€ŒSº˜a’¬¼ğ,2434-1,,
19384-0900-23.zip,202202141041,’†‹–€ŒSº˜a’¬¼ğ,2434-2,,
19384-0900-23.zip,202202141041,’†‹–€ŒSº˜a’¬¼ğ,2435,,
19384-0900-23.zip,202202141041,’†‹–€ŒSº˜a’¬¼ğ,2436,,
19384-0900-23.zip,202202141041,’†‹–€ŒSº˜a’¬¼ğ,2438-2,,
19384-0900-23.zip,202202141041,’†‹–€ŒSº˜a’¬¼ğ,2439,,
19384-0900-23.zip,202202141041,’†‹–€ŒSº˜a’¬¼ğ,2440,,
19384-0900-23.zip,202202141041,’†‹–€ŒSº˜a’¬¼ğ,2441-1,,
19384-0900-23.zip,202202141041,’†‹–€ŒSº˜a’¬¼ğ,2441-2,,
19384-0900-23.zip,202202141041,’†‹–€ŒSº˜a’¬¼ğ,2441-3,,
19384-0900-23.zip,202202141041,’†‹–€ŒSº˜a’¬¼ğ,2441-4,,
19384-0900-23.zip,202202141041,’†‹–€ŒSº˜a’¬¼ğ,2442-1,,
19384-0900-23.zip,202202141041,’†‹–€ŒSº˜a’¬¼ğ,2442-2,,
19384-0900-23.zip,202202141041,’†‹–€ŒSº˜a’¬¼ğ,2442-3,,
19384-0900-23.zip,202202141041,’†‹–€ŒSº˜a’¬¼ğ,2442-4,,
19384-0900-23.zip,202202141041,’†‹–€ŒSº˜a’¬¼ğ,2443-1,,
19384-0900-23.zip,202202141041,’†‹–€ŒSº˜a’¬¼ğ,2443-2,,
19384-0900-23.zip,202202141041,’†‹–€ŒSº˜a’¬¼ğ,2443-3,,
19384-0900-23.zip,202202141041,’†‹–€ŒSº˜a’¬¼ğ,2444-2,,
19384-0900-23.zip,202202141041,’†‹–€ŒSº˜a’¬¼ğ,2444-3,,
19384-0900-23.zip,202202141041,’†‹–€ŒSº˜a’¬¼ğ,2444-5,,
19384-0900-23.zip,202202141041,’†‹–€ŒSº˜a’¬¼ğ,2447-1,,
19384-0900-23.zip,202202141041,’†‹–€ŒSº˜a’¬¼ğ,2447-2,,
19384-0900-23.zip,202202141041,’†‹–€ŒSº˜a’¬¼ğ,2447-3,,
19384-0900-23.zip,202202141041,’†‹–€ŒSº˜a’¬¼ğ,2447-5,,
19384-0900-23.zip,202202141041,’†‹–€ŒSº˜a’¬¼ğ,2447-6,,
19384-0900-23.zip,202202141041,’†‹–€ŒSº˜a’¬¼ğ,2448,,
19384-0900-23.zip,202202141041,’†‹–€ŒSº˜a’¬¼ğ,2448-2,,
19384-0900-23.zip,202202141041,’†‹–€ŒSº˜a’¬¼ğ,2449,,
19384-0900-23.zip,202202141041,’†‹–€ŒSº˜a’¬¼ğ,2450-1,,
19384-0900-23.zip,202202141041,’†‹–€ŒSº˜a’¬¼ğ,2450-2,,
19384-0900-23.zip,202202141041,’†‹–€ŒSº˜a’¬¼ğ,2450-3,,
19384-0900-23.zip,202202141041,’†‹–€ŒSº˜a’¬¼ğ,2450-4,,
19384-0900-23.zip,202202141041,’†‹–€ŒSº˜a’¬¼ğ,2450-5,,
19384-0900-23.zip,202202141041,’†‹–€ŒSº˜a’¬¼ğ,2450-6,,
19384-0900-23.zip,202202141041,’†‹–€ŒSº˜a’¬¼ğ,2451-1,,
19384-0900-23.zip,202202141041,’†‹–€ŒSº˜a’¬¼ğ,2451-2,,
19384-0900-23.zip,202202141041,’†‹–€ŒSº˜a’¬¼ğ,2453-1,,
19384-0900-23.zip,202202141041,’†‹–€ŒSº˜a’¬¼ğ,2453-2,,
19384-0900-23.zip,202202141041,’†‹–€ŒSº˜a’¬¼ğ,2454-1,,
19384-0900-23.zip,202202141041,’†‹–€ŒSº˜a’¬¼ğ,2454-2,,
19384-0900-23.zip,202202141041,’†‹–€ŒSº˜a’¬¼ğ,2454-3,,
19384-0900-23.zip,202202141041,’†‹–€ŒSº˜a’¬¼ğ,2455-1,,
19384-0900-23.zip,202202141041,’†‹–€ŒSº˜a’¬¼ğ,2455-2,,
19384-0900-23.zip,202202141041,’†‹–€ŒSº˜a’¬¼ğ,2456-1,,
19384-0900-23.zip,202202141041,’†‹–€ŒSº˜a’¬¼ğ,2456-2,,
19384-0900-23.zip,202202141041,’†‹–€ŒSº˜a’¬¼ğ,2457,,
19384-0900-23.zip,202202141041,’†‹–€ŒSº˜a’¬¼ğ,2458-1,,
19384-0900-23.zip,202202141041,’†‹–€ŒSº˜a’¬¼ğ,2458-3,,
19384-0900-23.zip,202202141041,’†‹–€ŒSº˜a’¬¼ğ,2461-1,,
19384-0900-23.zip,202202141041,’†‹–€ŒSº˜a’¬¼ğ,2461-5,,
19384-0900-23.zip,202202141041,’†‹–€ŒSº˜a’¬¼ğ,2461-7,,
19384-0900-23.zip,202202141041,’†‹–€ŒSº˜a’¬¼ğ,2461-8,,
19384-0900-23.zip,202202141041,’†‹–€ŒSº˜a’¬¼ğ,2463-1,,
19384-0900-23.zip,202202141041,’†‹–€ŒSº˜a’¬¼ğ,2463-2,,
19384-0900-23.zip,202202141041,’†‹–€ŒSº˜a’¬¼ğ,2465-1,,
19384-0900-23.zip,202202141041,’†‹–€ŒSº˜a’¬¼ğ,2465-5,,
19384-0900-23.zip,202202141041,’†‹–€ŒSº˜a’¬¼ğ,2466-1,,
19384-0900-23.zip,202202141041,’†‹–€ŒSº˜a’¬¼ğ,2466-4,,
19384-0900-23.zip,202202141041,’†‹–€ŒSº˜a’¬¼ğ,2466-5,,
19384-0900-23.zip,202202141041,’†‹–€ŒSº˜a’¬¼ğ,2469-1,,
19384-0900-23.zip,202202141041,’†‹–€ŒSº˜a’¬¼ğ,2469-3,,
19384-0900-23.zip,202202141041,’†‹–€ŒSº˜a’¬¼ğ,2469-4,,
19384-0900-23.zip,202202141041,’†‹–€ŒSº˜a’¬¼ğ,2470-1,,
19384-0900-23.zip,202202141041,’†‹–€ŒSº˜a’¬¼ğ,2470-3,,
19384-0900-23.zip,202202141041,’†‹–€ŒSº˜a’¬¼ğ,2472-1,,
19384-0900-23.zip,202202141041,’†‹–€ŒSº˜a’¬¼ğ,2472-4,,
19384-0900-23.zip,202202141041,’†‹–€ŒSº˜a’¬¼ğ,2472-5,,
19384-0900-23.zip,202202141041,’†‹–€ŒSº˜a’¬¼ğ,2473-1,,
19384-0900-23.zip,202202141041,’†‹–€ŒSº˜a’¬¼ğ,2473-2,,
19384-0900-23.zip,202202141041,’†‹–€ŒSº˜a’¬¼ğ,2474-1,,
19384-0900-23.zip,202202141041,’†‹–€ŒSº˜a’¬¼ğ,2474-2,,
19384-0900-23.zip,202202141041,’†‹–€ŒSº˜a’¬¼ğ,2475,,
19384-0900-23.zip,202202141041,’†‹–€ŒSº˜a’¬¼ğ,2476,,
19384-0900-23.zip,202202141041,’†‹–€ŒSº˜a’¬¼ğ,2477-1,,
19384-0900-23.zip,202202141041,’†‹–€ŒSº˜a’¬¼ğ,2477-2,,
19384-0900-23.zip,202202141041,’†‹–€ŒSº˜a’¬¼ğ,2477-3,,
19384-0900-23.zip,202202141041,’†‹–€ŒSº˜a’¬¼ğ,2477-4,,
19384-0900-23.zip,202202141041,’†‹–€ŒSº˜a’¬¼ğ,2478,,
19384-0900-23.zip,202202141041,’†‹–€ŒSº˜a’¬¼ğ,2479-1,,
19384-0900-23.zip,202202141041,’†‹–€ŒSº˜a’¬¼ğ,2479-3,,
19384-0900-23.zip,202202141041,’†‹–€ŒSº˜a’¬¼ğ,2480,,
19384-0900-23.zip,202202141041,’†‹–€ŒSº˜a’¬¼ğ,2481-1,,
19384-0900-23.zip,202202141041,’†‹–€ŒSº˜a’¬¼ğ,2482-1,,
19384-0900-23.zip,202202141041,’†‹–€ŒSº˜a’¬¼ğ,2482-4,,
19384-0900-23.zip,202202141041,’†‹–€ŒSº˜a’¬¼ğ,2482-5,,
19384-0900-23.zip,202202141041,’†‹–€ŒSº˜a’¬¼ğ,2482-6,,
19384-0900-23.zip,202202141041,’†‹–€ŒSº˜a’¬¼ğ,2482-7,,
19384-0900-23.zip,202202141041,’†‹–€ŒSº˜a’¬¼ğ,2482-8,,
19384-0900-23.zip,202202141041,’†‹–€ŒSº˜a’¬¼ğ,2482-9,,
19384-0900-23.zip,202202141041,’†‹–€ŒSº˜a’¬¼ğ,2482-10,,
19384-0900-23.zip,202202141041,’†‹–€ŒSº˜a’¬¼ğ,2482-11,,
19384-0900-23.zip,202202141041,’†‹–€ŒSº˜a’¬¼ğ,2483-1,,
19384-0900-23.zip,202202141041,’†‹–€ŒSº˜a’¬¼ğ,2483-4,,
19384-0900-23.zip,202202141041,’†‹–€ŒSº˜a’¬¼ğ,2484,,
19384-0900-23.zip,202202141041,’†‹–€ŒSº˜a’¬¼ğ,2485,,
19384-0900-23.zip,202202141041,’†‹–€ŒSº˜a’¬¼ğ,2486,,
19384-0900-23.zip,202202141041,’†‹–€ŒSº˜a’¬¼ğ,2487-1,,
19384-0900-23.zip,202202141041,’†‹–€ŒSº˜a’¬¼ğ,2487-2,,
19384-0900-23.zip,202202141041,’†‹–€ŒSº˜a’¬¼ğ,2487-4,,
19384-0900-23.zip,202202141041,’†‹–€ŒSº˜a’¬¼ğ,2487-5,,
19384-0900-23.zip,202202141041,’†‹–€ŒSº˜a’¬¼ğ,2488,,
19384-0900-23.zip,202202141041,’†‹–€ŒSº˜a’¬¼ğ,2488-2,,
19384-0900-23.zip,202202141041,’†‹–€ŒSº˜a’¬¼ğ,2488-3,,
19384-0900-23.zip,202202141041,’†‹–€ŒSº˜a’¬¼ğ,2488-4,,
19384-0900-23.zip,202202141041,’†‹–€ŒSº˜a’¬¼ğ,2488-5,,
19384-0900-23.zip,202202141041,’†‹–€ŒSº˜a’¬¼ğ,2488-6,,
19384-0900-23.zip,202202141041,’†‹–€ŒSº˜a’¬¼ğ,2489-1,,
19384-0900-23.zip,202202141041,’†‹–€ŒSº˜a’¬¼ğ,2491-1,,
19384-0900-23.zip,202202141041,’†‹–€ŒSº˜a’¬¼ğ,2491-2,,
19384-0900-23.zip,202202141041,’†‹–€ŒSº˜a’¬¼ğ,2491-3,,
19384-0900-23.zip,202202141041,’†‹–€ŒSº˜a’¬¼ğ,2491-4,,
19384-0900-23.zip,202202141041,’†‹–€ŒSº˜a’¬¼ğ,2492-1,,
19384-0900-23.zip,202202141041,’†‹–€ŒSº˜a’¬¼ğ,2492-2,,
19384-0900-23.zip,202202141041,’†‹–€ŒSº˜a’¬¼ğ,2493-1,,
19384-0900-23.zip,202202141041,’†‹–€ŒSº˜a’¬¼ğ,2493-6,,
19384-0900-23.zip,202202141041,’†‹–€ŒSº˜a’¬¼ğ,2493-7,,
19384-0900-23.zip,202202141041,’†‹–€ŒSº˜a’¬¼ğ,2493-8,,
19384-0900-23.zip,202202141041,’†‹–€ŒSº˜a’¬¼ğ,2493-9,,
19384-0900-23.zip,202202141041,’†‹–€ŒSº˜a’¬¼ğ,2493-10,,
19384-0900-23.zip,202202141041,’†‹–€ŒSº˜a’¬¼ğ,2493-11,,
19384-0900-23.zip,202202141041,’†‹–€ŒSº˜a’¬¼ğ,2494-1,,
19384-0900-23.zip,202202141041,’†‹–€ŒSº˜a’¬¼ğ,2494-2,,
19384-0900-23.zip,202202141041,’†‹–€ŒSº˜a’¬¼ğ,2494-4,,
19384-0900-23.zip,202202141041,’†‹–€ŒSº˜a’¬¼ğ,2494-5,,
19384-0900-23.zip,202202141041,’†‹–€ŒSº˜a’¬¼ğ,2494-6,,
19384-0900-23.zip,202202141041,’†‹–€ŒSº˜a’¬¼ğ,2494-7,,
19384-0900-23.zip,202202141041,’†‹–€ŒSº˜a’¬¼ğ,2494-8,,
19384-0900-23.zip,202202141041,’†‹–€ŒSº˜a’¬¼ğ,2494-9,,
19384-0900-23.zip,202202141041,’†‹–€ŒSº˜a’¬¼ğ,2494-10,,
19384-0900-23.zip,202202141041,’†‹–€ŒSº˜a’¬¼ğ,2494-11,,
19384-0900-23.zip,202202141041,’†‹–€ŒSº˜a’¬¼ğ,2494-12,,
19384-0900-23.zip,202202141041,’†‹–€ŒSº˜a’¬¼ğ,2494-13,,
19384-0900-23.zip,202202141041,’†‹–€ŒSº˜a’¬¼ğ,2494-15,,
19384-0900-23.zip,202202141041,’†‹–€ŒSº˜a’¬¼ğ,2494-16,,
19384-0900-23.zip,202202141041,’†‹–€ŒSº˜a’¬¼ğ,2495-1,,
19384-0900-23.zip,202202141041,’†‹–€ŒSº˜a’¬¼ğ,2495-2,,
19384-0900-23.zip,202202141041,’†‹–€ŒSº˜a’¬¼ğ,2495-5,,
19384-0900-23.zip,202202141041,’†‹–€ŒSº˜a’¬¼ğ,2495-6,,
19384-0900-23.zip,202202141041,’†‹–€ŒSº˜a’¬¼ğ,2496-1,,
19384-0900-23.zip,202202141041,’†‹–€ŒSº˜a’¬¼ğ,2496-4,,
19384-0900-23.zip,202202141041,’†‹–€ŒSº˜a’¬¼ğ,2496-5,,
19384-0900-23.zip,202202141041,’†‹–€ŒSº˜a’¬¼ğ,2496-6,,
19384-0900-23.zip,202202141041,’†‹–€ŒSº˜a’¬¼ğ,2497-1,,
19384-0900-23.zip,202202141041,’†‹–€ŒSº˜a’¬¼ğ,2497-7,,
19384-0900-23.zip,202202141041,’†‹–€ŒSº˜a’¬¼ğ,2497-8,,
19384-0900-23.zip,202202141041,’†‹–€ŒSº˜a’¬¼ğ,2499-1,,
19384-0900-23.zip,202202141041,’†‹–€ŒSº˜a’¬¼ğ,2500-2,,
19384-0900-23.zip,202202141041,’†‹–€ŒSº˜a’¬¼ğ,2503,,
19384-0900-23.zip,202202141041,’†‹–€ŒSº˜a’¬¼ğ,2504-1,,
19384-0900-23.zip,202202141041,’†‹–€ŒSº˜a’¬¼ğ,2504-3,,
19384-0900-23.zip,202202141041,’†‹–€ŒSº˜a’¬¼ğ,2504-4,,
19384-0900-23.zip,202202141041,’†‹–€ŒSº˜a’¬¼ğ,2504-6,,
19384-0900-23.zip,202202141041,’†‹–€ŒSº˜a’¬¼ğ,2504-7,,
19384-0900-23.zip,202202141041,’†‹–€ŒSº˜a’¬¼ğ,2504-8,,
19384-0900-23.zip,202202141041,’†‹–€ŒSº˜a’¬¼ğ,2504-9,,
19384-0900-23.zip,202202141041,’†‹–€ŒSº˜a’¬¼ğ,2504-10,,
19384-0900-23.zip,202202141041,’†‹–€ŒSº˜a’¬¼ğ,2505-1,,
19384-0900-23.zip,202202141041,’†‹–€ŒSº˜a’¬¼ğ,2505-3,,
19384-0900-23.zip,202202141041,’†‹–€ŒSº˜a’¬¼ğ,“¹-159,,
19384-0900-23.zip,202202141041,’†‹–€ŒSº˜a’¬¼ğ,“¹-177,,
19384-0900-23.zip,202202141041,’†‹–€ŒSº˜a’¬¼ğ,“¹-196,,
19384-0900-23.zip,202202141041,’†‹–€ŒSº˜a’¬¼ğ,“¹-212,,
19384-0900-23.zip,202202141041,’†‹–€ŒSº˜a’¬¼ğ,“¹-217,,
19384-0900-23.zip,202202141041,’†‹–€ŒSº˜a’¬¼ğ,“¹-235,,
19384-0900-23.zip,202202141041,’†‹–€ŒSº˜a’¬¼ğ,“¹-239,,
19384-0900-23.zip,202202141041,’†‹–€ŒSº˜a’¬¼ğ,“¹-253,,
19384-0900-23.zip,202202141041,’†‹–€ŒSº˜a’¬¼ğ,…-135,,
19384-0900-23.zip,202202141041,’†‹–€ŒSº˜a’¬¼ğ,…-244,,
19384-0900-23.zip,202202141041,’†‹–€ŒSº˜a’¬¼ğ,…-282,,
19384-0900-23.zip,202202141041,’†‹–€ŒSº˜a’¬¼ğ,2506-1,,
19384-0900-23.zip,202202141041,’†‹–€ŒSº˜a’¬¼ğ,2506-2,,
19384-0900-23.zip,202202141041,’†‹–€ŒSº˜a’¬¼ğ,2506-4,,
19384-0900-23.zip,202202141041,’†‹–€ŒSº˜a’¬¼ğ,2506-5,,
19384-0900-23.zip,202202141041,’†‹–€ŒSº˜a’¬¼ğ,2506-7,,
19384-0900-23.zip,202202141041,’†‹–€ŒSº˜a’¬¼ğ,2506-8,,
19384-0900-23.zip,202202141041,’†‹–€ŒSº˜a’¬¼ğ,2507-1,,
19384-0900-23.zip,202202141041,’†‹–€ŒSº˜a’¬¼ğ,2507-3,,
19384-0900-23.zip,202202141041,’†‹–€ŒSº˜a’¬¼ğ,2507-4,,
19384-0900-23.zip,202202141041,’†‹–€ŒSº˜a’¬¼ğ,2507-5,,
19384-0900-23.zip,202202141041,’†‹–€ŒSº˜a’¬¼ğ,2507-6,,
19384-0900-23.zip,202202141041,’†‹–€ŒSº˜a’¬¼ğ,2507-7,,
19384-0900-23.zip,202202141041,’†‹–€ŒSº˜a’¬¼ğ,2507-8,,
19384-0900-23.zip,202202141041,’†‹–€ŒSº˜a’¬¼ğ,2512-1,,
19384-0900-23.zip,202202141041,’†‹–€ŒSº˜a’¬¼ğ,2512-3,,
19384-0900-23.zip,202202141041,’†‹–€ŒSº˜a’¬¼ğ,2512-4,,
19384-0900-23.zip,202202141041,’†‹–€ŒSº˜a’¬¼ğ,2516-1,,
19384-0900-23.zip,202202141041,’†‹–€ŒSº˜a’¬¼ğ,2516-2,,
19384-0900-23.zip,202202141041,’†‹–€ŒSº˜a’¬¼ğ,2516-3,,
19384-0900-23.zip,202202141041,’†‹–€ŒSº˜a’¬¼ğ,2519-1,,
19384-0900-23.zip,202202141041,’†‹–€ŒSº˜a’¬¼ğ,2523-2,,
19384-0900-23.zip,202202141041,’†‹–€ŒSº˜a’¬¼ğ,2523-4,,
19384-0900-23.zip,202202141041,’†‹–€ŒSº˜a’¬¼ğ,2525-1,,
19384-0900-23.zip,202202141041,’†‹–€ŒSº˜a’¬¼ğ,2525-2,,
19384-0900-23.zip,202202141041,’†‹–€ŒSº˜a’¬¼ğ,2525-3,,
19384-0900-23.zip,202202141041,’†‹–€ŒSº˜a’¬¼ğ,2525-4,,
19384-0900-23.zip,202202141041,’†‹–€ŒSº˜a’¬¼ğ,2526-1,,
19384-0900-23.zip,202202141041,’†‹–€ŒSº˜a’¬¼ğ,2526-2,,
19384-0900-23.zip,202202141041,’†‹–€ŒSº˜a’¬¼ğ,2526-3,,
19384-0900-23.zip,202202141041,’†‹–€ŒSº˜a’¬¼ğ,2526-4,,
19384-0900-23.zip,202202141041,’†‹–€ŒSº˜a’¬¼ğ,2527-2,,
19384-0900-23.zip,202202141041,’†‹–€ŒSº˜a’¬¼ğ,2527-3,,
19384-0900-23.zip,202202141041,’†‹–€ŒSº˜a’¬¼ğ,2527-4,,
19384-0900-23.zip,202202141041,’†‹–€ŒSº˜a’¬¼ğ,2528,,
19384-0900-23.zip,202202141041,’†‹–€ŒSº˜a’¬¼ğ,2529-1,,
19384-0900-23.zip,202202141041,’†‹–€ŒSº˜a’¬¼ğ,2529-2,,
19384-0900-23.zip,202202141041,’†‹–€ŒSº˜a’¬¼ğ,2529-3,,
19384-0900-23.zip,202202141041,’†‹–€ŒSº˜a’¬¼ğ,2530,,
19384-0900-23.zip,202202141041,’†‹–€ŒSº˜a’¬¼ğ,2531-1,,
19384-0900-23.zip,202202141041,’†‹–€ŒSº˜a’¬¼ğ,2531-2,,
19384-0900-23.zip,202202141041,’†‹–€ŒSº˜a’¬¼ğ,2532-1,,
19384-0900-23.zip,202202141041,’†‹–€ŒSº˜a’¬¼ğ,2532-2,,
19384-0900-23.zip,202202141041,’†‹–€ŒSº˜a’¬¼ğ,2532-3,,
19384-0900-23.zip,202202141041,’†‹–€ŒSº˜a’¬¼ğ,2532-4,,
19384-0900-23.zip,202202141041,’†‹–€ŒSº˜a’¬¼ğ,2532-5,,
19384-0900-23.zip,202202141041,’†‹–€ŒSº˜a’¬¼ğ,2533-1,,
19384-0900-23.zip,202202141041,’†‹–€ŒSº˜a’¬¼ğ,2533-2,,
19384-0900-23.zip,202202141041,’†‹–€ŒSº˜a’¬¼ğ,2533-3,,
19384-0900-23.zip,202202141041,’†‹–€ŒSº˜a’¬¼ğ,2533-4,,
19384-0900-23.zip,202202141041,’†‹–€ŒSº˜a’¬¼ğ,2534-2,,
19384-0900-23.zip,202202141041,’†‹–€ŒSº˜a’¬¼ğ,2534-3,,
19384-0900-23.zip,202202141041,’†‹–€ŒSº˜a’¬¼ğ,2534-4,,
19384-0900-23.zip,202202141041,’†‹–€ŒSº˜a’¬¼ğ,2535-1,,
19384-0900-23.zip,202202141041,’†‹–€ŒSº˜a’¬¼ğ,2535-2,,
19384-0900-23.zip,202202141041,’†‹–€ŒSº˜a’¬¼ğ,2535-3,,
19384-0900-23.zip,202202141041,’†‹–€ŒSº˜a’¬¼ğ,2535-4,,
19384-0900-23.zip,202202141041,’†‹–€ŒSº˜a’¬¼ğ,2535-5,,
19384-0900-23.zip,202202141041,’†‹–€ŒSº˜a’¬¼ğ,2535-6,,
19384-0900-23.zip,202202141041,’†‹–€ŒSº˜a’¬¼ğ,2535-7,,
19384-0900-23.zip,202202141041,’†‹–€ŒSº˜a’¬¼ğ,2535-8,,
19384-0900-23.zip,202202141041,’†‹–€ŒSº˜a’¬¼ğ,2538-2,,
19384-0900-23.zip,202202141041,’†‹–€ŒSº˜a’¬¼ğ,2539-2,,
19384-0900-23.zip,202202141041,’†‹–€ŒSº˜a’¬¼ğ,2540-1,,
19384-0900-23.zip,202202141041,’†‹–€ŒSº˜a’¬¼ğ,2540-2,,
19384-0900-23.zip,202202141041,’†‹–€ŒSº˜a’¬¼ğ,2541,,
19384-0900-23.zip,202202141041,’†‹–€ŒSº˜a’¬¼ğ,2542-1,,
19384-0900-23.zip,202202141041,’†‹–€ŒSº˜a’¬¼ğ,2542-2,,
19384-0900-23.zip,202202141041,’†‹–€ŒSº˜a’¬¼ğ,2543-1,,
19384-0900-23.zip,202202141041,’†‹–€ŒSº˜a’¬¼ğ,2543-2,,
19384-0900-23.zip,202202141041,’†‹–€ŒSº˜a’¬¼ğ,2543-3,,
19384-0900-23.zip,202202141041,’†‹–€ŒSº˜a’¬¼ğ,2543-4,,
19384-0900-23.zip,202202141041,’†‹–€ŒSº˜a’¬¼ğ,2543-5,,
19384-0900-23.zip,202202141041,’†‹–€ŒSº˜a’¬¼ğ,2544-3,,
19384-0900-23.zip,202202141041,’†‹–€ŒSº˜a’¬¼ğ,2544-4,,
19384-0900-23.zip,202202141041,’†‹–€ŒSº˜a’¬¼ğ,2544-5,,
19384-0900-23.zip,202202141041,’†‹–€ŒSº˜a’¬¼ğ,2544-6,,
19384-0900-23.zip,202202141041,’†‹–€ŒSº˜a’¬¼ğ,2544-7,,
19384-0900-23.zip,202202141041,’†‹–€ŒSº˜a’¬¼ğ,2544-8,,
19384-0900-23.zip,202202141041,’†‹–€ŒSº˜a’¬¼ğ,2544-9,,
19384-0900-23.zip,202202141041,’†‹–€ŒSº˜a’¬¼ğ,2545-4,,
19384-0900-23.zip,202202141041,’†‹–€ŒSº˜a’¬¼ğ,2545-5,,
19384-0900-23.zip,202202141041,’†‹–€ŒSº˜a’¬¼ğ,2545-6,,
19384-0900-23.zip,202202141041,’†‹–€ŒSº˜a’¬¼ğ,2545-7,,
19384-0900-23.zip,202202141041,’†‹–€ŒSº˜a’¬¼ğ,2547-2,,
19384-0900-23.zip,202202141041,’†‹–€ŒSº˜a’¬¼ğ,2553-4,,
19384-0900-23.zip,202202141041,’†‹–€ŒSº˜a’¬¼ğ,2553-5,,
19384-0900-23.zip,202202141041,’†‹–€ŒSº˜a’¬¼ğ,2553-6,,
19384-0900-23.zip,202202141041,’†‹–€ŒSº˜a’¬¼ğ,2553-7,,
19384-0900-23.zip,202202141041,’†‹–€ŒSº˜a’¬¼ğ,2553-8,,
19384-0900-23.zip,202202141041,’†‹–€ŒSº˜a’¬¼ğ,2553-9,,
19384-0900-23.zip,202202141041,’†‹–€ŒSº˜a’¬¼ğ,2554-4,,
19384-0900-23.zip,202202141041,’†‹–€ŒSº˜a’¬¼ğ,2554-5,,
19384-0900-23.zip,202202141041,’†‹–€ŒSº˜a’¬¼ğ,2554-6,,
19384-0900-23.zip,202202141041,’†‹–€ŒSº˜a’¬¼ğ,2554-7,,
19384-0900-23.zip,202202141041,’†‹–€ŒSº˜a’¬¼ğ,2554-8,,
19384-0900-23.zip,202202141041,’†‹–€ŒSº˜a’¬¼ğ,2555-1,,
19384-0900-23.zip,202202141041,’†‹–€ŒSº˜a’¬¼ğ,2555-3,,
19384-0900-23.zip,202202141041,’†‹–€ŒSº˜a’¬¼ğ,2555-4,,
19384-0900-23.zip,202202141041,’†‹–€ŒSº˜a’¬¼ğ,2555-5,,
19384-0900-23.zip,202202141041,’†‹–€ŒSº˜a’¬¼ğ,2555-6,,
19384-0900-23.zip,202202141041,’†‹–€ŒSº˜a’¬¼ğ,2555-7,,
19384-0900-23.zip,202202141041,’†‹–€ŒSº˜a’¬¼ğ,2555-8,,
19384-0900-23.zip,202202141041,’†‹–€ŒSº˜a’¬¼ğ,2556-2,,
19384-0900-23.zip,202202141041,’†‹–€ŒSº˜a’¬¼ğ,2556-3,,
19384-0900-23.zip,202202141041,’†‹–€ŒSº˜a’¬¼ğ,2556-4,,
19384-0900-23.zip,202202141041,’†‹–€ŒSº˜a’¬¼ğ,2556-5,,
19384-0900-23.zip,202202141041,’†‹–€ŒSº˜a’¬¼ğ,2557-1,,
19384-0900-23.zip,202202141041,’†‹–€ŒSº˜a’¬¼ğ,2557-2,,
19384-0900-23.zip,202202141041,’†‹–€ŒSº˜a’¬¼ğ,2557-3,,
19384-0900-23.zip,202202141041,’†‹–€ŒSº˜a’¬¼ğ,2557-4,,
19384-0900-23.zip,202202141041,’†‹–€ŒSº˜a’¬¼ğ,2557-5,,
19384-0900-23.zip,202202141041,’†‹–€ŒSº˜a’¬¼ğ,2557-6,,
19384-0900-23.zip,202202141041,’†‹–€ŒSº˜a’¬¼ğ,2557-7,,
19384-0900-23.zip,202202141041,’†‹–€ŒSº˜a’¬¼ğ,2557-8,,
19384-0900-23.zip,202202141041,’†‹–€ŒSº˜a’¬¼ğ,2558,,
19384-0900-23.zip,202202141041,’†‹–€ŒSº˜a’¬¼ğ,2559-1,,
19384-0900-23.zip,202202141041,’†‹–€ŒSº˜a’¬¼ğ,2559-2,,
19384-0900-23.zip,202202141041,’†‹–€ŒSº˜a’¬¼ğ,2559-3,,
19384-0900-23.zip,202202141041,’†‹–€ŒSº˜a’¬¼ğ,2559-4,,
19384-0900-23.zip,202202141041,’†‹–€ŒSº˜a’¬¼ğ,2560-1,,
19384-0900-23.zip,202202141041,’†‹–€ŒSº˜a’¬¼ğ,2560-2,,
19384-0900-23.zip,202202141041,’†‹–€ŒSº˜a’¬¼ğ,2560-3,,
19384-0900-23.zip,202202141041,’†‹–€ŒSº˜a’¬¼ğ,2560-4,,
19384-0900-23.zip,202202141041,’†‹–€ŒSº˜a’¬¼ğ,2560-5,,
19384-0900-23.zip,202202141041,’†‹–€ŒSº˜a’¬¼ğ,2560-6,,
19384-0900-23.zip,202202141041,’†‹–€ŒSº˜a’¬¼ğ,2561,,
19384-0900-23.zip,202202141041,’†‹–€ŒSº˜a’¬¼ğ,2562-1,,
19384-0900-23.zip,202202141041,’†‹–€ŒSº˜a’¬¼ğ,2562-2,,
19384-0900-23.zip,202202141041,’†‹–€ŒSº˜a’¬¼ğ,2563-3,,
19384-0900-23.zip,202202141041,’†‹–€ŒSº˜a’¬¼ğ,2563-5,,
19384-0900-23.zip,202202141041,’†‹–€ŒSº˜a’¬¼ğ,2564,,
19384-0900-23.zip,202202141041,’†‹–€ŒSº˜a’¬¼ğ,2565,,
19384-0900-23.zip,202202141041,’†‹–€ŒSº˜a’¬¼ğ,2566,,
19384-0900-23.zip,202202141041,’†‹–€ŒSº˜a’¬¼ğ,2566-2,,
19384-0900-23.zip,202202141041,’†‹–€ŒSº˜a’¬¼ğ,2567-1,,
19384-0900-23.zip,202202141041,’†‹–€ŒSº˜a’¬¼ğ,2567-2,,
19384-0900-23.zip,202202141041,’†‹–€ŒSº˜a’¬¼ğ,2567-3,,
19384-0900-23.zip,202202141041,’†‹–€ŒSº˜a’¬¼ğ,2567-4,,
19384-0900-23.zip,202202141041,’†‹–€ŒSº˜a’¬¼ğ,2567-5,,
19384-0900-23.zip,202202141041,’†‹–€ŒSº˜a’¬¼ğ,2568-1,,
19384-0900-23.zip,202202141041,’†‹–€ŒSº˜a’¬¼ğ,2568-2,,
19384-0900-23.zip,202202141041,’†‹–€ŒSº˜a’¬¼ğ,2569,,
19384-0900-23.zip,202202141041,’†‹–€ŒSº˜a’¬¼ğ,2570,,
19384-0900-23.zip,202202141041,’†‹–€ŒSº˜a’¬¼ğ,2571,,
19384-0900-23.zip,202202141041,’†‹–€ŒSº˜a’¬¼ğ,2572-2,,
19384-0900-23.zip,202202141041,’†‹–€ŒSº˜a’¬¼ğ,2572-3,,
19384-0900-23.zip,202202141041,’†‹–€ŒSº˜a’¬¼ğ,2572-4,,
19384-0900-23.zip,202202141041,’†‹–€ŒSº˜a’¬¼ğ,2573-2,,
19384-0900-23.zip,202202141041,’†‹–€ŒSº˜a’¬¼ğ,2573-3,,
19384-0900-23.zip,202202141041,’†‹–€ŒSº˜a’¬¼ğ,2573-4,,
19384-0900-23.zip,202202141041,’†‹–€ŒSº˜a’¬¼ğ,2574-1,,
19384-0900-23.zip,202202141041,’†‹–€ŒSº˜a’¬¼ğ,2574-2,,
19384-0900-23.zip,202202141041,’†‹–€ŒSº˜a’¬¼ğ,2574-3,,
19384-0900-23.zip,202202141041,’†‹–€ŒSº˜a’¬¼ğ,2574-4,,
19384-0900-23.zip,202202141041,’†‹–€ŒSº˜a’¬¼ğ,2574-5,,
19384-0900-23.zip,202202141041,’†‹–€ŒSº˜a’¬¼ğ,2575-1,,
19384-0900-23.zip,202202141041,’†‹–€ŒSº˜a’¬¼ğ,2575-3,,
19384-0900-23.zip,202202141041,’†‹–€ŒSº˜a’¬¼ğ,2575-4,,
19384-0900-23.zip,202202141041,’†‹–€ŒSº˜a’¬¼ğ,2575-5,,
19384-0900-23.zip,202202141041,’†‹–€ŒSº˜a’¬¼ğ,2576,,
19384-0900-23.zip,202202141041,’†‹–€ŒSº˜a’¬¼ğ,2578,,
19384-0900-23.zip,202202141041,’†‹–€ŒSº˜a’¬¼ğ,2582-2,,
19384-0900-23.zip,202202141041,’†‹–€ŒSº˜a’¬¼ğ,2582-7,,
19384-0900-23.zip,202202141041,’†‹–€ŒSº˜a’¬¼ğ,2582-8,,
19384-0900-23.zip,202202141041,’†‹–€ŒSº˜a’¬¼ğ,2582-9,,
19384-0900-23.zip,202202141041,’†‹–€ŒSº˜a’¬¼ğ,2582-10,,
19384-0900-23.zip,202202141041,’†‹–€ŒSº˜a’¬¼ğ,2582-11,,
19384-0900-23.zip,202202141041,’†‹–€ŒSº˜a’¬¼ğ,2582-12,,
19384-0900-23.zip,202202141041,’†‹–€ŒSº˜a’¬¼ğ,2582-13,,
19384-0900-23.zip,202202141041,’†‹–€ŒSº˜a’¬¼ğ,2582-14,,
19384-0900-23.zip,202202141041,’†‹–€ŒSº˜a’¬¼ğ,2582-15,,
19384-0900-23.zip,202202141041,’†‹–€ŒSº˜a’¬¼ğ,2584-1,,
19384-0900-23.zip,202202141041,’†‹–€ŒSº˜a’¬¼ğ,2584-2,,
19384-0900-23.zip,202202141041,’†‹–€ŒSº˜a’¬¼ğ,2584-4,,
19384-0900-23.zip,202202141041,’†‹–€ŒSº˜a’¬¼ğ,2584-6,,
19384-0900-23.zip,202202141041,’†‹–€ŒSº˜a’¬¼ğ,2586,,
19384-0900-23.zip,202202141041,’†‹–€ŒSº˜a’¬¼ğ,2589-2,,
19384-0900-23.zip,202202141041,’†‹–€ŒSº˜a’¬¼ğ,2589-3,,
19384-0900-23.zip,202202141041,’†‹–€ŒSº˜a’¬¼ğ,2589-4,,
19384-0900-23.zip,202202141041,’†‹–€ŒSº˜a’¬¼ğ,“¹-125,,
19384-0900-23.zip,202202141041,’†‹–€ŒSº˜a’¬¼ğ,“¹-172,,
19384-0900-23.zip,202202141041,’†‹–€ŒSº˜a’¬¼ğ,“¹-193,,
19384-0900-23.zip,202202141041,’†‹–€ŒSº˜a’¬¼ğ,“¹-226,,
19384-0900-23.zip,202202141041,’†‹–€ŒSº˜a’¬¼ğ,…-131,,
19384-0900-23.zip,202202141041,’†‹–€ŒSº˜a’¬¼ğ,…-152,,
19384-0900-23.zip,202202141041,’†‹–€ŒSº˜a’¬¼ğ,…-364,,
19384-0900-23.zip,202202141041,’†‹–€ŒSº˜a’¬¼ğ,2590-1,,
19384-0900-23.zip,202202141041,’†‹–€ŒSº˜a’¬¼ğ,2590-2,,
19384-0900-23.zip,202202141041,’†‹–€ŒSº˜a’¬¼ğ,2591-2,,
19384-0900-23.zip,202202141041,’†‹–€ŒSº˜a’¬¼ğ,2591-3,,
19384-0900-23.zip,202202141041,’†‹–€ŒSº˜a’¬¼ğ,2591-4,,
19384-0900-23.zip,202202141041,’†‹–€ŒSº˜a’¬¼ğ,2591-9,,
19384-0900-23.zip,202202141041,’†‹–€ŒSº˜a’¬¼ğ,2591-10,,
19384-0900-23.zip,202202141041,’†‹–€ŒSº˜a’¬¼ğ,2591-11,,
19384-0900-23.zip,202202141041,’†‹–€ŒSº˜a’¬¼ğ,2592-1,,
19384-0900-23.zip,202202141041,’†‹–€ŒSº˜a’¬¼ğ,2592-2,,
19384-0900-23.zip,202202141041,’†‹–€ŒSº˜a’¬¼ğ,2592-3,,
19384-0900-23.zip,202202141041,’†‹–€ŒSº˜a’¬¼ğ,2592-4,,
19384-0900-23.zip,202202141041,’†‹–€ŒSº˜a’¬¼ğ,2592-5,,
19384-0900-23.zip,202202141041,’†‹–€ŒSº˜a’¬¼ğ,2593-1,,
19384-0900-23.zip,202202141041,’†‹–€ŒSº˜a’¬¼ğ,2593-2,,
19384-0900-23.zip,202202141041,’†‹–€ŒSº˜a’¬¼ğ,2593-3,,
19384-0900-23.zip,202202141041,’†‹–€ŒSº˜a’¬¼ğ,2594-1,,
19384-0900-23.zip,202202141041,’†‹–€ŒSº˜a’¬¼ğ,2594-2,,
19384-0900-23.zip,202202141041,’†‹–€ŒSº˜a’¬¼ğ,2594-3,,
19384-0900-23.zip,202202141041,’†‹–€ŒSº˜a’¬¼ğ,2595-1,,
19384-0900-23.zip,202202141041,’†‹–€ŒSº˜a’¬¼ğ,2595-2,,
19384-0900-23.zip,202202141041,’†‹–€ŒSº˜a’¬¼ğ,2595-4,,
19384-0900-23.zip,202202141041,’†‹–€ŒSº˜a’¬¼ğ,2595-5,,
19384-0900-23.zip,202202141041,’†‹–€ŒSº˜a’¬¼ğ,2595-6,,
19384-0900-23.zip,202202141041,’†‹–€ŒSº˜a’¬¼ğ,2595-9,,
19384-0900-23.zip,202202141041,’†‹–€ŒSº˜a’¬¼ğ,2596,,
19384-0900-23.zip,202202141041,’†‹–€ŒSº˜a’¬¼ğ,2599-1,,
19384-0900-23.zip,202202141041,’†‹–€ŒSº˜a’¬¼ğ,2599-4,,
19384-0900-23.zip,202202141041,’†‹–€ŒSº˜a’¬¼ğ,2599-5,,
19384-0900-23.zip,202202141041,’†‹–€ŒSº˜a’¬¼ğ,2599-8,,
19384-0900-23.zip,202202141041,’†‹–€ŒSº˜a’¬¼ğ,2601-1,,
19384-0900-23.zip,202202141041,’†‹–€ŒSº˜a’¬¼ğ,2601-2,,
19384-0900-23.zip,202202141041,’†‹–€ŒSº˜a’¬¼ğ,2602-1,,
19384-0900-23.zip,202202141041,’†‹–€ŒSº˜a’¬¼ğ,2602-2,,
19384-0900-23.zip,202202141041,’†‹–€ŒSº˜a’¬¼ğ,2603-2,,
19384-0900-23.zip,202202141041,’†‹–€ŒSº˜a’¬¼ğ,2604-1,,
19384-0900-23.zip,202202141041,’†‹–€ŒSº˜a’¬¼ğ,2604-2,,
19384-0900-23.zip,202202141041,’†‹–€ŒSº˜a’¬¼ğ,2604-3,,
19384-0900-23.zip,202202141041,’†‹–€ŒSº˜a’¬¼ğ,2605,,
19384-0900-23.zip,202202141041,’†‹–€ŒSº˜a’¬¼ğ,2606,,
19384-0900-23.zip,202202141041,’†‹–€ŒSº˜a’¬¼ğ,2607-1,,
19384-0900-23.zip,202202141041,’†‹–€ŒSº˜a’¬¼ğ,2607-2,,
19384-0900-23.zip,202202141041,’†‹–€ŒSº˜a’¬¼ğ,2608-1,,
19384-0900-23.zip,202202141041,’†‹–€ŒSº˜a’¬¼ğ,2608-2,,
19384-0900-23.zip,202202141041,’†‹–€ŒSº˜a’¬¼ğ,2609,,
19384-0900-23.zip,202202141041,’†‹–€ŒSº˜a’¬¼ğ,2610,,
19384-0900-23.zip,202202141041,’†‹–€ŒSº˜a’¬¼ğ,2611,,
19384-0900-23.zip,202202141041,’†‹–€ŒSº˜a’¬¼ğ,2611-2,,
19384-0900-23.zip,202202141041,’†‹–€ŒSº˜a’¬¼ğ,2611-3,,
19384-0900-23.zip,202202141041,’†‹–€ŒSº˜a’¬¼ğ,2612,,
19384-0900-23.zip,202202141041,’†‹–€ŒSº˜a’¬¼ğ,2613,,
19384-0900-23.zip,202202141041,’†‹–€ŒSº˜a’¬¼ğ,2614-2,,
19384-0900-23.zip,202202141041,’†‹–€ŒSº˜a’¬¼ğ,2614-3,,
19384-0900-23.zip,202202141041,’†‹–€ŒSº˜a’¬¼ğ,2615-1,,
19384-0900-23.zip,202202141041,’†‹–€ŒSº˜a’¬¼ğ,2615-2,,
19384-0900-23.zip,202202141041,’†‹–€ŒSº˜a’¬¼ğ,2615-3,,
19384-0900-23.zip,202202141041,’†‹–€ŒSº˜a’¬¼ğ,2615-4,,
19384-0900-23.zip,202202141041,’†‹–€ŒSº˜a’¬¼ğ,2615-5,,
19384-0900-23.zip,202202141041,’†‹–€ŒSº˜a’¬¼ğ,2615-6,,
19384-0900-23.zip,202202141041,’†‹–€ŒSº˜a’¬¼ğ,2618-2,,
19384-0900-23.zip,202202141041,’†‹–€ŒSº˜a’¬¼ğ,2618-3,,
19384-0900-23.zip,202202141041,’†‹–€ŒSº˜a’¬¼ğ,2620-1,,
19384-0900-23.zip,202202141041,’†‹–€ŒSº˜a’¬¼ğ,2620-2,,
19384-0900-23.zip,202202141041,’†‹–€ŒSº˜a’¬¼ğ,2620-3,,
19384-0900-23.zip,202202141041,’†‹–€ŒSº˜a’¬¼ğ,2620-4,,
19384-0900-23.zip,202202141041,’†‹–€ŒSº˜a’¬¼ğ,2620-5,,
19384-0900-23.zip,202202141041,’†‹–€ŒSº˜a’¬¼ğ,2621,,
19384-0900-23.zip,202202141041,’†‹–€ŒSº˜a’¬¼ğ,2622,,
19384-0900-23.zip,202202141041,’†‹–€ŒSº˜a’¬¼ğ,2624,,
19384-0900-23.zip,202202141041,’†‹–€ŒSº˜a’¬¼ğ,2625-2,,
19384-0900-23.zip,202202141041,’†‹–€ŒSº˜a’¬¼ğ,2627-2,,
19384-0900-23.zip,202202141041,’†‹–€ŒSº˜a’¬¼ğ,2627-3,,
19384-0900-23.zip,202202141041,’†‹–€ŒSº˜a’¬¼ğ,2627-4,,
19384-0900-23.zip,202202141041,’†‹–€ŒSº˜a’¬¼ğ,2627-5,,
19384-0900-23.zip,202202141041,’†‹–€ŒSº˜a’¬¼ğ,2627-6,,
19384-0900-23.zip,202202141041,’†‹–€ŒSº˜a’¬¼ğ,2627-7,,
19384-0900-23.zip,202202141041,’†‹–€ŒSº˜a’¬¼ğ,2627-8,,
19384-0900-23.zip,202202141041,’†‹–€ŒSº˜a’¬¼ğ,2627-10,,
19384-0900-23.zip,202202141041,’†‹–€ŒSº˜a’¬¼ğ,2627-11,,
19384-0900-23.zip,202202141041,’†‹–€ŒSº˜a’¬¼ğ,2627-12,,
19384-0900-23.zip,202202141041,’†‹–€ŒSº˜a’¬¼ğ,2627-13,,
19384-0900-23.zip,202202141041,’†‹–€ŒSº˜a’¬¼ğ,2627-14,,
19384-0900-23.zip,202202141041,’†‹–€ŒSº˜a’¬¼ğ,2629-1,,
19384-0900-23.zip,202202141041,’†‹–€ŒSº˜a’¬¼ğ,2629-4,,
19384-0900-23.zip,202202141041,’†‹–€ŒSº˜a’¬¼ğ,2629-5,,
19384-0900-23.zip,202202141041,’†‹–€ŒSº˜a’¬¼ğ,2629-6,,
19384-0900-23.zip,202202141041,’†‹–€ŒSº˜a’¬¼ğ,2629-7,,
19384-0900-23.zip,202202141041,’†‹–€ŒSº˜a’¬¼ğ,2629-9,,
19384-0900-23.zip,202202141041,’†‹–€ŒSº˜a’¬¼ğ,2629-10,,
19384-0900-23.zip,202202141041,’†‹–€ŒSº˜a’¬¼ğ,2629-11,,
19384-0900-23.zip,202202141041,’†‹–€ŒSº˜a’¬¼ğ,2629-12,,
19384-0900-23.zip,202202141041,’†‹–€ŒSº˜a’¬¼ğ,2629-13,,
19384-0900-23.zip,202202141041,’†‹–€ŒSº˜a’¬¼ğ,2629-14,,
19384-0900-23.zip,202202141041,’†‹–€ŒSº˜a’¬¼ğ,2629-15,,
19384-0900-23.zip,202202141041,’†‹–€ŒSº˜a’¬¼ğ,2629-16,,
19384-0900-23.zip,202202141041,’†‹–€ŒSº˜a’¬¼ğ,2631-3,,
19384-0900-23.zip,202202141041,’†‹–€ŒSº˜a’¬¼ğ,2631-4,,
19384-0900-23.zip,202202141041,’†‹–€ŒSº˜a’¬¼ğ,2631-5,,
19384-0900-23.zip,202202141041,’†‹–€ŒSº˜a’¬¼ğ,2631-6,,
19384-0900-23.zip,202202141041,’†‹–€ŒSº˜a’¬¼ğ,2631-7,,
19384-0900-23.zip,202202141041,’†‹–€ŒSº˜a’¬¼ğ,2632-2,,
19384-0900-23.zip,202202141041,’†‹–€ŒSº˜a’¬¼ğ,2632-3,,
19384-0900-23.zip,202202141041,’†‹–€ŒSº˜a’¬¼ğ,2636-1,,
19384-0900-23.zip,202202141041,’†‹–€ŒSº˜a’¬¼ğ,2636-2,,
19384-0900-23.zip,202202141041,’†‹–€ŒSº˜a’¬¼ğ,2636-3,,
19384-0900-23.zip,202202141041,’†‹–€ŒSº˜a’¬¼ğ,2636-4,,
19384-0900-23.zip,202202141041,’†‹–€ŒSº˜a’¬¼ğ,2636-5,,
19384-0900-23.zip,202202141041,’†‹–€ŒSº˜a’¬¼ğ,2636-6,,
19384-0900-23.zip,202202141041,’†‹–€ŒSº˜a’¬¼ğ,2636-7,,
19384-0900-23.zip,202202141041,’†‹–€ŒSº˜a’¬¼ğ,2636-8,,
19384-0900-23.zip,202202141041,’†‹–€ŒSº˜a’¬¼ğ,2637-1,,
19384-0900-23.zip,202202141041,’†‹–€ŒSº˜a’¬¼ğ,2637-2,,
19384-0900-23.zip,202202141041,’†‹–€ŒSº˜a’¬¼ğ,2637-3,,
19384-0900-23.zip,202202141041,’†‹–€ŒSº˜a’¬¼ğ,2637-4,,
19384-0900-23.zip,202202141041,’†‹–€ŒSº˜a’¬¼ğ,2638-1,,
19384-0900-23.zip,202202141041,’†‹–€ŒSº˜a’¬¼ğ,2638-2,,
19384-0900-23.zip,202202141041,’†‹–€ŒSº˜a’¬¼ğ,2638-3,,
19384-0900-23.zip,202202141041,’†‹–€ŒSº˜a’¬¼ğ,2638-4,,
19384-0900-23.zip,202202141041,’†‹–€ŒSº˜a’¬¼ğ,2638-5,,
19384-0900-23.zip,202202141041,’†‹–€ŒSº˜a’¬¼ğ,2638-6,,
19384-0900-23.zip,202202141041,’†‹–€ŒSº˜a’¬¼ğ,2638-7,,
19384-0900-23.zip,202202141041,’†‹–€ŒSº˜a’¬¼ğ,2638-8,,
19384-0900-23.zip,202202141041,’†‹–€ŒSº˜a’¬¼ğ,2638-9,,
19384-0900-23.zip,202202141041,’†‹–€ŒSº˜a’¬¼ğ,2639,,
19384-0900-23.zip,202202141041,’†‹–€ŒSº˜a’¬¼ğ,2640-1,,
19384-0900-23.zip,202202141041,’†‹–€ŒSº˜a’¬¼ğ,2640-2,,
19384-0900-23.zip,202202141041,’†‹–€ŒSº˜a’¬¼ğ,2640-3,,
19384-0900-23.zip,202202141041,’†‹–€ŒSº˜a’¬¼ğ,2640-4,,
19384-0900-23.zip,202202141041,’†‹–€ŒSº˜a’¬¼ğ,2640-5,,
19384-0900-23.zip,202202141041,’†‹–€ŒSº˜a’¬¼ğ,2641,,
19384-0900-23.zip,202202141041,’†‹–€ŒSº˜a’¬¼ğ,2642-1,,
19384-0900-23.zip,202202141041,’†‹–€ŒSº˜a’¬¼ğ,2642-3,,
19384-0900-23.zip,202202141041,’†‹–€ŒSº˜a’¬¼ğ,2642-4,,
19384-0900-23.zip,202202141041,’†‹–€ŒSº˜a’¬¼ğ,2642-5,,
19384-0900-23.zip,202202141041,’†‹–€ŒSº˜a’¬¼ğ,2642-6,,
19384-0900-23.zip,202202141041,’†‹–€ŒSº˜a’¬¼ğ,2643-2,,
19384-0900-23.zip,202202141041,’†‹–€ŒSº˜a’¬¼ğ,2643-3,,
19384-0900-23.zip,202202141041,’†‹–€ŒSº˜a’¬¼ğ,2643-4,,
19384-0900-23.zip,202202141041,’†‹–€ŒSº˜a’¬¼ğ,2643-5,,
19384-0900-23.zip,202202141041,’†‹–€ŒSº˜a’¬¼ğ,2643-6,,
19384-0900-23.zip,202202141041,’†‹–€ŒSº˜a’¬¼ğ,2644,,
19384-0900-23.zip,202202141041,’†‹–€ŒSº˜a’¬¼ğ,2645-3,,
19384-0900-23.zip,202202141041,’†‹–€ŒSº˜a’¬¼ğ,2654-1,,
19384-0900-23.zip,202202141041,’†‹–€ŒSº˜a’¬¼ğ,2654-2,,
19384-0900-23.zip,202202141041,’†‹–€ŒSº˜a’¬¼ğ,2654-3,,
19384-0900-23.zip,202202141041,’†‹–€ŒSº˜a’¬¼ğ,2656-2,,
19384-0900-23.zip,202202141041,’†‹–€ŒSº˜a’¬¼ğ,2656-3,,
19384-0900-23.zip,202202141041,’†‹–€ŒSº˜a’¬¼ğ,2656-4,,
19384-0900-23.zip,202202141041,’†‹–€ŒSº˜a’¬¼ğ,2657-2,,
19384-0900-23.zip,202202141041,’†‹–€ŒSº˜a’¬¼ğ,2657-3,,
19384-0900-23.zip,202202141041,’†‹–€ŒSº˜a’¬¼ğ,2657-4,,
19384-0900-23.zip,202202141041,’†‹–€ŒSº˜a’¬¼ğ,2658-1,,
19384-0900-23.zip,202202141041,’†‹–€ŒSº˜a’¬¼ğ,2658-2,,
19384-0900-23.zip,202202141041,’†‹–€ŒSº˜a’¬¼ğ,2659,,
19384-0900-23.zip,202202141041,’†‹–€ŒSº˜a’¬¼ğ,2660-1,,
19384-0900-23.zip,202202141041,’†‹–€ŒSº˜a’¬¼ğ,2660-2,,
19384-0900-23.zip,202202141041,’†‹–€ŒSº˜a’¬¼ğ,2660-3,,
19384-0900-23.zip,202202141041,’†‹–€ŒSº˜a’¬¼ğ,2660-4,,
19384-0900-23.zip,202202141041,’†‹–€ŒSº˜a’¬¼ğ,2661,,
19384-0900-23.zip,202202141041,’†‹–€ŒSº˜a’¬¼ğ,2662,,
19384-0900-23.zip,202202141041,’†‹–€ŒSº˜a’¬¼ğ,2663-1,,
19384-0900-23.zip,202202141041,’†‹–€ŒSº˜a’¬¼ğ,2663-2,,
19384-0900-23.zip,202202141041,’†‹–€ŒSº˜a’¬¼ğ,2663-3,,
19384-0900-23.zip,202202141041,’†‹–€ŒSº˜a’¬¼ğ,2664-1,,
19384-0900-23.zip,202202141041,’†‹–€ŒSº˜a’¬¼ğ,2664-2,,
19384-0900-23.zip,202202141041,’†‹–€ŒSº˜a’¬¼ğ,2665-1,,
19384-0900-23.zip,202202141041,’†‹–€ŒSº˜a’¬¼ğ,2665-2,,
19384-0900-23.zip,202202141041,’†‹–€ŒSº˜a’¬¼ğ,2665-3,,
19384-0900-23.zip,202202141041,’†‹–€ŒSº˜a’¬¼ğ,2666-1,,
19384-0900-23.zip,202202141041,’†‹–€ŒSº˜a’¬¼ğ,2666-2,,
19384-0900-23.zip,202202141041,’†‹–€ŒSº˜a’¬¼ğ,2667-1,,
19384-0900-23.zip,202202141041,’†‹–€ŒSº˜a’¬¼ğ,2667-2,,
19384-0900-23.zip,202202141041,’†‹–€ŒSº˜a’¬¼ğ,2668,,
19384-0900-23.zip,202202141041,’†‹–€ŒSº˜a’¬¼ğ,2669,,
19384-0900-23.zip,202202141041,’†‹–€ŒSº˜a’¬¼ğ,2669-2,,
19384-0900-23.zip,202202141041,’†‹–€ŒSº˜a’¬¼ğ,2670,,
19384-0900-23.zip,202202141041,’†‹–€ŒSº˜a’¬¼ğ,2671,,
19384-0900-23.zip,202202141041,’†‹–€ŒSº˜a’¬¼ğ,2672,,
19384-0900-23.zip,202202141041,’†‹–€ŒSº˜a’¬¼ğ,2673,,
19384-0900-23.zip,202202141041,’†‹–€ŒSº˜a’¬¼ğ,2674,,
19384-0900-23.zip,202202141041,’†‹–€ŒSº˜a’¬¼ğ,2674-2,,
19384-0900-23.zip,202202141041,’†‹–€ŒSº˜a’¬¼ğ,2675,,
19384-0900-23.zip,202202141041,’†‹–€ŒSº˜a’¬¼ğ,2676,,
19384-0900-23.zip,202202141041,’†‹–€ŒSº˜a’¬¼ğ,2677,,
19384-0900-23.zip,202202141041,’†‹–€ŒSº˜a’¬¼ğ,2678-1,,
19384-0900-23.zip,202202141041,’†‹–€ŒSº˜a’¬¼ğ,2678-2,,
19384-0900-23.zip,202202141041,’†‹–€ŒSº˜a’¬¼ğ,2678-3,,
19384-0900-23.zip,202202141041,’†‹–€ŒSº˜a’¬¼ğ,2678-4,,
19384-0900-23.zip,202202141041,’†‹–€ŒSº˜a’¬¼ğ,2678-5,,
19384-0900-23.zip,202202141041,’†‹–€ŒSº˜a’¬¼ğ,2678-6,,
19384-0900-23.zip,202202141041,’†‹–€ŒSº˜a’¬¼ğ,2678-7,,
19384-0900-23.zip,202202141041,’†‹–€ŒSº˜a’¬¼ğ,2678-8,,
19384-0900-23.zip,202202141041,’†‹–€ŒSº˜a’¬¼ğ,2678-9,,
19384-0900-23.zip,202202141041,’†‹–€ŒSº˜a’¬¼ğ,2678-10,,
19384-0900-23.zip,202202141041,’†‹–€ŒSº˜a’¬¼ğ,2678-11,,
19384-0900-23.zip,202202141041,’†‹–€ŒSº˜a’¬¼ğ,2678-12,,
19384-0900-23.zip,202202141041,’†‹–€ŒSº˜a’¬¼ğ,2679,,
19384-0900-23.zip,202202141041,’†‹–€ŒSº˜a’¬¼ğ,2680-1,,
19384-0900-23.zip,202202141041,’†‹–€ŒSº˜a’¬¼ğ,2680-2,,
19384-0900-23.zip,202202141041,’†‹–€ŒSº˜a’¬¼ğ,2680-3,,
19384-0900-23.zip,202202141041,’†‹–€ŒSº˜a’¬¼ğ,2681-1,,
19384-0900-23.zip,202202141041,’†‹–€ŒSº˜a’¬¼ğ,2681-2,,
19384-0900-23.zip,202202141041,’†‹–€ŒSº˜a’¬¼ğ,2681-3,,
19384-0900-23.zip,202202141041,’†‹–€ŒSº˜a’¬¼ğ,2682,,
19384-0900-23.zip,202202141041,’†‹–€ŒSº˜a’¬¼ğ,2683-1,,
19384-0900-23.zip,202202141041,’†‹–€ŒSº˜a’¬¼ğ,2683-2,,
19384-0900-23.zip,202202141041,’†‹–€ŒSº˜a’¬¼ğ,2683-3,,
19384-0900-23.zip,202202141041,’†‹–€ŒSº˜a’¬¼ğ,2684-1,,
19384-0900-23.zip,202202141041,’†‹–€ŒSº˜a’¬¼ğ,2684-2,,
19384-0900-23.zip,202202141041,’†‹–€ŒSº˜a’¬¼ğ,2684-3,,
19384-0900-23.zip,202202141041,’†‹–€ŒSº˜a’¬¼ğ,2684-4,,
19384-0900-23.zip,202202141041,’†‹–€ŒSº˜a’¬¼ğ,2684-5,,
19384-0900-23.zip,202202141041,’†‹–€ŒSº˜a’¬¼ğ,2684-6,,
19384-0900-23.zip,202202141041,’†‹–€ŒSº˜a’¬¼ğ,2684-7,,
19384-0900-23.zip,202202141041,’†‹–€ŒSº˜a’¬¼ğ,2684-8,,
19384-0900-23.zip,202202141041,’†‹–€ŒSº˜a’¬¼ğ,2685,,
19384-0900-23.zip,202202141041,’†‹–€ŒSº˜a’¬¼ğ,2686-1,,
19384-0900-23.zip,202202141041,’†‹–€ŒSº˜a’¬¼ğ,2686-2,,
19384-0900-23.zip,202202141041,’†‹–€ŒSº˜a’¬¼ğ,2686-3,,
19384-0900-23.zip,202202141041,’†‹–€ŒSº˜a’¬¼ğ,2686-4,,
19384-0900-23.zip,202202141041,’†‹–€ŒSº˜a’¬¼ğ,2687-1,,
19384-0900-23.zip,202202141041,’†‹–€ŒSº˜a’¬¼ğ,2687-2,,
19384-0900-23.zip,202202141041,’†‹–€ŒSº˜a’¬¼ğ,2687-4,,
19384-0900-23.zip,202202141041,’†‹–€ŒSº˜a’¬¼ğ,2687-5,,
19384-0900-23.zip,202202141041,’†‹–€ŒSº˜a’¬¼ğ,2687-6,,
19384-0900-23.zip,202202141041,’†‹–€ŒSº˜a’¬¼ğ,2687-7,,
19384-0900-23.zip,202202141041,’†‹–€ŒSº˜a’¬¼ğ,2687-8,,
19384-0900-23.zip,202202141041,’†‹–€ŒSº˜a’¬¼ğ,2687-9,,
19384-0900-23.zip,202202141041,’†‹–€ŒSº˜a’¬¼ğ,2687-10,,
19384-0900-23.zip,202202141041,’†‹–€ŒSº˜a’¬¼ğ,2687-11,,
19384-0900-23.zip,202202141041,’†‹–€ŒSº˜a’¬¼ğ,2687-12,,
19384-0900-23.zip,202202141041,’†‹–€ŒSº˜a’¬¼ğ,2688-1,,
19384-0900-23.zip,202202141041,’†‹–€ŒSº˜a’¬¼ğ,2688-4,,
19384-0900-23.zip,202202141041,’†‹–€ŒSº˜a’¬¼ğ,2688-6,,
19384-0900-23.zip,202202141041,’†‹–€ŒSº˜a’¬¼ğ,2688-7,,
19384-0900-23.zip,202202141041,’†‹–€ŒSº˜a’¬¼ğ,2688-8,,
19384-0900-23.zip,202202141041,’†‹–€ŒSº˜a’¬¼ğ,2691-1,,
19384-0900-23.zip,202202141041,’†‹–€ŒSº˜a’¬¼ğ,2691-3,,
19384-0900-23.zip,202202141041,’†‹–€ŒSº˜a’¬¼ğ,2691-4,,
19384-0900-23.zip,202202141041,’†‹–€ŒSº˜a’¬¼ğ,2691-5,,
19384-0900-23.zip,202202141041,’†‹–€ŒSº˜a’¬¼ğ,2692-1,,
19384-0900-23.zip,202202141041,’†‹–€ŒSº˜a’¬¼ğ,2692-2,,
19384-0900-23.zip,202202141041,’†‹–€ŒSº˜a’¬¼ğ,2692-3,,
19384-0900-23.zip,202202141041,’†‹–€ŒSº˜a’¬¼ğ,2692-4,,
19384-0900-23.zip,202202141041,’†‹–€ŒSº˜a’¬¼ğ,2692-5,,
19384-0900-23.zip,202202141041,’†‹–€ŒSº˜a’¬¼ğ,2693-2,,
19384-0900-23.zip,202202141041,’†‹–€ŒSº˜a’¬¼ğ,2693-3,,
19384-0900-23.zip,202202141041,’†‹–€ŒSº˜a’¬¼ğ,2693-4,,
19384-0900-23.zip,202202141041,’†‹–€ŒSº˜a’¬¼ğ,2693-5,,
19384-0900-23.zip,202202141041,’†‹–€ŒSº˜a’¬¼ğ,2694,,
19384-0900-23.zip,202202141041,’†‹–€ŒSº˜a’¬¼ğ,2695,,
19384-0900-23.zip,202202141041,’†‹–€ŒSº˜a’¬¼ğ,2696,,
19384-0900-23.zip,202202141041,’†‹–€ŒSº˜a’¬¼ğ,2697-1,,
19384-0900-23.zip,202202141041,’†‹–€ŒSº˜a’¬¼ğ,2697-3,,
19384-0900-23.zip,202202141041,’†‹–€ŒSº˜a’¬¼ğ,2697-4,,
19384-0900-23.zip,202202141041,’†‹–€ŒSº˜a’¬¼ğ,2697-5,,
19384-0900-23.zip,202202141041,’†‹–€ŒSº˜a’¬¼ğ,2698-1,,
19384-0900-23.zip,202202141041,’†‹–€ŒSº˜a’¬¼ğ,2698-3,,
19384-0900-23.zip,202202141041,’†‹–€ŒSº˜a’¬¼ğ,2698-4,,
19384-0900-23.zip,202202141041,’†‹–€ŒSº˜a’¬¼ğ,2699-1,,
19384-0900-23.zip,202202141041,’†‹–€ŒSº˜a’¬¼ğ,2699-3,,
19384-0900-23.zip,202202141041,’†‹–€ŒSº˜a’¬¼ğ,2699-4,,
19384-0900-23.zip,202202141041,’†‹–€ŒSº˜a’¬¼ğ,2699-5,,
19384-0900-23.zip,202202141041,’†‹–€ŒSº˜a’¬¼ğ,2699-6,,
19384-0900-23.zip,202202141041,’†‹–€ŒSº˜a’¬¼ğ,2699-7,,
19384-0900-23.zip,202202141041,’†‹–€ŒSº˜a’¬¼ğ,2699-8,,
19384-0900-23.zip,202202141041,’†‹–€ŒSº˜a’¬¼ğ,2700-4,,
19384-0900-23.zip,202202141041,’†‹–€ŒSº˜a’¬¼ğ,2700-6,,
19384-0900-23.zip,202202141041,’†‹–€ŒSº˜a’¬¼ğ,2700-7,,
19384-0900-23.zip,202202141041,’†‹–€ŒSº˜a’¬¼ğ,2701-3,,
19384-0900-23.zip,202202141041,’†‹–€ŒSº˜a’¬¼ğ,2701-4,,
19384-0900-23.zip,202202141041,’†‹–€ŒSº˜a’¬¼ğ,2701-5,,
19384-0900-23.zip,202202141041,’†‹–€ŒSº˜a’¬¼ğ,2701-6,,
19384-0900-23.zip,202202141041,’†‹–€ŒSº˜a’¬¼ğ,2701-8,,
19384-0900-23.zip,202202141041,’†‹–€ŒSº˜a’¬¼ğ,2701-9,,
19384-0900-23.zip,202202141041,’†‹–€ŒSº˜a’¬¼ğ,2703-2,,
19384-0900-23.zip,202202141041,’†‹–€ŒSº˜a’¬¼ğ,2703-4,,
19384-0900-23.zip,202202141041,’†‹–€ŒSº˜a’¬¼ğ,2703-5,,
19384-0900-23.zip,202202141041,’†‹–€ŒSº˜a’¬¼ğ,2705,,
19384-0900-23.zip,202202141041,’†‹–€ŒSº˜a’¬¼ğ,2707-1,,
19384-0900-23.zip,202202141041,’†‹–€ŒSº˜a’¬¼ğ,2707-2,,
19384-0900-23.zip,202202141041,’†‹–€ŒSº˜a’¬¼ğ,2707-3,,
19384-0900-23.zip,202202141041,’†‹–€ŒSº˜a’¬¼ğ,2707-4,,
19384-0900-23.zip,202202141041,’†‹–€ŒSº˜a’¬¼ğ,2707-5,,
19384-0900-23.zip,202202141041,’†‹–€ŒSº˜a’¬¼ğ,2707-6,,
19384-0900-23.zip,202202141041,’†‹–€ŒSº˜a’¬¼ğ,2710-1,,
19384-0900-23.zip,202202141041,’†‹–€ŒSº˜a’¬¼ğ,2710-2,,
19384-0900-23.zip,202202141041,’†‹–€ŒSº˜a’¬¼ğ,2710-4,,
19384-0900-23.zip,202202141041,’†‹–€ŒSº˜a’¬¼ğ,2710-5,,
19384-0900-23.zip,202202141041,’†‹–€ŒSº˜a’¬¼ğ,2710-6,,
19384-0900-23.zip,202202141041,’†‹–€ŒSº˜a’¬¼ğ,2711-1,,
19384-0900-23.zip,202202141041,’†‹–€ŒSº˜a’¬¼ğ,2711-3,,
19384-0900-23.zip,202202141041,’†‹–€ŒSº˜a’¬¼ğ,2711-4,,
19384-0900-23.zip,202202141041,’†‹–€ŒSº˜a’¬¼ğ,2712-1,,
19384-0900-23.zip,202202141041,’†‹–€ŒSº˜a’¬¼ğ,2712-2,,
19384-0900-23.zip,202202141041,’†‹–€ŒSº˜a’¬¼ğ,2713,,
19384-0900-23.zip,202202141041,’†‹–€ŒSº˜a’¬¼ğ,2714-1,,
19384-0900-23.zip,202202141041,’†‹–€ŒSº˜a’¬¼ğ,2714-2,,
19384-0900-23.zip,202202141041,’†‹–€ŒSº˜a’¬¼ğ,2714-3,,
19384-0900-23.zip,202202141041,’†‹–€ŒSº˜a’¬¼ğ,2714-4,,
19384-0900-23.zip,202202141041,’†‹–€ŒSº˜a’¬¼ğ,2714-5,,
19384-0900-23.zip,202202141041,’†‹–€ŒSº˜a’¬¼ğ,2715,,
19384-0900-23.zip,202202141041,’†‹–€ŒSº˜a’¬¼ğ,2716,,
19384-0900-23.zip,202202141041,’†‹–€ŒSº˜a’¬¼ğ,2717,,
19384-0900-23.zip,202202141041,’†‹–€ŒSº˜a’¬¼ğ,2718,,
19384-0900-23.zip,202202141041,’†‹–€ŒSº˜a’¬¼ğ,2719,,
19384-0900-23.zip,202202141041,’†‹–€ŒSº˜a’¬¼ğ,2720-1,,
19384-0900-23.zip,202202141041,’†‹–€ŒSº˜a’¬¼ğ,2720-2,,
19384-0900-23.zip,202202141041,’†‹–€ŒSº˜a’¬¼ğ,2721,,
19384-0900-23.zip,202202141041,’†‹–€ŒSº˜a’¬¼ğ,2722,,
19384-0900-23.zip,202202141041,’†‹–€ŒSº˜a’¬¼ğ,2723,,
19384-0900-23.zip,202202141041,’†‹–€ŒSº˜a’¬¼ğ,2724,,
19384-0900-23.zip,202202141041,’†‹–€ŒSº˜a’¬¼ğ,2725,,
19384-0900-23.zip,202202141041,’†‹–€ŒSº˜a’¬¼ğ,2726,,
19384-0900-23.zip,202202141041,’†‹–€ŒSº˜a’¬¼ğ,2727,,
19384-0900-23.zip,202202141041,’†‹–€ŒSº˜a’¬¼ğ,2728,,
19384-0900-23.zip,202202141041,’†‹–€ŒSº˜a’¬¼ğ,2729,,
19384-0900-23.zip,202202141041,’†‹–€ŒSº˜a’¬¼ğ,2730,,
19384-0900-23.zip,202202141041,’†‹–€ŒSº˜a’¬¼ğ,2731,,
19384-0900-23.zip,202202141041,’†‹–€ŒSº˜a’¬¼ğ,2732,,
19384-0900-23.zip,202202141041,’†‹–€ŒSº˜a’¬¼ğ,2733,,
19384-0900-23.zip,202202141041,’†‹–€ŒSº˜a’¬¼ğ,2734,,
19384-0900-23.zip,202202141041,’†‹–€ŒSº˜a’¬¼ğ,2735-1,,
19384-0900-23.zip,202202141041,’†‹–€ŒSº˜a’¬¼ğ,2735-2,,
19384-0900-23.zip,202202141041,’†‹–€ŒSº˜a’¬¼ğ,2736-1,,
19384-0900-23.zip,202202141041,’†‹–€ŒSº˜a’¬¼ğ,2736-2,,
19384-0900-23.zip,202202141041,’†‹–€ŒSº˜a’¬¼ğ,2737-1,,
19384-0900-23.zip,202202141041,’†‹–€ŒSº˜a’¬¼ğ,2737-2,,
19384-0900-23.zip,202202141041,’†‹–€ŒSº˜a’¬¼ğ,2738-1,,
19384-0900-23.zip,202202141041,’†‹–€ŒSº˜a’¬¼ğ,2738-2,,
19384-0900-23.zip,202202141041,’†‹–€ŒSº˜a’¬¼ğ,2739-1,,
19384-0900-23.zip,202202141041,’†‹–€ŒSº˜a’¬¼ğ,2739-2,,
19384-0900-23.zip,202202141041,’†‹–€ŒSº˜a’¬¼ğ,2740-1,,
19384-0900-23.zip,202202141041,’†‹–€ŒSº˜a’¬¼ğ,2740-2,,
19384-0900-23.zip,202202141041,’†‹–€ŒSº˜a’¬¼ğ,2740-3,,
19384-0900-23.zip,202202141041,’†‹–€ŒSº˜a’¬¼ğ,2741-1,,
19384-0900-23.zip,202202141041,’†‹–€ŒSº˜a’¬¼ğ,2741-2,,
19384-0900-23.zip,202202141041,’†‹–€ŒSº˜a’¬¼ğ,2741-3,,
19384-0900-23.zip,202202141041,’†‹–€ŒSº˜a’¬¼ğ,2741-4,,
19384-0900-23.zip,202202141041,’†‹–€ŒSº˜a’¬¼ğ,2742-1,,
19384-0900-23.zip,202202141041,’†‹–€ŒSº˜a’¬¼ğ,2742-2,,
19384-0900-23.zip,202202141041,’†‹–€ŒSº˜a’¬¼ğ,2742-3,,
19384-0900-23.zip,202202141041,’†‹–€ŒSº˜a’¬¼ğ,2742-4,,
19384-0900-23.zip,202202141041,’†‹–€ŒSº˜a’¬¼ğ,2743-1,,
19384-0900-23.zip,202202141041,’†‹–€ŒSº˜a’¬¼ğ,2743-2,,
19384-0900-23.zip,202202141041,’†‹–€ŒSº˜a’¬¼ğ,2743-3,,
19384-0900-23.zip,202202141041,’†‹–€ŒSº˜a’¬¼ğ,2743-4,,
19384-0900-23.zip,202202141041,’†‹–€ŒSº˜a’¬¼ğ,2743-5,,
19384-0900-23.zip,202202141041,’†‹–€ŒSº˜a’¬¼ğ,2743-6,,
19384-0900-23.zip,202202141041,’†‹–€ŒSº˜a’¬¼ğ,2744-1,,
19384-0900-23.zip,202202141041,’†‹–€ŒSº˜a’¬¼ğ,2744-2,,
19384-0900-23.zip,202202141041,’†‹–€ŒSº˜a’¬¼ğ,2744-3,,
19384-0900-23.zip,202202141041,’†‹–€ŒSº˜a’¬¼ğ,2744-4,,
19384-0900-23.zip,202202141041,’†‹–€ŒSº˜a’¬¼ğ,2744-5,,
19384-0900-23.zip,202202141041,’†‹–€ŒSº˜a’¬¼ğ,2745-1,,
19384-0900-23.zip,202202141041,’†‹–€ŒSº˜a’¬¼ğ,2745-2,,
19384-0900-23.zip,202202141041,’†‹–€ŒSº˜a’¬¼ğ,2745-3,,
19384-0900-23.zip,202202141041,’†‹–€ŒSº˜a’¬¼ğ,2746-1,,
19384-0900-23.zip,202202141041,’†‹–€ŒSº˜a’¬¼ğ,2746-2,,
19384-0900-23.zip,202202141041,’†‹–€ŒSº˜a’¬¼ğ,2746-3,,
19384-0900-23.zip,202202141041,’†‹–€ŒSº˜a’¬¼ğ,2746-4,,
19384-0900-23.zip,202202141041,’†‹–€ŒSº˜a’¬¼ğ,2746-5,,
19384-0900-23.zip,202202141041,’†‹–€ŒSº˜a’¬¼ğ,2746-6,,
19384-0900-23.zip,202202141041,’†‹–€ŒSº˜a’¬¼ğ,2747,,
19384-0900-23.zip,202202141041,’†‹–€ŒSº˜a’¬¼ğ,2748,,
19384-0900-23.zip,202202141041,’†‹–€ŒSº˜a’¬¼ğ,2749-1,,
19384-0900-23.zip,202202141041,’†‹–€ŒSº˜a’¬¼ğ,2749-2,,
19384-0900-23.zip,202202141041,’†‹–€ŒSº˜a’¬¼ğ,2749-3,,
19384-0900-23.zip,202202141041,’†‹–€ŒSº˜a’¬¼ğ,2749-4,,
19384-0900-23.zip,202202141041,’†‹–€ŒSº˜a’¬¼ğ,2749-5,,
19384-0900-23.zip,202202141041,’†‹–€ŒSº˜a’¬¼ğ,2750-1,,
19384-0900-23.zip,202202141041,’†‹–€ŒSº˜a’¬¼ğ,2750-2,,
19384-0900-23.zip,202202141041,’†‹–€ŒSº˜a’¬¼ğ,2750-3,,
19384-0900-23.zip,202202141041,’†‹–€ŒSº˜a’¬¼ğ,2751-1,,
19384-0900-23.zip,202202141041,’†‹–€ŒSº˜a’¬¼ğ,2751-2,,
19384-0900-23.zip,202202141041,’†‹–€ŒSº˜a’¬¼ğ,2751-3,,
19384-0900-23.zip,202202141041,’†‹–€ŒSº˜a’¬¼ğ,2752-1,,
19384-0900-23.zip,202202141041,’†‹–€ŒSº˜a’¬¼ğ,2752-2,,
19384-0900-23.zip,202202141041,’†‹–€ŒSº˜a’¬¼ğ,2752-3,,
19384-0900-23.zip,202202141041,’†‹–€ŒSº˜a’¬¼ğ,2753,,
19384-0900-23.zip,202202141041,’†‹–€ŒSº˜a’¬¼ğ,2754,,
19384-0900-23.zip,202202141041,’†‹–€ŒSº˜a’¬¼ğ,2755,,
19384-0900-23.zip,202202141041,’†‹–€ŒSº˜a’¬¼ğ,2756,,
19384-0900-23.zip,202202141041,’†‹–€ŒSº˜a’¬¼ğ,2757-1,,
19384-0900-23.zip,202202141041,’†‹–€ŒSº˜a’¬¼ğ,2757-2,,
19384-0900-23.zip,202202141041,’†‹–€ŒSº˜a’¬¼ğ,2757-3,,
19384-0900-23.zip,202202141041,’†‹–€ŒSº˜a’¬¼ğ,2757-4,,
19384-0900-23.zip,202202141041,’†‹–€ŒSº˜a’¬¼ğ,2757-5,,
19384-0900-23.zip,202202141041,’†‹–€ŒSº˜a’¬¼ğ,2757-6,,
19384-0900-23.zip,202202141041,’†‹–€ŒSº˜a’¬¼ğ,2757-7,,
19384-0900-23.zip,202202141041,’†‹–€ŒSº˜a’¬¼ğ,2758-1,,
19384-0900-23.zip,202202141041,’†‹–€ŒSº˜a’¬¼ğ,2758-2,,
19384-0900-23.zip,202202141041,’†‹–€ŒSº˜a’¬¼ğ,2758-3,,
19384-0900-23.zip,202202141041,’†‹–€ŒSº˜a’¬¼ğ,2758-4,,
19384-0900-23.zip,202202141041,’†‹–€ŒSº˜a’¬¼ğ,2758-5,,
19384-0900-23.zip,202202141041,’†‹–€ŒSº˜a’¬¼ğ,–³’n”Ô-100,,
19384-0900-23.zip,202202141041,’†‹–€ŒSº˜a’¬¼ğ,–³’n”Ô-354,,
19384-0900-23.zip,202202141041,’†‹–€ŒSº˜a’¬¼ğ,“¹-127,,
19384-0900-23.zip,202202141041,’†‹–€ŒSº˜a’¬¼ğ,“¹-127-2,,
19384-0900-23.zip,202202141041,’†‹–€ŒSº˜a’¬¼ğ,“¹-164,,
19384-0900-23.zip,202202141041,’†‹–€ŒSº˜a’¬¼ğ,“¹-174,,
19384-0900-23.zip,202202141041,’†‹–€ŒSº˜a’¬¼ğ,“¹-203,,
19384-0900-23.zip,202202141041,’†‹–€ŒSº˜a’¬¼ğ,“¹-211,,
19384-0900-23.zip,202202141041,’†‹–€ŒSº˜a’¬¼ğ,“¹-220,,
19384-0900-23.zip,202202141041,’†‹–€ŒSº˜a’¬¼ğ,…-137,,
19384-0900-23.zip,202202141041,’†‹–€ŒSº˜a’¬¼ğ,…-137-2,,
19384-0900-23.zip,202202141041,’†‹–€ŒSº˜a’¬¼ğ,…-158,,
19384-0900-23.zip,202202141041,’†‹–€ŒSº˜a’¬¼ğ,…-199,,
19384-0900-23.zip,202202141041,’†‹–€ŒSº˜a’¬¼ğ,…-217,,
19384-0900-23.zip,202202141041,’†‹–€ŒSº˜a’¬¼ğ,…-253,,
19384-0900-23.zip,202202141041,’†‹–€ŒSº˜a’¬¼ğ,…-265,,
19384-0900-23.zip,202202141041,’†‹–€ŒSº˜a’¬¼ğ,…-272,,
19384-0900-23.zip,202202141041,’†‹–€ŒSº˜a’¬¼ğ,…-293,,
19384-0900-23.zip,202202141041,’†‹–€ŒSº˜a’¬¼ğ,2700-3,,
19384-0900-23.zip,202202141041,’†‹–€ŒSº˜a’¬¼ğ,2703-3,,
19384-0900-23.zip,202202141041,’†‹–€ŒSº˜a’¬¼ğ,2704-2,,
19384-0900-23.zip,202202141041,’†‹–€ŒSº˜a’¬¼ğ,2710-3,,
19384-0900-23.zip,202202141041,’†‹–€ŒSº˜a’¬¼ğ,2711-2,,
19384-0900-23.zip,202202141041,’†‹–€ŒSº˜a’¬¼ğ,2759-1,,
19384-0900-23.zip,202202141041,’†‹–€ŒSº˜a’¬¼ğ,2759-2,,
19384-0900-23.zip,202202141041,’†‹–€ŒSº˜a’¬¼ğ,2759-3,,
19384-0900-23.zip,202202141041,’†‹–€ŒSº˜a’¬¼ğ,2759-4,,
19384-0900-23.zip,202202141041,’†‹–€ŒSº˜a’¬¼ğ,2760,,
19384-0900-23.zip,202202141041,’†‹–€ŒSº˜a’¬¼ğ,2761,,
19384-0900-23.zip,202202141041,’†‹–€ŒSº˜a’¬¼ğ,2762,,
19384-0900-23.zip,202202141041,’†‹–€ŒSº˜a’¬¼ğ,2763,,
19384-0900-23.zip,202202141041,’†‹–€ŒSº˜a’¬¼ğ,2764-1,,
19384-0900-23.zip,202202141041,’†‹–€ŒSº˜a’¬¼ğ,2764-2,,
19384-0900-23.zip,202202141041,’†‹–€ŒSº˜a’¬¼ğ,2764-3,,
19384-0900-23.zip,202202141041,’†‹–€ŒSº˜a’¬¼ğ,2765-1,,
19384-0900-23.zip,202202141041,’†‹–€ŒSº˜a’¬¼ğ,2765-2,,
19384-0900-23.zip,202202141041,’†‹–€ŒSº˜a’¬¼ğ,2765-3,,
19384-0900-23.zip,202202141041,’†‹–€ŒSº˜a’¬¼ğ,2766,,
19384-0900-23.zip,202202141041,’†‹–€ŒSº˜a’¬¼ğ,2767,,
19384-0900-23.zip,202202141041,’†‹–€ŒSº˜a’¬¼ğ,2768,,
19384-0900-23.zip,202202141041,’†‹–€ŒSº˜a’¬¼ğ,2769,,
19384-0900-23.zip,202202141041,’†‹–€ŒSº˜a’¬¼ğ,2770,,
19384-0900-23.zip,202202141041,’†‹–€ŒSº˜a’¬¼ğ,2771,,
19384-0900-23.zip,202202141041,’†‹–€ŒSº˜a’¬¼ğ,2772,,
19384-0900-23.zip,202202141041,’†‹–€ŒSº˜a’¬¼ğ,2773,,
19384-0900-23.zip,202202141041,’†‹–€ŒSº˜a’¬¼ğ,2774-1,,
19384-0900-23.zip,202202141041,’†‹–€ŒSº˜a’¬¼ğ,2774-2,,
19384-0900-23.zip,202202141041,’†‹–€ŒSº˜a’¬¼ğ,2774-3,,
19384-0900-23.zip,202202141041,’†‹–€ŒSº˜a’¬¼ğ,2775,,
19384-0900-23.zip,202202141041,’†‹–€ŒSº˜a’¬¼ğ,2776,,
19384-0900-23.zip,202202141041,’†‹–€ŒSº˜a’¬¼ğ,2777-1,,
19384-0900-23.zip,202202141041,’†‹–€ŒSº˜a’¬¼ğ,2777-2,,
19384-0900-23.zip,202202141041,’†‹–€ŒSº˜a’¬¼ğ,2777-3,,
19384-0900-23.zip,202202141041,’†‹–€ŒSº˜a’¬¼ğ,2777-4,,
19384-0900-23.zip,202202141041,’†‹–€ŒSº˜a’¬¼ğ,2777-5,,
19384-0900-23.zip,202202141041,’†‹–€ŒSº˜a’¬¼ğ,2778-1,,
19384-0900-23.zip,202202141041,’†‹–€ŒSº˜a’¬¼ğ,2778-2,,
19384-0900-23.zip,202202141041,’†‹–€ŒSº˜a’¬¼ğ,2778-3,,
19384-0900-23.zip,202202141041,’†‹–€ŒSº˜a’¬¼ğ,2779,,
19384-0900-23.zip,202202141041,’†‹–€ŒSº˜a’¬¼ğ,2780-1,,
19384-0900-23.zip,202202141041,’†‹–€ŒSº˜a’¬¼ğ,2780-2,,
19384-0900-23.zip,202202141041,’†‹–€ŒSº˜a’¬¼ğ,2780-3,,
19384-0900-23.zip,202202141041,’†‹–€ŒSº˜a’¬¼ğ,2785-1,,
19384-0900-23.zip,202202141041,’†‹–€ŒSº˜a’¬¼ğ,2785-2,,
19384-0900-23.zip,202202141041,’†‹–€ŒSº˜a’¬¼ğ,2785-3,,
19384-0900-23.zip,202202141041,’†‹–€ŒSº˜a’¬¼ğ,2785-4,,
19384-0900-23.zip,202202141041,’†‹–€ŒSº˜a’¬¼ğ,2785-5,,
19384-0900-23.zip,202202141041,’†‹–€ŒSº˜a’¬¼ğ,2795-1,,
19384-0900-23.zip,202202141041,’†‹–€ŒSº˜a’¬¼ğ,2795-2,,
19384-0900-23.zip,202202141041,’†‹–€ŒSº˜a’¬¼ğ,2795-4,,
19384-0900-23.zip,202202141041,’†‹–€ŒSº˜a’¬¼ğ,2795-5,,
19384-0900-23.zip,202202141041,’†‹–€ŒSº˜a’¬¼ğ,2796-3,,
19384-0900-23.zip,202202141041,’†‹–€ŒSº˜a’¬¼ğ,2799-3,,
19384-0900-23.zip,202202141041,’†‹–€ŒSº˜a’¬¼ğ,2800-1,,
19384-0900-23.zip,202202141041,’†‹–€ŒSº˜a’¬¼ğ,2800-2,,
19384-0900-23.zip,202202141041,’†‹–€ŒSº˜a’¬¼ğ,2801-1,,
19384-0900-23.zip,202202141041,’†‹–€ŒSº˜a’¬¼ğ,2801-2,,
19384-0900-23.zip,202202141041,’†‹–€ŒSº˜a’¬¼ğ,2802-1,,
19384-0900-23.zip,202202141041,’†‹–€ŒSº˜a’¬¼ğ,2802-2,,
19384-0900-23.zip,202202141041,’†‹–€ŒSº˜a’¬¼ğ,2802-3,,
19384-0900-23.zip,202202141041,’†‹–€ŒSº˜a’¬¼ğ,2803-1,,
19384-0900-23.zip,202202141041,’†‹–€ŒSº˜a’¬¼ğ,2803-2,,
19384-0900-23.zip,202202141041,’†‹–€ŒSº˜a’¬¼ğ,2803-3,,
19384-0900-23.zip,202202141041,’†‹–€ŒSº˜a’¬¼ğ,2803-4,,
19384-0900-23.zip,202202141041,’†‹–€ŒSº˜a’¬¼ğ,2804-1,,
19384-0900-23.zip,202202141041,’†‹–€ŒSº˜a’¬¼ğ,2804-2,,
19384-0900-23.zip,202202141041,’†‹–€ŒSº˜a’¬¼ğ,2804-3,,
19384-0900-23.zip,202202141041,’†‹–€ŒSº˜a’¬¼ğ,2804-4,,
19384-0900-23.zip,202202141041,’†‹–€ŒSº˜a’¬¼ğ,2805-1,,
19384-0900-23.zip,202202141041,’†‹–€ŒSº˜a’¬¼ğ,2805-2,,
19384-0900-23.zip,202202141041,’†‹–€ŒSº˜a’¬¼ğ,2805-3,,
19384-0900-23.zip,202202141041,’†‹–€ŒSº˜a’¬¼ğ,2806,,
19384-0900-23.zip,202202141041,’†‹–€ŒSº˜a’¬¼ğ,2807-1,,
19384-0900-23.zip,202202141041,’†‹–€ŒSº˜a’¬¼ğ,2807-2,,
19384-0900-23.zip,202202141041,’†‹–€ŒSº˜a’¬¼ğ,2807-3,,
19384-0900-23.zip,202202141041,’†‹–€ŒSº˜a’¬¼ğ,2807-4,,
19384-0900-23.zip,202202141041,’†‹–€ŒSº˜a’¬¼ğ,2808,,
19384-0900-23.zip,202202141041,’†‹–€ŒSº˜a’¬¼ğ,2810,,
19384-0900-23.zip,202202141041,’†‹–€ŒSº˜a’¬¼ğ,2812-1,,
19384-0900-23.zip,202202141041,’†‹–€ŒSº˜a’¬¼ğ,2812-2,,
19384-0900-23.zip,202202141041,’†‹–€ŒSº˜a’¬¼ğ,2812-3,,
19384-0900-23.zip,202202141041,’†‹–€ŒSº˜a’¬¼ğ,2812-4,,
19384-0900-23.zip,202202141041,’†‹–€ŒSº˜a’¬¼ğ,2815,,
19384-0900-23.zip,202202141041,’†‹–€ŒSº˜a’¬¼ğ,2816,,
19384-0900-23.zip,202202141041,’†‹–€ŒSº˜a’¬¼ğ,2817,,
19384-0900-23.zip,202202141041,’†‹–€ŒSº˜a’¬¼ğ,2818,,
19384-0900-23.zip,202202141041,’†‹–€ŒSº˜a’¬¼ğ,2819,,
19384-0900-23.zip,202202141041,’†‹–€ŒSº˜a’¬¼ğ,2820,,
19384-0900-23.zip,202202141041,’†‹–€ŒSº˜a’¬¼ğ,2821-1,,
19384-0900-23.zip,202202141041,’†‹–€ŒSº˜a’¬¼ğ,2821-2,,
19384-0900-23.zip,202202141041,’†‹–€ŒSº˜a’¬¼ğ,2821-3,,
19384-0900-23.zip,202202141041,’†‹–€ŒSº˜a’¬¼ğ,2822-1,,
19384-0900-23.zip,202202141041,’†‹–€ŒSº˜a’¬¼ğ,2822-2,,
19384-0900-23.zip,202202141041,’†‹–€ŒSº˜a’¬¼ğ,2822-3,,
19384-0900-23.zip,202202141041,’†‹–€ŒSº˜a’¬¼ğ,2822-4,,
19384-0900-23.zip,202202141041,’†‹–€ŒSº˜a’¬¼ğ,2822-5,,
19384-0900-23.zip,202202141041,’†‹–€ŒSº˜a’¬¼ğ,2823,,
19384-0900-23.zip,202202141041,’†‹–€ŒSº˜a’¬¼ğ,2824,,
19384-0900-23.zip,202202141041,’†‹–€ŒSº˜a’¬¼ğ,2825,,
19384-0900-23.zip,202202141041,’†‹–€ŒSº˜a’¬¼ğ,2826,,
19384-0900-23.zip,202202141041,’†‹–€ŒSº˜a’¬¼ğ,2827,,
19384-0900-23.zip,202202141041,’†‹–€ŒSº˜a’¬¼ğ,2828,,
19384-0900-23.zip,202202141041,’†‹–€ŒSº˜a’¬¼ğ,2829,,
19384-0900-23.zip,202202141041,’†‹–€ŒSº˜a’¬¼ğ,2830,,
19384-0900-23.zip,202202141041,’†‹–€ŒSº˜a’¬¼ğ,2831,,
19384-0900-23.zip,202202141041,’†‹–€ŒSº˜a’¬¼ğ,2832,,
19384-0900-23.zip,202202141041,’†‹–€ŒSº˜a’¬¼ğ,2833,,
19384-0900-23.zip,202202141041,’†‹–€ŒSº˜a’¬¼ğ,2834,,
19384-0900-23.zip,202202141041,’†‹–€ŒSº˜a’¬¼ğ,2835,,
19384-0900-23.zip,202202141041,’†‹–€ŒSº˜a’¬¼ğ,2836,,
19384-0900-23.zip,202202141041,’†‹–€ŒSº˜a’¬¼ğ,2837,,
19384-0900-23.zip,202202141041,’†‹–€ŒSº˜a’¬¼ğ,2838,,
19384-0900-23.zip,202202141041,’†‹–€ŒSº˜a’¬¼ğ,2839,,
19384-0900-23.zip,202202141041,’†‹–€ŒSº˜a’¬¼ğ,2840,,
19384-0900-23.zip,202202141041,’†‹–€ŒSº˜a’¬¼ğ,2841,,
19384-0900-23.zip,202202141041,’†‹–€ŒSº˜a’¬¼ğ,2842,,
19384-0900-23.zip,202202141041,’†‹–€ŒSº˜a’¬¼ğ,2843,,
19384-0900-23.zip,202202141041,’†‹–€ŒSº˜a’¬¼ğ,2845,,
19384-0900-23.zip,202202141041,’†‹–€ŒSº˜a’¬¼ğ,2846,,
19384-0900-23.zip,202202141041,’†‹–€ŒSº˜a’¬¼ğ,2847,,
19384-0900-23.zip,202202141041,’†‹–€ŒSº˜a’¬¼ğ,2848,,
19384-0900-23.zip,202202141041,’†‹–€ŒSº˜a’¬¼ğ,2849,,
19384-0900-23.zip,202202141041,’†‹–€ŒSº˜a’¬¼ğ,2850,,
19384-0900-23.zip,202202141041,’†‹–€ŒSº˜a’¬¼ğ,2851,,
19384-0900-23.zip,202202141041,’†‹–€ŒSº˜a’¬¼ğ,2852-1,,
19384-0900-23.zip,202202141041,’†‹–€ŒSº˜a’¬¼ğ,2852-2,,
19384-0900-23.zip,202202141041,’†‹–€ŒSº˜a’¬¼ğ,2853,,
19384-0900-23.zip,202202141041,’†‹–€ŒSº˜a’¬¼ğ,2854,,
19384-0900-23.zip,202202141041,’†‹–€ŒSº˜a’¬¼ğ,2855-1,,
19384-0900-23.zip,202202141041,’†‹–€ŒSº˜a’¬¼ğ,2855-2,,
19384-0900-23.zip,202202141041,’†‹–€ŒSº˜a’¬¼ğ,2856-2,,
19384-0900-23.zip,202202141041,’†‹–€ŒSº˜a’¬¼ğ,2856-3,,
19384-0900-23.zip,202202141041,’†‹–€ŒSº˜a’¬¼ğ,2856-4,,
19384-0900-23.zip,202202141041,’†‹–€ŒSº˜a’¬¼ğ,2857,,
19384-0900-23.zip,202202141041,’†‹–€ŒSº˜a’¬¼ğ,2858,,
19384-0900-23.zip,202202141041,’†‹–€ŒSº˜a’¬¼ğ,2859,,
19384-0900-23.zip,202202141041,’†‹–€ŒSº˜a’¬¼ğ,2860,,
19384-0900-23.zip,202202141041,’†‹–€ŒSº˜a’¬¼ğ,2861,,
19384-0900-23.zip,202202141041,’†‹–€ŒSº˜a’¬¼ğ,2862,,
19384-0900-23.zip,202202141041,’†‹–€ŒSº˜a’¬¼ğ,2863,,
19384-0900-23.zip,202202141041,’†‹–€ŒSº˜a’¬¼ğ,2864,,
19384-0900-23.zip,202202141041,’†‹–€ŒSº˜a’¬¼ğ,2865,,
19384-0900-23.zip,202202141041,’†‹–€ŒSº˜a’¬¼ğ,2866,,
19384-0900-23.zip,202202141041,’†‹–€ŒSº˜a’¬¼ğ,2867,,
19384-0900-23.zip,202202141041,’†‹–€ŒSº˜a’¬¼ğ,2868,,
19384-0900-23.zip,202202141041,’†‹–€ŒSº˜a’¬¼ğ,2869,,
19384-0900-23.zip,202202141041,’†‹–€ŒSº˜a’¬¼ğ,2870,,
19384-0900-23.zip,202202141041,’†‹–€ŒSº˜a’¬¼ğ,2871,,
19384-0900-23.zip,202202141041,’†‹–€ŒSº˜a’¬¼ğ,2872,,
19384-0900-23.zip,202202141041,’†‹–€ŒSº˜a’¬¼ğ,2873,,
19384-0900-23.zip,202202141041,’†‹–€ŒSº˜a’¬¼ğ,2874,,
19384-0900-23.zip,202202141041,’†‹–€ŒSº˜a’¬¼ğ,2876,,
19384-0900-23.zip,202202141041,’†‹–€ŒSº˜a’¬¼ğ,2877,,
19384-0900-23.zip,202202141041,’†‹–€ŒSº˜a’¬¼ğ,2878,,
19384-0900-23.zip,202202141041,’†‹–€ŒSº˜a’¬¼ğ,2879,,
19384-0900-23.zip,202202141041,’†‹–€ŒSº˜a’¬¼ğ,2880,,
19384-0900-23.zip,202202141041,’†‹–€ŒSº˜a’¬¼ğ,2881,,
19384-0900-23.zip,202202141041,’†‹–€ŒSº˜a’¬¼ğ,2882,,
19384-0900-23.zip,202202141041,’†‹–€ŒSº˜a’¬¼ğ,2883,,
19384-0900-23.zip,202202141041,’†‹–€ŒSº˜a’¬¼ğ,2884,,
19384-0900-23.zip,202202141041,’†‹–€ŒSº˜a’¬¼ğ,2885,,
19384-0900-23.zip,202202141041,’†‹–€ŒSº˜a’¬¼ğ,2886,,
19384-0900-23.zip,202202141041,’†‹–€ŒSº˜a’¬¼ğ,2887,,
19384-0900-23.zip,202202141041,’†‹–€ŒSº˜a’¬¼ğ,2888,,
19384-0900-23.zip,202202141041,’†‹–€ŒSº˜a’¬¼ğ,2889,,
19384-0900-23.zip,202202141041,’†‹–€ŒSº˜a’¬¼ğ,2890,,
19384-0900-23.zip,202202141041,’†‹–€ŒSº˜a’¬¼ğ,2891,,
19384-0900-23.zip,202202141041,’†‹–€ŒSº˜a’¬¼ğ,2892-1,,
19384-0900-23.zip,202202141041,’†‹–€ŒSº˜a’¬¼ğ,2892-2,,
19384-0900-23.zip,202202141041,’†‹–€ŒSº˜a’¬¼ğ,2892-3,,
19384-0900-23.zip,202202141041,’†‹–€ŒSº˜a’¬¼ğ,2893,,
19384-0900-23.zip,202202141041,’†‹–€ŒSº˜a’¬¼ğ,2894,,
19384-0900-23.zip,202202141041,’†‹–€ŒSº˜a’¬¼ğ,2895,,
19384-0900-23.zip,202202141041,’†‹–€ŒSº˜a’¬¼ğ,2896,,
19384-0900-23.zip,202202141041,’†‹–€ŒSº˜a’¬¼ğ,2896-2,,
19384-0900-23.zip,202202141041,’†‹–€ŒSº˜a’¬¼ğ,2897,,
19384-0900-23.zip,202202141041,’†‹–€ŒSº˜a’¬¼ğ,2898,,
19384-0900-23.zip,202202141041,’†‹–€ŒSº˜a’¬¼ğ,2899,,
19384-0900-23.zip,202202141041,’†‹–€ŒSº˜a’¬¼ğ,2900-1,,
19384-0900-23.zip,202202141041,’†‹–€ŒSº˜a’¬¼ğ,2900-2,,
19384-0900-23.zip,202202141041,’†‹–€ŒSº˜a’¬¼ğ,2901-1,,
19384-0900-23.zip,202202141041,’†‹–€ŒSº˜a’¬¼ğ,2901-2,,
19384-0900-23.zip,202202141041,’†‹–€ŒSº˜a’¬¼ğ,2902,,
19384-0900-23.zip,202202141041,’†‹–€ŒSº˜a’¬¼ğ,2903,,
19384-0900-23.zip,202202141041,’†‹–€ŒSº˜a’¬¼ğ,2904,,
19384-0900-23.zip,202202141041,’†‹–€ŒSº˜a’¬¼ğ,2905,,
19384-0900-23.zip,202202141041,’†‹–€ŒSº˜a’¬¼ğ,2906,,
19384-0900-23.zip,202202141041,’†‹–€ŒSº˜a’¬¼ğ,2907-1,,
19384-0900-23.zip,202202141041,’†‹–€ŒSº˜a’¬¼ğ,2907-2,,
19384-0900-23.zip,202202141041,’†‹–€ŒSº˜a’¬¼ğ,2908-1,,
19384-0900-23.zip,202202141041,’†‹–€ŒSº˜a’¬¼ğ,2908-2,,
19384-0900-23.zip,202202141041,’†‹–€ŒSº˜a’¬¼ğ,2908-3,,
19384-0900-23.zip,202202141041,’†‹–€ŒSº˜a’¬¼ğ,2908-4,,
19384-0900-23.zip,202202141041,’†‹–€ŒSº˜a’¬¼ğ,2909-1,,
19384-0900-23.zip,202202141041,’†‹–€ŒSº˜a’¬¼ğ,2909-2,,
19384-0900-23.zip,202202141041,’†‹–€ŒSº˜a’¬¼ğ,2909-3,,
19384-0900-23.zip,202202141041,’†‹–€ŒSº˜a’¬¼ğ,2910-1,,
19384-0900-23.zip,202202141041,’†‹–€ŒSº˜a’¬¼ğ,2910-2,,
19384-0900-23.zip,202202141041,’†‹–€ŒSº˜a’¬¼ğ,2910-3,,
19384-0900-23.zip,202202141041,’†‹–€ŒSº˜a’¬¼ğ,2911-1,,
19384-0900-23.zip,202202141041,’†‹–€ŒSº˜a’¬¼ğ,2911-2,,
19384-0900-23.zip,202202141041,’†‹–€ŒSº˜a’¬¼ğ,2912,,
19384-0900-23.zip,202202141041,’†‹–€ŒSº˜a’¬¼ğ,2913,,
19384-0900-23.zip,202202141041,’†‹–€ŒSº˜a’¬¼ğ,2914-1,,
19384-0900-23.zip,202202141041,’†‹–€ŒSº˜a’¬¼ğ,2914-2,,
19384-0900-23.zip,202202141041,’†‹–€ŒSº˜a’¬¼ğ,2915-1,,
19384-0900-23.zip,202202141041,’†‹–€ŒSº˜a’¬¼ğ,2915-2,,
19384-0900-23.zip,202202141041,’†‹–€ŒSº˜a’¬¼ğ,2915-3,,
19384-0900-23.zip,202202141041,’†‹–€ŒSº˜a’¬¼ğ,2915-4,,
19384-0900-23.zip,202202141041,’†‹–€ŒSº˜a’¬¼ğ,2916-1,,
19384-0900-23.zip,202202141041,’†‹–€ŒSº˜a’¬¼ğ,2916-2,,
19384-0900-23.zip,202202141041,’†‹–€ŒSº˜a’¬¼ğ,2916-3,,
19384-0900-23.zip,202202141041,’†‹–€ŒSº˜a’¬¼ğ,2916-4,,
19384-0900-23.zip,202202141041,’†‹–€ŒSº˜a’¬¼ğ,2917-1,,
19384-0900-23.zip,202202141041,’†‹–€ŒSº˜a’¬¼ğ,2917-2,,
19384-0900-23.zip,202202141041,’†‹–€ŒSº˜a’¬¼ğ,2918,,
19384-0900-23.zip,202202141041,’†‹–€ŒSº˜a’¬¼ğ,2919,,
19384-0900-23.zip,202202141041,’†‹–€ŒSº˜a’¬¼ğ,2920,,
19384-0900-23.zip,202202141041,’†‹–€ŒSº˜a’¬¼ğ,2921,,
19384-0900-23.zip,202202141041,’†‹–€ŒSº˜a’¬¼ğ,2922,,
19384-0900-23.zip,202202141041,’†‹–€ŒSº˜a’¬¼ğ,2923,,
19384-0900-23.zip,202202141041,’†‹–€ŒSº˜a’¬¼ğ,2924-1,,
19384-0900-23.zip,202202141041,’†‹–€ŒSº˜a’¬¼ğ,2924-2,,
19384-0900-23.zip,202202141041,’†‹–€ŒSº˜a’¬¼ğ,2924-3,,
19384-0900-23.zip,202202141041,’†‹–€ŒSº˜a’¬¼ğ,2924-4,,
19384-0900-23.zip,202202141041,’†‹–€ŒSº˜a’¬¼ğ,2924-5,,
19384-0900-23.zip,202202141041,’†‹–€ŒSº˜a’¬¼ğ,2925-3,,
19384-0900-23.zip,202202141041,’†‹–€ŒSº˜a’¬¼ğ,2925-4,,
19384-0900-23.zip,202202141041,’†‹–€ŒSº˜a’¬¼ğ,2928-3,,
19384-0900-23.zip,202202141041,’†‹–€ŒSº˜a’¬¼ğ,2930-3,,
19384-0900-23.zip,202202141041,’†‹–€ŒSº˜a’¬¼ğ,2931-1,,
19384-0900-23.zip,202202141041,’†‹–€ŒSº˜a’¬¼ğ,2932,,
19384-0900-23.zip,202202141041,’†‹–€ŒSº˜a’¬¼ğ,2933-1,,
19384-0900-23.zip,202202141041,’†‹–€ŒSº˜a’¬¼ğ,2933-2,,
19384-0900-23.zip,202202141041,’†‹–€ŒSº˜a’¬¼ğ,2934-1,,
19384-0900-23.zip,202202141041,’†‹–€ŒSº˜a’¬¼ğ,2934-2,,
19384-0900-23.zip,202202141041,’†‹–€ŒSº˜a’¬¼ğ,2934-3,,
19384-0900-23.zip,202202141041,’†‹–€ŒSº˜a’¬¼ğ,2934-4,,
19384-0900-23.zip,202202141041,’†‹–€ŒSº˜a’¬¼ğ,2938-1,,
19384-0900-23.zip,202202141041,’†‹–€ŒSº˜a’¬¼ğ,2938-2,,
19384-0900-23.zip,202202141041,’†‹–€ŒSº˜a’¬¼ğ,2939,,
19384-0900-23.zip,202202141041,’†‹–€ŒSº˜a’¬¼ğ,2940-2,,
19384-0900-23.zip,202202141041,’†‹–€ŒSº˜a’¬¼ğ,2942-1,,
19384-0900-23.zip,202202141041,’†‹–€ŒSº˜a’¬¼ğ,2942-2,,
19384-0900-23.zip,202202141041,’†‹–€ŒSº˜a’¬¼ğ,2947-4,,
19384-0900-23.zip,202202141041,’†‹–€ŒSº˜a’¬¼ğ,2948-2,,
19384-0900-23.zip,202202141041,’†‹–€ŒSº˜a’¬¼ğ,2948-3,,
19384-0900-23.zip,202202141041,’†‹–€ŒSº˜a’¬¼ğ,2949-1,,
19384-0900-23.zip,202202141041,’†‹–€ŒSº˜a’¬¼ğ,2949-2,,
19384-0900-23.zip,202202141041,’†‹–€ŒSº˜a’¬¼ğ,2949-3,,
19384-0900-23.zip,202202141041,’†‹–€ŒSº˜a’¬¼ğ,2949-4,,
19384-0900-23.zip,202202141041,’†‹–€ŒSº˜a’¬¼ğ,2949-5,,
19384-0900-23.zip,202202141041,’†‹–€ŒSº˜a’¬¼ğ,2949-6,,
19384-0900-23.zip,202202141041,’†‹–€ŒSº˜a’¬¼ğ,2950,,
19384-0900-23.zip,202202141041,’†‹–€ŒSº˜a’¬¼ğ,2951-2,,
19384-0900-23.zip,202202141041,’†‹–€ŒSº˜a’¬¼ğ,2951-3,,
19384-0900-23.zip,202202141041,’†‹–€ŒSº˜a’¬¼ğ,2951-4,,
19384-0900-23.zip,202202141041,’†‹–€ŒSº˜a’¬¼ğ,2952-2,,
19384-0900-23.zip,202202141041,’†‹–€ŒSº˜a’¬¼ğ,2952-3,,
19384-0900-23.zip,202202141041,’†‹–€ŒSº˜a’¬¼ğ,2953-1,,
19384-0900-23.zip,202202141041,’†‹–€ŒSº˜a’¬¼ğ,2953-2,,
19384-0900-23.zip,202202141041,’†‹–€ŒSº˜a’¬¼ğ,2953-3,,
19384-0900-23.zip,202202141041,’†‹–€ŒSº˜a’¬¼ğ,2953-4,,
19384-0900-23.zip,202202141041,’†‹–€ŒSº˜a’¬¼ğ,2953-5,,
19384-0900-23.zip,202202141041,’†‹–€ŒSº˜a’¬¼ğ,2953-6,,
19384-0900-23.zip,202202141041,’†‹–€ŒSº˜a’¬¼ğ,2954-2,,
19384-0900-23.zip,202202141041,’†‹–€ŒSº˜a’¬¼ğ,2954-3,,
19384-0900-23.zip,202202141041,’†‹–€ŒSº˜a’¬¼ğ,2954-4,,
19384-0900-23.zip,202202141041,’†‹–€ŒSº˜a’¬¼ğ,2954-5,,
19384-0900-23.zip,202202141041,’†‹–€ŒSº˜a’¬¼ğ,2954-6,,
19384-0900-23.zip,202202141041,’†‹–€ŒSº˜a’¬¼ğ,2954-7,,
19384-0900-23.zip,202202141041,’†‹–€ŒSº˜a’¬¼ğ,2955-1,,
19384-0900-23.zip,202202141041,’†‹–€ŒSº˜a’¬¼ğ,2955-2,,
19384-0900-23.zip,202202141041,’†‹–€ŒSº˜a’¬¼ğ,2955-3,,
19384-0900-23.zip,202202141041,’†‹–€ŒSº˜a’¬¼ğ,2955-4,,
19384-0900-23.zip,202202141041,’†‹–€ŒSº˜a’¬¼ğ,2955-5,,
19384-0900-23.zip,202202141041,’†‹–€ŒSº˜a’¬¼ğ,2955-6,,
19384-0900-23.zip,202202141041,’†‹–€ŒSº˜a’¬¼ğ,2963-2,,
19384-0900-23.zip,202202141041,’†‹–€ŒSº˜a’¬¼ğ,2972-2,,
19384-0900-23.zip,202202141041,’†‹–€ŒSº˜a’¬¼ğ,2975-1,,
19384-0900-23.zip,202202141041,’†‹–€ŒSº˜a’¬¼ğ,2975-2,,
19384-0900-23.zip,202202141041,’†‹–€ŒSº˜a’¬¼ğ,2975-4,,
19384-0900-23.zip,202202141041,’†‹–€ŒSº˜a’¬¼ğ,2975-5,,
19384-0900-23.zip,202202141041,’†‹–€ŒSº˜a’¬¼ğ,2976-1,,
19384-0900-23.zip,202202141041,’†‹–€ŒSº˜a’¬¼ğ,2984-1,,
19384-0900-23.zip,202202141041,’†‹–€ŒSº˜a’¬¼ğ,2985-1,,
19384-0900-23.zip,202202141041,’†‹–€ŒSº˜a’¬¼ğ,2986-1,,
19384-0900-23.zip,202202141041,’†‹–€ŒSº˜a’¬¼ğ,2986-4,,
19384-0900-23.zip,202202141041,’†‹–€ŒSº˜a’¬¼ğ,3000,,
19384-0900-23.zip,202202141041,’†‹–€ŒSº˜a’¬¼ğ,“¹-119,,
19384-0900-23.zip,202202141041,’†‹–€ŒSº˜a’¬¼ğ,“¹-153,,
19384-0900-23.zip,202202141041,’†‹–€ŒSº˜a’¬¼ğ,“¹-169,,
19384-0900-23.zip,202202141041,’†‹–€ŒSº˜a’¬¼ğ,“¹-188,,
19384-0900-23.zip,202202141041,’†‹–€ŒSº˜a’¬¼ğ,“¹-209,,
19384-0900-23.zip,202202141041,’†‹–€ŒSº˜a’¬¼ğ,“¹-219,,
19384-0900-23.zip,202202141041,’†‹–€ŒSº˜a’¬¼ğ,“¹-227,,
19384-0900-23.zip,202202141041,’†‹–€ŒSº˜a’¬¼ğ,“¹-246,,
19384-0900-23.zip,202202141041,’†‹–€ŒSº˜a’¬¼ğ,“¹-250,,
19384-0900-23.zip,202202141041,’†‹–€ŒSº˜a’¬¼ğ,…-4,,
19384-0900-23.zip,202202141041,’†‹–€ŒSº˜a’¬¼ğ,…-165,,
19384-0900-23.zip,202202141041,’†‹–€ŒSº˜a’¬¼ğ,…-191,,
19384-0900-23.zip,202202141041,’†‹–€ŒSº˜a’¬¼ğ,…-228,,
19384-0900-23.zip,202202141041,’†‹–€ŒSº˜a’¬¼ğ,…-257,,
19384-0900-23.zip,202202141041,’†‹–€ŒSº˜a’¬¼ğ,3028-3,,
19384-0900-23.zip,202202141041,’†‹–€ŒSº˜a’¬¼ğ,3068-2,,
19384-0900-23.zip,202202141041,’†‹–€ŒSº˜a’¬¼ğ,3068-3,,
19384-0900-23.zip,202202141041,’†‹–€ŒSº˜a’¬¼ğ,3070-2,,
19384-0900-23.zip,202202141041,’†‹–€ŒSº˜a’¬¼ğ,3070-3,,
19384-0900-23.zip,202202141041,’†‹–€ŒSº˜a’¬¼ğ,3071-1,,
19384-0900-23.zip,202202141041,’†‹–€ŒSº˜a’¬¼ğ,3071-2,,
19384-0900-23.zip,202202141041,’†‹–€ŒSº˜a’¬¼ğ,3072,,
19384-0900-23.zip,202202141041,’†‹–€ŒSº˜a’¬¼ğ,3073,,
19384-0900-23.zip,202202141041,’†‹–€ŒSº˜a’¬¼ğ,3075,,
19384-0900-23.zip,202202141041,’†‹–€ŒSº˜a’¬¼ğ,3076-1,,
19384-0900-23.zip,202202141041,’†‹–€ŒSº˜a’¬¼ğ,3078-1,,
19384-0900-23.zip,202202141041,’†‹–€ŒSº˜a’¬¼ğ,3079-1,,
19384-0900-23.zip,202202141041,’†‹–€ŒSº˜a’¬¼ğ,3080-1,,
19384-0900-23.zip,202202141041,’†‹–€ŒSº˜a’¬¼ğ,3081,,
19384-0900-23.zip,202202141041,’†‹–€ŒSº˜a’¬¼ğ,3082,,
19384-0900-23.zip,202202141041,’†‹–€ŒSº˜a’¬¼ğ,3084-1,,
19384-0900-23.zip,202202141041,’†‹–€ŒSº˜a’¬¼ğ,3084-2,,
19384-0900-23.zip,202202141041,’†‹–€ŒSº˜a’¬¼ğ,3085,,
19384-0900-23.zip,202202141041,’†‹–€ŒSº˜a’¬¼ğ,3087,,
19384-0900-23.zip,202202141041,’†‹–€ŒSº˜a’¬¼ğ,3088,,
19384-0900-23.zip,202202141041,’†‹–€ŒSº˜a’¬¼ğ,3093-2,,
19384-0900-23.zip,202202141041,’†‹–€ŒSº˜a’¬¼ğ,3093-3,,
19384-0900-23.zip,202202141041,’†‹–€ŒSº˜a’¬¼ğ,3098,,
19384-0900-23.zip,202202141041,’†‹–€ŒSº˜a’¬¼ğ,3100-1,,
19384-0900-23.zip,202202141041,’†‹–€ŒSº˜a’¬¼ğ,3100-5,,
19384-0900-23.zip,202202141041,’†‹–€ŒSº˜a’¬¼ğ,3113-2,,
19384-0900-23.zip,202202141041,’†‹–€ŒSº˜a’¬¼ğ,3113-3,,
19384-0900-23.zip,202202141041,’†‹–€ŒSº˜a’¬¼ğ,3113-4,,
19384-0900-23.zip,202202141041,’†‹–€ŒSº˜a’¬¼ğ,“¹-7,,
19384-0900-23.zip,202202141041,’†‹–€ŒSº˜a’¬¼ğ,“¹-132,,
19384-0900-23.zip,202202141041,’†‹–€ŒSº˜a’¬¼ğ,“¹-242,,
19384-0900-23.zip,202202141041,’†‹–€ŒSº˜a’¬¼ğ,“¹-255,,
19384-0900-23.zip,202202141041,’†‹–€ŒSº˜a’¬¼ğ,“¹-264,,
19384-0900-23.zip,202202141041,’†‹–€ŒSº˜a’¬¼ğ,…-1,,
19384-0900-23.zip,202202141041,’†‹–€ŒSº˜a’¬¼ğ,…-221,,
19384-0900-23.zip,202202141041,’†‹–€ŒSº˜a’¬¼ğ,…-301,,
19384-0900-23.zip,202202141041,’†‹–€ŒSº˜a’¬¼ğ,…-326,,
19384-0900-23.zip,202202141041,’†‹–€ŒSº˜a’¬¼ğ,…-334,,
19384-0900-23.zip,202202141041,’†‹–€ŒSº˜a’¬¼ğ,“¹-1-1,,
19384-0900-23.zip,202202141041,’†‹–€ŒSº˜a’¬¼ğ,“¹-123,,
19384-0900-23.zip,202202141041,’†‹–€ŒSº˜a’¬¼ğ,3262-2,,
19384-0900-23.zip,202202141041,’†‹–€ŒSº˜a’¬¼ğ,3262-3,,
19384-0900-23.zip,202202141041,’†‹–€ŒSº˜a’¬¼ğ,3262-8,,
19384-0900-23.zip,202202141041,’†‹–€ŒSº˜a’¬¼ğ,3263-1,,
19384-0900-23.zip,202202141041,’†‹–€ŒSº˜a’¬¼ğ,3263-2,,
19384-0900-23.zip,202202141041,’†‹–€ŒSº˜a’¬¼ğ,3264-1,,
19384-0900-23.zip,202202141041,’†‹–€ŒSº˜a’¬¼ğ,3265-2,,
19384-0900-23.zip,202202141041,’†‹–€ŒSº˜a’¬¼ğ,3266-2,,
19384-0900-23.zip,202202141041,’†‹–€ŒSº˜a’¬¼ğ,3288-2,,
19384-0900-23.zip,202202141041,’†‹–€ŒSº˜a’¬¼ğ,3290-2,,
19384-0900-23.zip,202202141041,’†‹–€ŒSº˜a’¬¼ğ,3291-1,,
19384-0900-23.zip,202202141041,’†‹–€ŒSº˜a’¬¼ğ,3292-1,,
19384-0900-23.zip,202202141041,’†‹–€ŒSº˜a’¬¼ğ,3293-2,,
19384-0900-23.zip,202202141041,’†‹–€ŒSº˜a’¬¼ğ,3294-1,,
19384-0900-23.zip,202202141041,’†‹–€ŒSº˜a’¬¼ğ,3294-2,,
19384-0900-23.zip,202202141041,’†‹–€ŒSº˜a’¬¼ğ,3295-1,,
19384-0900-23.zip,202202141041,’†‹–€ŒSº˜a’¬¼ğ,3295-2,,
19384-0900-23.zip,202202141041,’†‹–€ŒSº˜a’¬¼ğ,3295-3,,
19384-0900-23.zip,202202141041,’†‹–€ŒSº˜a’¬¼ğ,3296-1,,
19384-0900-23.zip,202202141041,’†‹–€ŒSº˜a’¬¼ğ,3296-2,,
19384-0900-23.zip,202202141041,’†‹–€ŒSº˜a’¬¼ğ,3296-3,,
19384-0900-23.zip,202202141041,’†‹–€ŒSº˜a’¬¼ğ,3297-1,,
19384-0900-23.zip,202202141041,’†‹–€ŒSº˜a’¬¼ğ,3297-2,,
19384-0900-23.zip,202202141041,’†‹–€ŒSº˜a’¬¼ğ,3297-3,,
19384-0900-23.zip,202202141041,’†‹–€ŒSº˜a’¬¼ğ,3297-5,,
19384-0900-23.zip,202202141041,’†‹–€ŒSº˜a’¬¼ğ,3297-6,,
19384-0900-23.zip,202202141041,’†‹–€ŒSº˜a’¬¼ğ,3298-2,,
19384-0900-23.zip,202202141041,’†‹–€ŒSº˜a’¬¼ğ,3298-5,,
19384-0900-23.zip,202202141041,’†‹–€ŒSº˜a’¬¼ğ,3298-6,,
19384-0900-23.zip,202202141041,’†‹–€ŒSº˜a’¬¼ğ,3299-4,,
19384-0900-23.zip,202202141041,’†‹–€ŒSº˜a’¬¼ğ,3300-1,,
19384-0900-23.zip,202202141041,’†‹–€ŒSº˜a’¬¼ğ,3300-2,,
19384-0900-23.zip,202202141041,’†‹–€ŒSº˜a’¬¼ğ,3300-3,,
19384-0900-23.zip,202202141041,’†‹–€ŒSº˜a’¬¼ğ,3300-4,,
19384-0900-23.zip,202202141041,’†‹–€ŒSº˜a’¬¼ğ,3301-1,,
19384-0900-23.zip,202202141041,’†‹–€ŒSº˜a’¬¼ğ,3301-2,,
19384-0900-23.zip,202202141041,’†‹–€ŒSº˜a’¬¼ğ,3302-1,,
19384-0900-23.zip,202202141041,’†‹–€ŒSº˜a’¬¼ğ,3302-2,,
19384-0900-23.zip,202202141041,’†‹–€ŒSº˜a’¬¼ğ,3302-3,,
19384-0900-23.zip,202202141041,’†‹–€ŒSº˜a’¬¼ğ,3303,,
19384-0900-23.zip,202202141041,’†‹–€ŒSº˜a’¬¼ğ,3304,,
19384-0900-23.zip,202202141041,’†‹–€ŒSº˜a’¬¼ğ,3305,,
19384-0900-23.zip,202202141041,’†‹–€ŒSº˜a’¬¼ğ,3306-1,,
19384-0900-23.zip,202202141041,’†‹–€ŒSº˜a’¬¼ğ,3306-2,,
19384-0900-23.zip,202202141041,’†‹–€ŒSº˜a’¬¼ğ,3307-2,,
19384-0900-23.zip,202202141041,’†‹–€ŒSº˜a’¬¼ğ,3307-4,,
19384-0900-23.zip,202202141041,’†‹–€ŒSº˜a’¬¼ğ,3308-1,,
19384-0900-23.zip,202202141041,’†‹–€ŒSº˜a’¬¼ğ,3308-2,,
19384-0900-23.zip,202202141041,’†‹–€ŒSº˜a’¬¼ğ,3308-4,,
19384-0900-23.zip,202202141041,’†‹–€ŒSº˜a’¬¼ğ,3310-2,,
19384-0900-23.zip,202202141041,’†‹–€ŒSº˜a’¬¼ğ,3310-3,,
19384-0900-23.zip,202202141041,’†‹–€ŒSº˜a’¬¼ğ,3310-4,,
19384-0900-23.zip,202202141041,’†‹–€ŒSº˜a’¬¼ğ,3311-2,,
19384-0900-23.zip,202202141041,’†‹–€ŒSº˜a’¬¼ğ,3311-3,,
19384-0900-23.zip,202202141041,’†‹–€ŒSº˜a’¬¼ğ,3312-2,,
19384-0900-23.zip,202202141041,’†‹–€ŒSº˜a’¬¼ğ,3313-2,,
19384-0900-23.zip,202202141041,’†‹–€ŒSº˜a’¬¼ğ,3314-2,,
19384-0900-23.zip,202202141041,’†‹–€ŒSº˜a’¬¼ğ,3314-3,,
19384-0900-23.zip,202202141041,’†‹–€ŒSº˜a’¬¼ğ,3315-1,,
19384-0900-23.zip,202202141041,’†‹–€ŒSº˜a’¬¼ğ,3315-2,,
19384-0900-23.zip,202202141041,’†‹–€ŒSº˜a’¬¼ğ,3316,,
19384-0900-23.zip,202202141041,’†‹–€ŒSº˜a’¬¼ğ,3317,,
19384-0900-23.zip,202202141041,’†‹–€ŒSº˜a’¬¼ğ,3318-1,,
19384-0900-23.zip,202202141041,’†‹–€ŒSº˜a’¬¼ğ,3318-2,,
19384-0900-23.zip,202202141041,’†‹–€ŒSº˜a’¬¼ğ,3319-1,,
19384-0900-23.zip,202202141041,’†‹–€ŒSº˜a’¬¼ğ,3319-2,,
19384-0900-23.zip,202202141041,’†‹–€ŒSº˜a’¬¼ğ,3319-3,,
19384-0900-23.zip,202202141041,’†‹–€ŒSº˜a’¬¼ğ,3319-4,,
19384-0900-23.zip,202202141041,’†‹–€ŒSº˜a’¬¼ğ,3319-5,,
19384-0900-23.zip,202202141041,’†‹–€ŒSº˜a’¬¼ğ,3320-1,,
19384-0900-23.zip,202202141041,’†‹–€ŒSº˜a’¬¼ğ,3321,,
19384-0900-23.zip,202202141041,’†‹–€ŒSº˜a’¬¼ğ,3322-1,,
19384-0900-23.zip,202202141041,’†‹–€ŒSº˜a’¬¼ğ,3322-2,,
19384-0900-23.zip,202202141041,’†‹–€ŒSº˜a’¬¼ğ,3323,,
19384-0900-23.zip,202202141041,’†‹–€ŒSº˜a’¬¼ğ,3324,,
19384-0900-23.zip,202202141041,’†‹–€ŒSº˜a’¬¼ğ,3325-2,,
19384-0900-23.zip,202202141041,’†‹–€ŒSº˜a’¬¼ğ,3326-3,,
19384-0900-23.zip,202202141041,’†‹–€ŒSº˜a’¬¼ğ,3326-4,,
19384-0900-23.zip,202202141041,’†‹–€ŒSº˜a’¬¼ğ,3326-5,,
19384-0900-23.zip,202202141041,’†‹–€ŒSº˜a’¬¼ğ,3326-6,,
19384-0900-23.zip,202202141041,’†‹–€ŒSº˜a’¬¼ğ,3327-2,,
19384-0900-23.zip,202202141041,’†‹–€ŒSº˜a’¬¼ğ,3327-3,,
19384-0900-23.zip,202202141041,’†‹–€ŒSº˜a’¬¼ğ,3328-2,,
19384-0900-23.zip,202202141041,’†‹–€ŒSº˜a’¬¼ğ,3328-3,,
19384-0900-23.zip,202202141041,’†‹–€ŒSº˜a’¬¼ğ,3329-1,,
19384-0900-23.zip,202202141041,’†‹–€ŒSº˜a’¬¼ğ,3329-2,,
19384-0900-23.zip,202202141041,’†‹–€ŒSº˜a’¬¼ğ,3330,,
19384-0900-23.zip,202202141041,’†‹–€ŒSº˜a’¬¼ğ,3331,,
19384-0900-23.zip,202202141041,’†‹–€ŒSº˜a’¬¼ğ,3332-1,,
19384-0900-23.zip,202202141041,’†‹–€ŒSº˜a’¬¼ğ,3332-2,,
19384-0900-23.zip,202202141041,’†‹–€ŒSº˜a’¬¼ğ,3333-1,,
19384-0900-23.zip,202202141041,’†‹–€ŒSº˜a’¬¼ğ,3333-2,,
19384-0900-23.zip,202202141041,’†‹–€ŒSº˜a’¬¼ğ,3334-2,,
19384-0900-23.zip,202202141041,’†‹–€ŒSº˜a’¬¼ğ,3335-2,,
19384-0900-23.zip,202202141041,’†‹–€ŒSº˜a’¬¼ğ,3335-6,,
19384-0900-23.zip,202202141041,’†‹–€ŒSº˜a’¬¼ğ,3336-2,,
19384-0900-23.zip,202202141041,’†‹–€ŒSº˜a’¬¼ğ,3336-4,,
19384-0900-23.zip,202202141041,’†‹–€ŒSº˜a’¬¼ğ,3336-5,,
19384-0900-23.zip,202202141041,’†‹–€ŒSº˜a’¬¼ğ,3336-6,,
19384-0900-23.zip,202202141041,’†‹–€ŒSº˜a’¬¼ğ,3337-2,,
19384-0900-23.zip,202202141041,’†‹–€ŒSº˜a’¬¼ğ,3337-3,,
19384-0900-23.zip,202202141041,’†‹–€ŒSº˜a’¬¼ğ,3337-4,,
19384-0900-23.zip,202202141041,’†‹–€ŒSº˜a’¬¼ğ,3340-1,,
19384-0900-23.zip,202202141041,’†‹–€ŒSº˜a’¬¼ğ,3340-2,,
19384-0900-23.zip,202202141041,’†‹–€ŒSº˜a’¬¼ğ,3340-3,,
19384-0900-23.zip,202202141041,’†‹–€ŒSº˜a’¬¼ğ,3347,,
19384-0900-23.zip,202202141041,’†‹–€ŒSº˜a’¬¼ğ,3348,,
19384-0900-23.zip,202202141041,’†‹–€ŒSº˜a’¬¼ğ,3352,,
19384-0900-23.zip,202202141041,’†‹–€ŒSº˜a’¬¼ğ,3353,,
19384-0900-23.zip,202202141041,’†‹–€ŒSº˜a’¬¼ğ,3354,,
19384-0900-23.zip,202202141041,’†‹–€ŒSº˜a’¬¼ğ,3355-1,,
19384-0900-23.zip,202202141041,’†‹–€ŒSº˜a’¬¼ğ,3355-2,,
19384-0900-23.zip,202202141041,’†‹–€ŒSº˜a’¬¼ğ,3356-1,,
19384-0900-23.zip,202202141041,’†‹–€ŒSº˜a’¬¼ğ,3356-2,,
19384-0900-23.zip,202202141041,’†‹–€ŒSº˜a’¬¼ğ,3356-3,,
19384-0900-23.zip,202202141041,’†‹–€ŒSº˜a’¬¼ğ,3357,,
19384-0900-23.zip,202202141041,’†‹–€ŒSº˜a’¬¼ğ,3359-1,,
19384-0900-23.zip,202202141041,’†‹–€ŒSº˜a’¬¼ğ,3359-2,,
19384-0900-23.zip,202202141041,’†‹–€ŒSº˜a’¬¼ğ,3363-2,,
19384-0900-23.zip,202202141041,’†‹–€ŒSº˜a’¬¼ğ,3364-3,,
19384-0900-23.zip,202202141041,’†‹–€ŒSº˜a’¬¼ğ,3364-4,,
19384-0900-23.zip,202202141041,’†‹–€ŒSº˜a’¬¼ğ,3365-2,,
19384-0900-23.zip,202202141041,’†‹–€ŒSº˜a’¬¼ğ,3367,,
19384-0900-23.zip,202202141041,’†‹–€ŒSº˜a’¬¼ğ,3368-1,,
19384-0900-23.zip,202202141041,’†‹–€ŒSº˜a’¬¼ğ,3368-2,,
19384-0900-23.zip,202202141041,’†‹–€ŒSº˜a’¬¼ğ,3368-3,,
19384-0900-23.zip,202202141041,’†‹–€ŒSº˜a’¬¼ğ,3368-4,,
19384-0900-23.zip,202202141041,’†‹–€ŒSº˜a’¬¼ğ,3370-2,,
19384-0900-23.zip,202202141041,’†‹–€ŒSº˜a’¬¼ğ,3373-3,,
19384-0900-23.zip,202202141041,’†‹–€ŒSº˜a’¬¼ğ,3373-4,,
19384-0900-23.zip,202202141041,’†‹–€ŒSº˜a’¬¼ğ,3373-5,,
19384-0900-23.zip,202202141041,’†‹–€ŒSº˜a’¬¼ğ,3384-1,,
19384-0900-23.zip,202202141041,’†‹–€ŒSº˜a’¬¼ğ,3384-3,,
19384-0900-23.zip,202202141041,’†‹–€ŒSº˜a’¬¼ğ,3391-2,,
19384-0900-23.zip,202202141041,’†‹–€ŒSº˜a’¬¼ğ,3391-4,,
19384-0900-23.zip,202202141041,’†‹–€ŒSº˜a’¬¼ğ,3393-2,,
19384-0900-23.zip,202202141041,’†‹–€ŒSº˜a’¬¼ğ,3395-1,,
19384-0900-23.zip,202202141041,’†‹–€ŒSº˜a’¬¼ğ,3399-1,,
19384-0900-23.zip,202202141041,’†‹–€ŒSº˜a’¬¼ğ,3401-5,,
19384-0900-23.zip,202202141041,’†‹–€ŒSº˜a’¬¼ğ,3405-1,,
19384-0900-23.zip,202202141041,’†‹–€ŒSº˜a’¬¼ğ,3405-2,,
19384-0900-23.zip,202202141041,’†‹–€ŒSº˜a’¬¼ğ,3405-3,,
19384-0900-23.zip,202202141041,’†‹–€ŒSº˜a’¬¼ğ,3405-4,,
19384-0900-23.zip,202202141041,’†‹–€ŒSº˜a’¬¼ğ,3405-5,,
19384-0900-23.zip,202202141041,’†‹–€ŒSº˜a’¬¼ğ,3406,,
19384-0900-23.zip,202202141041,’†‹–€ŒSº˜a’¬¼ğ,3407-1,,
19384-0900-23.zip,202202141041,’†‹–€ŒSº˜a’¬¼ğ,3407-3,,
19384-0900-23.zip,202202141041,’†‹–€ŒSº˜a’¬¼ğ,3407-4,,
19384-0900-23.zip,202202141041,’†‹–€ŒSº˜a’¬¼ğ,3407-5,,
19384-0900-23.zip,202202141041,’†‹–€ŒSº˜a’¬¼ğ,3407-6,,
19384-0900-23.zip,202202141041,’†‹–€ŒSº˜a’¬¼ğ,3407-8,,
19384-0900-23.zip,202202141041,’†‹–€ŒSº˜a’¬¼ğ,3407-9,,
19384-0900-23.zip,202202141041,’†‹–€ŒSº˜a’¬¼ğ,3407-10,,
19384-0900-23.zip,202202141041,’†‹–€ŒSº˜a’¬¼ğ,3410-1,,
19384-0900-23.zip,202202141041,’†‹–€ŒSº˜a’¬¼ğ,3410-2,,
19384-0900-23.zip,202202141041,’†‹–€ŒSº˜a’¬¼ğ,3410-4,,
19384-0900-23.zip,202202141041,’†‹–€ŒSº˜a’¬¼ğ,3411-10,,
19384-0900-23.zip,202202141041,’†‹–€ŒSº˜a’¬¼ğ,3411-11,,
19384-0900-23.zip,202202141041,’†‹–€ŒSº˜a’¬¼ğ,3412-2,,
19384-0900-23.zip,202202141041,’†‹–€ŒSº˜a’¬¼ğ,3412-3,,
19384-0900-23.zip,202202141041,’†‹–€ŒSº˜a’¬¼ğ,3412-4,,
19384-0900-23.zip,202202141041,’†‹–€ŒSº˜a’¬¼ğ,3413-2,,
19384-0900-23.zip,202202141041,’†‹–€ŒSº˜a’¬¼ğ,3413-3,,
19384-0900-23.zip,202202141041,’†‹–€ŒSº˜a’¬¼ğ,3413-4,,
19384-0900-23.zip,202202141041,’†‹–€ŒSº˜a’¬¼ğ,3415-1,,
19384-0900-23.zip,202202141041,’†‹–€ŒSº˜a’¬¼ğ,3415-2,,
19384-0900-23.zip,202202141041,’†‹–€ŒSº˜a’¬¼ğ,3416,,
19384-0900-23.zip,202202141041,’†‹–€ŒSº˜a’¬¼ğ,3417,,
19384-0900-23.zip,202202141041,’†‹–€ŒSº˜a’¬¼ğ,3418,,
19384-0900-23.zip,202202141041,’†‹–€ŒSº˜a’¬¼ğ,3419,,
19384-0900-23.zip,202202141041,’†‹–€ŒSº˜a’¬¼ğ,3420,,
19384-0900-23.zip,202202141041,’†‹–€ŒSº˜a’¬¼ğ,3421,,
19384-0900-23.zip,202202141041,’†‹–€ŒSº˜a’¬¼ğ,3422,,
19384-0900-23.zip,202202141041,’†‹–€ŒSº˜a’¬¼ğ,3423-1,,
19384-0900-23.zip,202202141041,’†‹–€ŒSº˜a’¬¼ğ,3423-2,,
19384-0900-23.zip,202202141041,’†‹–€ŒSº˜a’¬¼ğ,3423-3,,
19384-0900-23.zip,202202141041,’†‹–€ŒSº˜a’¬¼ğ,–³’n”Ô-368,,
19384-0900-23.zip,202202141041,’†‹–€ŒSº˜a’¬¼ğ,–³’n”Ô-369,,
19384-0900-23.zip,202202141041,’†‹–€ŒSº˜a’¬¼ğ,–³’n”Ô-370,,
19384-0900-23.zip,202202141041,’†‹–€ŒSº˜a’¬¼ğ,“¹-124,,
19384-0900-23.zip,202202141041,’†‹–€ŒSº˜a’¬¼ğ,“¹-156,,
19384-0900-23.zip,202202141041,’†‹–€ŒSº˜a’¬¼ğ,“¹-216,,
19384-0900-23.zip,202202141041,’†‹–€ŒSº˜a’¬¼ğ,…-11,,
19384-0900-23.zip,202202141041,’†‹–€ŒSº˜a’¬¼ğ,…-14-3,,
19384-0900-23.zip,202202141041,’†‹–€ŒSº˜a’¬¼ğ,…-206,,
19384-0900-23.zip,202202141041,’†‹–€ŒSº˜a’¬¼ğ,…-238,,
19384-0900-23.zip,202202141041,’†‹–€ŒSº˜a’¬¼ğ,…-264,,
19384-0900-23.zip,202202141041,’†‹–€ŒSº˜a’¬¼ğ,3409-2,,
19384-0900-23.zip,202202141041,’†‹–€ŒSº˜a’¬¼ğ,3409-5,,
19384-0900-23.zip,202202141041,’†‹–€ŒSº˜a’¬¼ğ,3411-2,,
19384-0900-23.zip,202202141041,’†‹–€ŒSº˜a’¬¼ğ,3411-4,,
19384-0900-23.zip,202202141041,’†‹–€ŒSº˜a’¬¼ğ,3411-5,,
19384-0900-23.zip,202202141041,’†‹–€ŒSº˜a’¬¼ğ,3411-6,,
19384-0900-23.zip,202202141041,’†‹–€ŒSº˜a’¬¼ğ,3411-7,,
19384-0900-23.zip,202202141041,’†‹–€ŒSº˜a’¬¼ğ,’·‹·•¨•s–¾-1,,
19384-0900-23.zip,202202141041,’†‹–€ŒSº˜a’¬¼ğ,3426-1,,
19384-0900-23.zip,202202141041,’†‹–€ŒSº˜a’¬¼ğ,3426-3,,
19384-0900-23.zip,202202141041,’†‹–€ŒSº˜a’¬¼ğ,3426-4,,
19384-0900-23.zip,202202141041,’†‹–€ŒSº˜a’¬¼ğ,3426-6,,
19384-0900-23.zip,202202141041,’†‹–€ŒSº˜a’¬¼ğ,3427-2,,
19384-0900-23.zip,202202141041,’†‹–€ŒSº˜a’¬¼ğ,3428-2,,
19384-0900-23.zip,202202141041,’†‹–€ŒSº˜a’¬¼ğ,3428-4,,
19384-0900-23.zip,202202141041,’†‹–€ŒSº˜a’¬¼ğ,3428-5,,
19384-0900-23.zip,202202141041,’†‹–€ŒSº˜a’¬¼ğ,3429-2,,
19384-0900-23.zip,202202141041,’†‹–€ŒSº˜a’¬¼ğ,3430-1,,
19384-0900-23.zip,202202141041,’†‹–€ŒSº˜a’¬¼ğ,3430-2,,
19384-0900-23.zip,202202141041,’†‹–€ŒSº˜a’¬¼ğ,3430-3,,
19384-0900-23.zip,202202141041,’†‹–€ŒSº˜a’¬¼ğ,3430-4,,
19384-0900-23.zip,202202141041,’†‹–€ŒSº˜a’¬¼ğ,3431-1,,
19384-0900-23.zip,202202141041,’†‹–€ŒSº˜a’¬¼ğ,3431-2,,
19384-0900-23.zip,202202141041,’†‹–€ŒSº˜a’¬¼ğ,3431-3,,
19384-0900-23.zip,202202141041,’†‹–€ŒSº˜a’¬¼ğ,3432-1,,
19384-0900-23.zip,202202141041,’†‹–€ŒSº˜a’¬¼ğ,3432-2,,
19384-0900-23.zip,202202141041,’†‹–€ŒSº˜a’¬¼ğ,3433-1,,
19384-0900-23.zip,202202141041,’†‹–€ŒSº˜a’¬¼ğ,3433-2,,
19384-0900-23.zip,202202141041,’†‹–€ŒSº˜a’¬¼ğ,3433-3,,
19384-0900-23.zip,202202141041,’†‹–€ŒSº˜a’¬¼ğ,3433-4,,
19384-0900-23.zip,202202141041,’†‹–€ŒSº˜a’¬¼ğ,3433-5,,
19384-0900-23.zip,202202141041,’†‹–€ŒSº˜a’¬¼ğ,3434-2,,
19384-0900-23.zip,202202141041,’†‹–€ŒSº˜a’¬¼ğ,3434-3,,
19384-0900-23.zip,202202141041,’†‹–€ŒSº˜a’¬¼ğ,3435-1,,
19384-0900-23.zip,202202141041,’†‹–€ŒSº˜a’¬¼ğ,3435-2,,
19384-0900-23.zip,202202141041,’†‹–€ŒSº˜a’¬¼ğ,3436-1,,
19384-0900-23.zip,202202141041,’†‹–€ŒSº˜a’¬¼ğ,3436-2,,
19384-0900-23.zip,202202141041,’†‹–€ŒSº˜a’¬¼ğ,3436-3,,
19384-0900-23.zip,202202141041,’†‹–€ŒSº˜a’¬¼ğ,3436-4,,
19384-0900-23.zip,202202141041,’†‹–€ŒSº˜a’¬¼ğ,3437,,
19384-0900-23.zip,202202141041,’†‹–€ŒSº˜a’¬¼ğ,3438-1,,
19384-0900-23.zip,202202141041,’†‹–€ŒSº˜a’¬¼ğ,3439-1,,
19384-0900-23.zip,202202141041,’†‹–€ŒSº˜a’¬¼ğ,3440-1,,
19384-0900-23.zip,202202141041,’†‹–€ŒSº˜a’¬¼ğ,3441,,
19384-0900-23.zip,202202141041,’†‹–€ŒSº˜a’¬¼ğ,3442,,
19384-0900-23.zip,202202141041,’†‹–€ŒSº˜a’¬¼ğ,3443,,
19384-0900-23.zip,202202141041,’†‹–€ŒSº˜a’¬¼ğ,3444,,
19384-0900-23.zip,202202141041,’†‹–€ŒSº˜a’¬¼ğ,3445,,
19384-0900-23.zip,202202141041,’†‹–€ŒSº˜a’¬¼ğ,3446-1,,
19384-0900-23.zip,202202141041,’†‹–€ŒSº˜a’¬¼ğ,3447-2,,
19384-0900-23.zip,202202141041,’†‹–€ŒSº˜a’¬¼ğ,3448-2,,
19384-0900-23.zip,202202141041,’†‹–€ŒSº˜a’¬¼ğ,3449-2,,
19384-0900-23.zip,202202141041,’†‹–€ŒSº˜a’¬¼ğ,3460-3,,
19384-0900-23.zip,202202141041,’†‹–€ŒSº˜a’¬¼ğ,3460-4,,
19384-0900-23.zip,202202141041,’†‹–€ŒSº˜a’¬¼ğ,3465-2,,
19384-0900-23.zip,202202141041,’†‹–€ŒSº˜a’¬¼ğ,3466-1,,
19384-0900-23.zip,202202141041,’†‹–€ŒSº˜a’¬¼ğ,3467-1,,
19384-0900-23.zip,202202141041,’†‹–€ŒSº˜a’¬¼ğ,3467-3,,
19384-0900-23.zip,202202141041,’†‹–€ŒSº˜a’¬¼ğ,3467-4,,
19384-0900-23.zip,202202141041,’†‹–€ŒSº˜a’¬¼ğ,3468-1,,
19384-0900-23.zip,202202141041,’†‹–€ŒSº˜a’¬¼ğ,3468-3,,
19384-0900-23.zip,202202141041,’†‹–€ŒSº˜a’¬¼ğ,3469-3,,
19384-0900-23.zip,202202141041,’†‹–€ŒSº˜a’¬¼ğ,3470-2,,
19384-0900-23.zip,202202141041,’†‹–€ŒSº˜a’¬¼ğ,3470-4,,
19384-0900-23.zip,202202141041,’†‹–€ŒSº˜a’¬¼ğ,3470-6,,
19384-0900-23.zip,202202141041,’†‹–€ŒSº˜a’¬¼ğ,3471-1,,
19384-0900-23.zip,202202141041,’†‹–€ŒSº˜a’¬¼ğ,3472-1,,
19384-0900-23.zip,202202141041,’†‹–€ŒSº˜a’¬¼ğ,3473-1,,
19384-0900-23.zip,202202141041,’†‹–€ŒSº˜a’¬¼ğ,3474,,
19384-0900-23.zip,202202141041,’†‹–€ŒSº˜a’¬¼ğ,3475-1,,
19384-0900-23.zip,202202141041,’†‹–€ŒSº˜a’¬¼ğ,3475-3,,
19384-0900-23.zip,202202141041,’†‹–€ŒSº˜a’¬¼ğ,3476-1,,
19384-0900-23.zip,202202141041,’†‹–€ŒSº˜a’¬¼ğ,3477-1,,
19384-0900-23.zip,202202141041,’†‹–€ŒSº˜a’¬¼ğ,3477-2,,
19384-0900-23.zip,202202141041,’†‹–€ŒSº˜a’¬¼ğ,3478-1,,
19384-0900-23.zip,202202141041,’†‹–€ŒSº˜a’¬¼ğ,3478-2,,
19384-0900-23.zip,202202141041,’†‹–€ŒSº˜a’¬¼ğ,3478-4,,
19384-0900-23.zip,202202141041,’†‹–€ŒSº˜a’¬¼ğ,3479-1,,
19384-0900-23.zip,202202141041,’†‹–€ŒSº˜a’¬¼ğ,3479-2,,
19384-0900-23.zip,202202141041,’†‹–€ŒSº˜a’¬¼ğ,3480-1,,
19384-0900-23.zip,202202141041,’†‹–€ŒSº˜a’¬¼ğ,3480-3,,
19384-0900-23.zip,202202141041,’†‹–€ŒSº˜a’¬¼ğ,3480-4,,
19384-0900-23.zip,202202141041,’†‹–€ŒSº˜a’¬¼ğ,3481-1,,
19384-0900-23.zip,202202141041,’†‹–€ŒSº˜a’¬¼ğ,3481-3,,
19384-0900-23.zip,202202141041,’†‹–€ŒSº˜a’¬¼ğ,3481-4,,
19384-0900-23.zip,202202141041,’†‹–€ŒSº˜a’¬¼ğ,3482,,
19384-0900-23.zip,202202141041,’†‹–€ŒSº˜a’¬¼ğ,3483,,
19384-0900-23.zip,202202141041,’†‹–€ŒSº˜a’¬¼ğ,3484-1,,
19384-0900-23.zip,202202141041,’†‹–€ŒSº˜a’¬¼ğ,3484-2,,
19384-0900-23.zip,202202141041,’†‹–€ŒSº˜a’¬¼ğ,3485-1,,
19384-0900-23.zip,202202141041,’†‹–€ŒSº˜a’¬¼ğ,3485-2,,
19384-0900-23.zip,202202141041,’†‹–€ŒSº˜a’¬¼ğ,3486-1,,
19384-0900-23.zip,202202141041,’†‹–€ŒSº˜a’¬¼ğ,3486-2,,
19384-0900-23.zip,202202141041,’†‹–€ŒSº˜a’¬¼ğ,3486-3,,
19384-0900-23.zip,202202141041,’†‹–€ŒSº˜a’¬¼ğ,3486-4,,
19384-0900-23.zip,202202141041,’†‹–€ŒSº˜a’¬¼ğ,3486-5,,
19384-0900-23.zip,202202141041,’†‹–€ŒSº˜a’¬¼ğ,3487-1,,
19384-0900-23.zip,202202141041,’†‹–€ŒSº˜a’¬¼ğ,3487-2,,
19384-0900-23.zip,202202141041,’†‹–€ŒSº˜a’¬¼ğ,3487-3,,
19384-0900-23.zip,202202141041,’†‹–€ŒSº˜a’¬¼ğ,3488,,
19384-0900-23.zip,202202141041,’†‹–€ŒSº˜a’¬¼ğ,3489-1,,
19384-0900-23.zip,202202141041,’†‹–€ŒSº˜a’¬¼ğ,3489-2,,
19384-0900-23.zip,202202141041,’†‹–€ŒSº˜a’¬¼ğ,3489-3,,
19384-0900-23.zip,202202141041,’†‹–€ŒSº˜a’¬¼ğ,3490-1,,
19384-0900-23.zip,202202141041,’†‹–€ŒSº˜a’¬¼ğ,3490-2,,
19384-0900-23.zip,202202141041,’†‹–€ŒSº˜a’¬¼ğ,3490-3,,
19384-0900-23.zip,202202141041,’†‹–€ŒSº˜a’¬¼ğ,3490-4,,
19384-0900-23.zip,202202141041,’†‹–€ŒSº˜a’¬¼ğ,3490-5,,
19384-0900-23.zip,202202141041,’†‹–€ŒSº˜a’¬¼ğ,3491,,
19384-0900-23.zip,202202141041,’†‹–€ŒSº˜a’¬¼ğ,3492-1,,
19384-0900-23.zip,202202141041,’†‹–€ŒSº˜a’¬¼ğ,3492-2,,
19384-0900-23.zip,202202141041,’†‹–€ŒSº˜a’¬¼ğ,3492-3,,
19384-0900-23.zip,202202141041,’†‹–€ŒSº˜a’¬¼ğ,3493,,
19384-0900-23.zip,202202141041,’†‹–€ŒSº˜a’¬¼ğ,3494,,
19384-0900-23.zip,202202141041,’†‹–€ŒSº˜a’¬¼ğ,3495,,
19384-0900-23.zip,202202141041,’†‹–€ŒSº˜a’¬¼ğ,3496,,
19384-0900-23.zip,202202141041,’†‹–€ŒSº˜a’¬¼ğ,3497,,
19384-0900-23.zip,202202141041,’†‹–€ŒSº˜a’¬¼ğ,3498,,
19384-0900-23.zip,202202141041,’†‹–€ŒSº˜a’¬¼ğ,3499-1,,
19384-0900-23.zip,202202141041,’†‹–€ŒSº˜a’¬¼ğ,3499-2,,
19384-0900-23.zip,202202141041,’†‹–€ŒSº˜a’¬¼ğ,3500-1,,
19384-0900-23.zip,202202141041,’†‹–€ŒSº˜a’¬¼ğ,3500-2,,
19384-0900-23.zip,202202141041,’†‹–€ŒSº˜a’¬¼ğ,3500-3,,
19384-0900-23.zip,202202141041,’†‹–€ŒSº˜a’¬¼ğ,3500-4,,
19384-0900-23.zip,202202141041,’†‹–€ŒSº˜a’¬¼ğ,3501-1,,
19384-0900-23.zip,202202141041,’†‹–€ŒSº˜a’¬¼ğ,3501-2,,
19384-0900-23.zip,202202141041,’†‹–€ŒSº˜a’¬¼ğ,3501-3,,
19384-0900-23.zip,202202141041,’†‹–€ŒSº˜a’¬¼ğ,3502,,
19384-0900-23.zip,202202141041,’†‹–€ŒSº˜a’¬¼ğ,3503-1,,
19384-0900-23.zip,202202141041,’†‹–€ŒSº˜a’¬¼ğ,3503-2,,
19384-0900-23.zip,202202141041,’†‹–€ŒSº˜a’¬¼ğ,3504,,
19384-0900-23.zip,202202141041,’†‹–€ŒSº˜a’¬¼ğ,3505-1,,
19384-0900-23.zip,202202141041,’†‹–€ŒSº˜a’¬¼ğ,3505-2,,
19384-0900-23.zip,202202141041,’†‹–€ŒSº˜a’¬¼ğ,3506-1,,
19384-0900-23.zip,202202141041,’†‹–€ŒSº˜a’¬¼ğ,3506-2,,
19384-0900-23.zip,202202141041,’†‹–€ŒSº˜a’¬¼ğ,3507-1,,
19384-0900-23.zip,202202141041,’†‹–€ŒSº˜a’¬¼ğ,3507-2,,
19384-0900-23.zip,202202141041,’†‹–€ŒSº˜a’¬¼ğ,3507-3,,
19384-0900-23.zip,202202141041,’†‹–€ŒSº˜a’¬¼ğ,3507-4,,
19384-0900-23.zip,202202141041,’†‹–€ŒSº˜a’¬¼ğ,3508-1,,
19384-0900-23.zip,202202141041,’†‹–€ŒSº˜a’¬¼ğ,3508-2,,
19384-0900-23.zip,202202141041,’†‹–€ŒSº˜a’¬¼ğ,3508-3,,
19384-0900-23.zip,202202141041,’†‹–€ŒSº˜a’¬¼ğ,3508-4,,
19384-0900-23.zip,202202141041,’†‹–€ŒSº˜a’¬¼ğ,3509-1,,
19384-0900-23.zip,202202141041,’†‹–€ŒSº˜a’¬¼ğ,3509-2,,
19384-0900-23.zip,202202141041,’†‹–€ŒSº˜a’¬¼ğ,3510-1,,
19384-0900-23.zip,202202141041,’†‹–€ŒSº˜a’¬¼ğ,3510-2,,
19384-0900-23.zip,202202141041,’†‹–€ŒSº˜a’¬¼ğ,3511-1,,
19384-0900-23.zip,202202141041,’†‹–€ŒSº˜a’¬¼ğ,3511-2,,
19384-0900-23.zip,202202141041,’†‹–€ŒSº˜a’¬¼ğ,3511-3,,
19384-0900-23.zip,202202141041,’†‹–€ŒSº˜a’¬¼ğ,3511-4,,
19384-0900-23.zip,202202141041,’†‹–€ŒSº˜a’¬¼ğ,3512-1,,
19384-0900-23.zip,202202141041,’†‹–€ŒSº˜a’¬¼ğ,3512-2,,
19384-0900-23.zip,202202141041,’†‹–€ŒSº˜a’¬¼ğ,3512-3,,
19384-0900-23.zip,202202141041,’†‹–€ŒSº˜a’¬¼ğ,3512-4,,
19384-0900-23.zip,202202141041,’†‹–€ŒSº˜a’¬¼ğ,3513-1,,
19384-0900-23.zip,202202141041,’†‹–€ŒSº˜a’¬¼ğ,3513-2,,
19384-0900-23.zip,202202141041,’†‹–€ŒSº˜a’¬¼ğ,3513-3,,
19384-0900-23.zip,202202141041,’†‹–€ŒSº˜a’¬¼ğ,3513-4,,
19384-0900-23.zip,202202141041,’†‹–€ŒSº˜a’¬¼ğ,3513-5,,
19384-0900-23.zip,202202141041,’†‹–€ŒSº˜a’¬¼ğ,3514,,
19384-0900-23.zip,202202141041,’†‹–€ŒSº˜a’¬¼ğ,3515-1,,
19384-0900-23.zip,202202141041,’†‹–€ŒSº˜a’¬¼ğ,3515-2,,
19384-0900-23.zip,202202141041,’†‹–€ŒSº˜a’¬¼ğ,3516-1,,
19384-0900-23.zip,202202141041,’†‹–€ŒSº˜a’¬¼ğ,3516-3,,
19384-0900-23.zip,202202141041,’†‹–€ŒSº˜a’¬¼ğ,3518,,
19384-0900-23.zip,202202141041,’†‹–€ŒSº˜a’¬¼ğ,3519-2,,
19384-0900-23.zip,202202141041,’†‹–€ŒSº˜a’¬¼ğ,3519-3,,
19384-0900-23.zip,202202141041,’†‹–€ŒSº˜a’¬¼ğ,3519-4,,
19384-0900-23.zip,202202141041,’†‹–€ŒSº˜a’¬¼ğ,3519-5,,
19384-0900-23.zip,202202141041,’†‹–€ŒSº˜a’¬¼ğ,3519-6,,
19384-0900-23.zip,202202141041,’†‹–€ŒSº˜a’¬¼ğ,3520-1,,
19384-0900-23.zip,202202141041,’†‹–€ŒSº˜a’¬¼ğ,3520-2,,
19384-0900-23.zip,202202141041,’†‹–€ŒSº˜a’¬¼ğ,3520-3,,
19384-0900-23.zip,202202141041,’†‹–€ŒSº˜a’¬¼ğ,3520-4,,
19384-0900-23.zip,202202141041,’†‹–€ŒSº˜a’¬¼ğ,3521,,
19384-0900-23.zip,202202141041,’†‹–€ŒSº˜a’¬¼ğ,3522-1,,
19384-0900-23.zip,202202141041,’†‹–€ŒSº˜a’¬¼ğ,3522-2,,
19384-0900-23.zip,202202141041,’†‹–€ŒSº˜a’¬¼ğ,3522-3,,
19384-0900-23.zip,202202141041,’†‹–€ŒSº˜a’¬¼ğ,3523-1,,
19384-0900-23.zip,202202141041,’†‹–€ŒSº˜a’¬¼ğ,3523-2,,
19384-0900-23.zip,202202141041,’†‹–€ŒSº˜a’¬¼ğ,3523-3,,
19384-0900-23.zip,202202141041,’†‹–€ŒSº˜a’¬¼ğ,3523-4,,
19384-0900-23.zip,202202141041,’†‹–€ŒSº˜a’¬¼ğ,3524,,
19384-0900-23.zip,202202141041,’†‹–€ŒSº˜a’¬¼ğ,3525-1,,
19384-0900-23.zip,202202141041,’†‹–€ŒSº˜a’¬¼ğ,3525-2,,
19384-0900-23.zip,202202141041,’†‹–€ŒSº˜a’¬¼ğ,3526-1,,
19384-0900-23.zip,202202141041,’†‹–€ŒSº˜a’¬¼ğ,3526-3,,
19384-0900-23.zip,202202141041,’†‹–€ŒSº˜a’¬¼ğ,3526-5,,
19384-0900-23.zip,202202141041,’†‹–€ŒSº˜a’¬¼ğ,3527-1,,
19384-0900-23.zip,202202141041,’†‹–€ŒSº˜a’¬¼ğ,3527-2,,
19384-0900-23.zip,202202141041,’†‹–€ŒSº˜a’¬¼ğ,3527-3,,
19384-0900-23.zip,202202141041,’†‹–€ŒSº˜a’¬¼ğ,3528-1,,
19384-0900-23.zip,202202141041,’†‹–€ŒSº˜a’¬¼ğ,3528-2,,
19384-0900-23.zip,202202141041,’†‹–€ŒSº˜a’¬¼ğ,3528-5,,
19384-0900-23.zip,202202141041,’†‹–€ŒSº˜a’¬¼ğ,3533-1,,
19384-0900-23.zip,202202141041,’†‹–€ŒSº˜a’¬¼ğ,3533-2,,
19384-0900-23.zip,202202141041,’†‹–€ŒSº˜a’¬¼ğ,3533-3,,
19384-0900-23.zip,202202141041,’†‹–€ŒSº˜a’¬¼ğ,3542,,
19384-0900-23.zip,202202141041,’†‹–€ŒSº˜a’¬¼ğ,3543-1,,
19384-0900-23.zip,202202141041,’†‹–€ŒSº˜a’¬¼ğ,3543-2,,
19384-0900-23.zip,202202141041,’†‹–€ŒSº˜a’¬¼ğ,3543-3,,
19384-0900-23.zip,202202141041,’†‹–€ŒSº˜a’¬¼ğ,3543-4,,
19384-0900-23.zip,202202141041,’†‹–€ŒSº˜a’¬¼ğ,3543-5,,
19384-0900-23.zip,202202141041,’†‹–€ŒSº˜a’¬¼ğ,3543-6,,
19384-0900-23.zip,202202141041,’†‹–€ŒSº˜a’¬¼ğ,3545-1,,
19384-0900-23.zip,202202141041,’†‹–€ŒSº˜a’¬¼ğ,3545-2,,
19384-0900-23.zip,202202141041,’†‹–€ŒSº˜a’¬¼ğ,3545-3,,
19384-0900-23.zip,202202141041,’†‹–€ŒSº˜a’¬¼ğ,3547,,
19384-0900-23.zip,202202141041,’†‹–€ŒSº˜a’¬¼ğ,3549-1,,
19384-0900-23.zip,202202141041,’†‹–€ŒSº˜a’¬¼ğ,3549-2,,
19384-0900-23.zip,202202141041,’†‹–€ŒSº˜a’¬¼ğ,3549-3,,
19384-0900-23.zip,202202141041,’†‹–€ŒSº˜a’¬¼ğ,3549-4,,
19384-0900-23.zip,202202141041,’†‹–€ŒSº˜a’¬¼ğ,3553-1,,
19384-0900-23.zip,202202141041,’†‹–€ŒSº˜a’¬¼ğ,3553-2,,
19384-0900-23.zip,202202141041,’†‹–€ŒSº˜a’¬¼ğ,3553-3,,
19384-0900-23.zip,202202141041,’†‹–€ŒSº˜a’¬¼ğ,3553-4,,
19384-0900-23.zip,202202141041,’†‹–€ŒSº˜a’¬¼ğ,3553-5,,
19384-0900-23.zip,202202141041,’†‹–€ŒSº˜a’¬¼ğ,3553-7,,
19384-0900-23.zip,202202141041,’†‹–€ŒSº˜a’¬¼ğ,3553-8,,
19384-0900-23.zip,202202141041,’†‹–€ŒSº˜a’¬¼ğ,3553-9,,
19384-0900-23.zip,202202141041,’†‹–€ŒSº˜a’¬¼ğ,3553-10,,
19384-0900-23.zip,202202141041,’†‹–€ŒSº˜a’¬¼ğ,3553-11,,
19384-0900-23.zip,202202141041,’†‹–€ŒSº˜a’¬¼ğ,3554-1,,
19384-0900-23.zip,202202141041,’†‹–€ŒSº˜a’¬¼ğ,3554-2,,
19384-0900-23.zip,202202141041,’†‹–€ŒSº˜a’¬¼ğ,3554-4,,
19384-0900-23.zip,202202141041,’†‹–€ŒSº˜a’¬¼ğ,3554-5,,
19384-0900-23.zip,202202141041,’†‹–€ŒSº˜a’¬¼ğ,3554-6,,
19384-0900-23.zip,202202141041,’†‹–€ŒSº˜a’¬¼ğ,3555-1,,
19384-0900-23.zip,202202141041,’†‹–€ŒSº˜a’¬¼ğ,3555-4,,
19384-0900-23.zip,202202141041,’†‹–€ŒSº˜a’¬¼ğ,3556-1,,
19384-0900-23.zip,202202141041,’†‹–€ŒSº˜a’¬¼ğ,3556-4,,
19384-0900-23.zip,202202141041,’†‹–€ŒSº˜a’¬¼ğ,3556-5,,
19384-0900-23.zip,202202141041,’†‹–€ŒSº˜a’¬¼ğ,3557-1,,
19384-0900-23.zip,202202141041,’†‹–€ŒSº˜a’¬¼ğ,3557-4,,
19384-0900-23.zip,202202141041,’†‹–€ŒSº˜a’¬¼ğ,3558-1,,
19384-0900-23.zip,202202141041,’†‹–€ŒSº˜a’¬¼ğ,3558-4,,
19384-0900-23.zip,202202141041,’†‹–€ŒSº˜a’¬¼ğ,3559,,
19384-0900-23.zip,202202141041,’†‹–€ŒSº˜a’¬¼ğ,3560-1,,
19384-0900-23.zip,202202141041,’†‹–€ŒSº˜a’¬¼ğ,3561-1,,
19384-0900-23.zip,202202141041,’†‹–€ŒSº˜a’¬¼ğ,3562,,
19384-0900-23.zip,202202141041,’†‹–€ŒSº˜a’¬¼ğ,3563-1,,
19384-0900-23.zip,202202141041,’†‹–€ŒSº˜a’¬¼ğ,3563-2,,
19384-0900-23.zip,202202141041,’†‹–€ŒSº˜a’¬¼ğ,3564-1,,
19384-0900-23.zip,202202141041,’†‹–€ŒSº˜a’¬¼ğ,3568-1,,
19384-0900-23.zip,202202141041,’†‹–€ŒSº˜a’¬¼ğ,3568-2,,
19384-0900-23.zip,202202141041,’†‹–€ŒSº˜a’¬¼ğ,3569-1,,
19384-0900-23.zip,202202141041,’†‹–€ŒSº˜a’¬¼ğ,3569-2,,
19384-0900-23.zip,202202141041,’†‹–€ŒSº˜a’¬¼ğ,3569-3,,
19384-0900-23.zip,202202141041,’†‹–€ŒSº˜a’¬¼ğ,3569-4,,
19384-0900-23.zip,202202141041,’†‹–€ŒSº˜a’¬¼ğ,3569-5,,
19384-0900-23.zip,202202141041,’†‹–€ŒSº˜a’¬¼ğ,3577,,
19384-0900-23.zip,202202141041,’†‹–€ŒSº˜a’¬¼ğ,3578,,
19384-0900-23.zip,202202141041,’†‹–€ŒSº˜a’¬¼ğ,3581,,
19384-0900-23.zip,202202141041,’†‹–€ŒSº˜a’¬¼ğ,3582,,
19384-0900-23.zip,202202141041,’†‹–€ŒSº˜a’¬¼ğ,3582-2,,
19384-0900-23.zip,202202141041,’†‹–€ŒSº˜a’¬¼ğ,3583,,
19384-0900-23.zip,202202141041,’†‹–€ŒSº˜a’¬¼ğ,3584-1,,
19384-0900-23.zip,202202141041,’†‹–€ŒSº˜a’¬¼ğ,3585-1,,
19384-0900-23.zip,202202141041,’†‹–€ŒSº˜a’¬¼ğ,3586-1,,
19384-0900-23.zip,202202141041,’†‹–€ŒSº˜a’¬¼ğ,3587-1,,
19384-0900-23.zip,202202141041,’†‹–€ŒSº˜a’¬¼ğ,3588,,
19384-0900-23.zip,202202141041,’†‹–€ŒSº˜a’¬¼ğ,3588-2,,
19384-0900-23.zip,202202141041,’†‹–€ŒSº˜a’¬¼ğ,3588-3,,
19384-0900-23.zip,202202141041,’†‹–€ŒSº˜a’¬¼ğ,3588-4,,
19384-0900-23.zip,202202141041,’†‹–€ŒSº˜a’¬¼ğ,3588-5,,
19384-0900-23.zip,202202141041,’†‹–€ŒSº˜a’¬¼ğ,3589-1,,
19384-0900-23.zip,202202141041,’†‹–€ŒSº˜a’¬¼ğ,3590,,
19384-0900-23.zip,202202141041,’†‹–€ŒSº˜a’¬¼ğ,3590-2,,
19384-0900-23.zip,202202141041,’†‹–€ŒSº˜a’¬¼ğ,3591,,
19384-0900-23.zip,202202141041,’†‹–€ŒSº˜a’¬¼ğ,3592,,
19384-0900-23.zip,202202141041,’†‹–€ŒSº˜a’¬¼ğ,3593-1,,
19384-0900-23.zip,202202141041,’†‹–€ŒSº˜a’¬¼ğ,3594-1,,
19384-0900-23.zip,202202141041,’†‹–€ŒSº˜a’¬¼ğ,3594-6,,
19384-0900-23.zip,202202141041,’†‹–€ŒSº˜a’¬¼ğ,3595,,
19384-0900-23.zip,202202141041,’†‹–€ŒSº˜a’¬¼ğ,3596-1,,
19384-0900-23.zip,202202141041,’†‹–€ŒSº˜a’¬¼ğ,3597-1,,
19384-0900-23.zip,202202141041,’†‹–€ŒSº˜a’¬¼ğ,3597-5,,
19384-0900-23.zip,202202141041,’†‹–€ŒSº˜a’¬¼ğ,3597-6,,
19384-0900-23.zip,202202141041,’†‹–€ŒSº˜a’¬¼ğ,3597-7,,
19384-0900-23.zip,202202141041,’†‹–€ŒSº˜a’¬¼ğ,3598-4,,
19384-0900-23.zip,202202141041,’†‹–€ŒSº˜a’¬¼ğ,3598-5,,
19384-0900-23.zip,202202141041,’†‹–€ŒSº˜a’¬¼ğ,3599-1,,
19384-0900-23.zip,202202141041,’†‹–€ŒSº˜a’¬¼ğ,3599-3,,
19384-0900-23.zip,202202141041,’†‹–€ŒSº˜a’¬¼ğ,3600,,
19384-0900-23.zip,202202141041,’†‹–€ŒSº˜a’¬¼ğ,3601-1,,
19384-0900-23.zip,202202141041,’†‹–€ŒSº˜a’¬¼ğ,3601-2,,
19384-0900-23.zip,202202141041,’†‹–€ŒSº˜a’¬¼ğ,3601-5,,
19384-0900-23.zip,202202141041,’†‹–€ŒSº˜a’¬¼ğ,3601-6,,
19384-0900-23.zip,202202141041,’†‹–€ŒSº˜a’¬¼ğ,3602-1,,
19384-0900-23.zip,202202141041,’†‹–€ŒSº˜a’¬¼ğ,3602-2,,
19384-0900-23.zip,202202141041,’†‹–€ŒSº˜a’¬¼ğ,3602-3,,
19384-0900-23.zip,202202141041,’†‹–€ŒSº˜a’¬¼ğ,3602-4,,
19384-0900-23.zip,202202141041,’†‹–€ŒSº˜a’¬¼ğ,3603-1,,
19384-0900-23.zip,202202141041,’†‹–€ŒSº˜a’¬¼ğ,3603-2,,
19384-0900-23.zip,202202141041,’†‹–€ŒSº˜a’¬¼ğ,3603-3,,
19384-0900-23.zip,202202141041,’†‹–€ŒSº˜a’¬¼ğ,3603-4,,
19384-0900-23.zip,202202141041,’†‹–€ŒSº˜a’¬¼ğ,3603-7,,
19384-0900-23.zip,202202141041,’†‹–€ŒSº˜a’¬¼ğ,3603-9,,
19384-0900-23.zip,202202141041,’†‹–€ŒSº˜a’¬¼ğ,3604-2,,
19384-0900-23.zip,202202141041,’†‹–€ŒSº˜a’¬¼ğ,3607-2,,
19384-0900-23.zip,202202141041,’†‹–€ŒSº˜a’¬¼ğ,3608-2,,
19384-0900-23.zip,202202141041,’†‹–€ŒSº˜a’¬¼ğ,3609-2,,
19384-0900-23.zip,202202141041,’†‹–€ŒSº˜a’¬¼ğ,3609-4,,
19384-0900-23.zip,202202141041,’†‹–€ŒSº˜a’¬¼ğ,3610-3,,
19384-0900-23.zip,202202141041,’†‹–€ŒSº˜a’¬¼ğ,3610-5,,
19384-0900-23.zip,202202141041,’†‹–€ŒSº˜a’¬¼ğ,3611-1,,
19384-0900-23.zip,202202141041,’†‹–€ŒSº˜a’¬¼ğ,3611-3,,
19384-0900-23.zip,202202141041,’†‹–€ŒSº˜a’¬¼ğ,3612-1,,
19384-0900-23.zip,202202141041,’†‹–€ŒSº˜a’¬¼ğ,3612-3,,
19384-0900-23.zip,202202141041,’†‹–€ŒSº˜a’¬¼ğ,3612-4,,
19384-0900-23.zip,202202141041,’†‹–€ŒSº˜a’¬¼ğ,3612-5,,
19384-0900-23.zip,202202141041,’†‹–€ŒSº˜a’¬¼ğ,3613-1,,
19384-0900-23.zip,202202141041,’†‹–€ŒSº˜a’¬¼ğ,3613-2,,
19384-0900-23.zip,202202141041,’†‹–€ŒSº˜a’¬¼ğ,3613-3,,
19384-0900-23.zip,202202141041,’†‹–€ŒSº˜a’¬¼ğ,3613-4,,
19384-0900-23.zip,202202141041,’†‹–€ŒSº˜a’¬¼ğ,3614-1,,
19384-0900-23.zip,202202141041,’†‹–€ŒSº˜a’¬¼ğ,3616-1,,
19384-0900-23.zip,202202141041,’†‹–€ŒSº˜a’¬¼ğ,3617-1,,
19384-0900-23.zip,202202141041,’†‹–€ŒSº˜a’¬¼ğ,3617-3,,
19384-0900-23.zip,202202141041,’†‹–€ŒSº˜a’¬¼ğ,3618-1,,
19384-0900-23.zip,202202141041,’†‹–€ŒSº˜a’¬¼ğ,3618-3,,
19384-0900-23.zip,202202141041,’†‹–€ŒSº˜a’¬¼ğ,3618-4,,
19384-0900-23.zip,202202141041,’†‹–€ŒSº˜a’¬¼ğ,3618-5,,
19384-0900-23.zip,202202141041,’†‹–€ŒSº˜a’¬¼ğ,3618-7W1,,
19384-0900-23.zip,202202141041,’†‹–€ŒSº˜a’¬¼ğ,3619-3,,
19384-0900-23.zip,202202141041,’†‹–€ŒSº˜a’¬¼ğ,3619-4,,
19384-0900-23.zip,202202141041,’†‹–€ŒSº˜a’¬¼ğ,3619-5,,
19384-0900-23.zip,202202141041,’†‹–€ŒSº˜a’¬¼ğ,3620-3,,
19384-0900-23.zip,202202141041,’†‹–€ŒSº˜a’¬¼ğ,3620-4,,
19384-0900-23.zip,202202141041,’†‹–€ŒSº˜a’¬¼ğ,3620-5,,
19384-0900-23.zip,202202141041,’†‹–€ŒSº˜a’¬¼ğ,3622,,
19384-0900-23.zip,202202141041,’†‹–€ŒSº˜a’¬¼ğ,3625-2,,
19384-0900-23.zip,202202141041,’†‹–€ŒSº˜a’¬¼ğ,3625-3,,
19384-0900-23.zip,202202141041,’†‹–€ŒSº˜a’¬¼ğ,3625-4,,
19384-0900-23.zip,202202141041,’†‹–€ŒSº˜a’¬¼ğ,3628-3,,
19384-0900-23.zip,202202141041,’†‹–€ŒSº˜a’¬¼ğ,3629-3,,
19384-0900-23.zip,202202141041,’†‹–€ŒSº˜a’¬¼ğ,3657-1,,
19384-0900-23.zip,202202141041,’†‹–€ŒSº˜a’¬¼ğ,3657-5,,
19384-0900-23.zip,202202141041,’†‹–€ŒSº˜a’¬¼ğ,3660-1,,
19384-0900-23.zip,202202141041,’†‹–€ŒSº˜a’¬¼ğ,3660-4,,
19384-0900-23.zip,202202141041,’†‹–€ŒSº˜a’¬¼ğ,3663-2,,
19384-0900-23.zip,202202141041,’†‹–€ŒSº˜a’¬¼ğ,3663-5,,
19384-0900-23.zip,202202141041,’†‹–€ŒSº˜a’¬¼ğ,3665-2,,
19384-0900-23.zip,202202141041,’†‹–€ŒSº˜a’¬¼ğ,3666-1,,
19384-0900-23.zip,202202141041,’†‹–€ŒSº˜a’¬¼ğ,3666-3,,
19384-0900-23.zip,202202141041,’†‹–€ŒSº˜a’¬¼ğ,3666-4,,
19384-0900-23.zip,202202141041,’†‹–€ŒSº˜a’¬¼ğ,3667-1,,
19384-0900-23.zip,202202141041,’†‹–€ŒSº˜a’¬¼ğ,3667-3,,
19384-0900-23.zip,202202141041,’†‹–€ŒSº˜a’¬¼ğ,3668-1,,
19384-0900-23.zip,202202141041,’†‹–€ŒSº˜a’¬¼ğ,3670-1,,
19384-0900-23.zip,202202141041,’†‹–€ŒSº˜a’¬¼ğ,3670-3,,
19384-0900-23.zip,202202141041,’†‹–€ŒSº˜a’¬¼ğ,3671-3,,
19384-0900-23.zip,202202141041,’†‹–€ŒSº˜a’¬¼ğ,3671-5,,
19384-0900-23.zip,202202141041,’†‹–€ŒSº˜a’¬¼ğ,3672-2,,
19384-0900-23.zip,202202141041,’†‹–€ŒSº˜a’¬¼ğ,3672-4,,
19384-0900-23.zip,202202141041,’†‹–€ŒSº˜a’¬¼ğ,3673-1,,
19384-0900-23.zip,202202141041,’†‹–€ŒSº˜a’¬¼ğ,3673-3,,
19384-0900-23.zip,202202141041,’†‹–€ŒSº˜a’¬¼ğ,3674-1,,
19384-0900-23.zip,202202141041,’†‹–€ŒSº˜a’¬¼ğ,3674-3,,
19384-0900-23.zip,202202141041,’†‹–€ŒSº˜a’¬¼ğ,3674-4,,
19384-0900-23.zip,202202141041,’†‹–€ŒSº˜a’¬¼ğ,3676-1,,
19384-0900-23.zip,202202141041,’†‹–€ŒSº˜a’¬¼ğ,3676-3,,
19384-0900-23.zip,202202141041,’†‹–€ŒSº˜a’¬¼ğ,3676-4,,
19384-0900-23.zip,202202141041,’†‹–€ŒSº˜a’¬¼ğ,3677-1,,
19384-0900-23.zip,202202141041,’†‹–€ŒSº˜a’¬¼ğ,3677-3,,
19384-0900-23.zip,202202141041,’†‹–€ŒSº˜a’¬¼ğ,3677-4,,
19384-0900-23.zip,202202141041,’†‹–€ŒSº˜a’¬¼ğ,3678-3,,
19384-0900-23.zip,202202141041,’†‹–€ŒSº˜a’¬¼ğ,3678-5,,
19384-0900-23.zip,202202141041,’†‹–€ŒSº˜a’¬¼ğ,3679-1,,
19384-0900-23.zip,202202141041,’†‹–€ŒSº˜a’¬¼ğ,3679-2,,
19384-0900-23.zip,202202141041,’†‹–€ŒSº˜a’¬¼ğ,3679-3,,
19384-0900-23.zip,202202141041,’†‹–€ŒSº˜a’¬¼ğ,3679-6,,
19384-0900-23.zip,202202141041,’†‹–€ŒSº˜a’¬¼ğ,3679-7,,
19384-0900-23.zip,202202141041,’†‹–€ŒSº˜a’¬¼ğ,3680-1,,
19384-0900-23.zip,202202141041,’†‹–€ŒSº˜a’¬¼ğ,3680-2,,
19384-0900-23.zip,202202141041,’†‹–€ŒSº˜a’¬¼ğ,3680-3,,
19384-0900-23.zip,202202141041,’†‹–€ŒSº˜a’¬¼ğ,3681-1,,
19384-0900-23.zip,202202141041,’†‹–€ŒSº˜a’¬¼ğ,3681-2,,
19384-0900-23.zip,202202141041,’†‹–€ŒSº˜a’¬¼ğ,3681-3,,
19384-0900-23.zip,202202141041,’†‹–€ŒSº˜a’¬¼ğ,3681-4,,
19384-0900-23.zip,202202141041,’†‹–€ŒSº˜a’¬¼ğ,3681-5,,
19384-0900-23.zip,202202141041,’†‹–€ŒSº˜a’¬¼ğ,3682-1,,
19384-0900-23.zip,202202141041,’†‹–€ŒSº˜a’¬¼ğ,3682-3,,
19384-0900-23.zip,202202141041,’†‹–€ŒSº˜a’¬¼ğ,3682-4,,
19384-0900-23.zip,202202141041,’†‹–€ŒSº˜a’¬¼ğ,3682-6,,
19384-0900-23.zip,202202141041,’†‹–€ŒSº˜a’¬¼ğ,3687-1,,
19384-0900-23.zip,202202141041,’†‹–€ŒSº˜a’¬¼ğ,3687-3,,
19384-0900-23.zip,202202141041,’†‹–€ŒSº˜a’¬¼ğ,3687-4,,
19384-0900-23.zip,202202141041,’†‹–€ŒSº˜a’¬¼ğ,3687-5,,
19384-0900-23.zip,202202141041,’†‹–€ŒSº˜a’¬¼ğ,3688-1,,
19384-0900-23.zip,202202141041,’†‹–€ŒSº˜a’¬¼ğ,3688-2,,
19384-0900-23.zip,202202141041,’†‹–€ŒSº˜a’¬¼ğ,3688-3,,
19384-0900-23.zip,202202141041,’†‹–€ŒSº˜a’¬¼ğ,3689-1,,
19384-0900-23.zip,202202141041,’†‹–€ŒSº˜a’¬¼ğ,3689-2,,
19384-0900-23.zip,202202141041,’†‹–€ŒSº˜a’¬¼ğ,3694,,
19384-0900-23.zip,202202141041,’†‹–€ŒSº˜a’¬¼ğ,3695,,
19384-0900-23.zip,202202141041,’†‹–€ŒSº˜a’¬¼ğ,3696-1,,
19384-0900-23.zip,202202141041,’†‹–€ŒSº˜a’¬¼ğ,3696-2,,
19384-0900-23.zip,202202141041,’†‹–€ŒSº˜a’¬¼ğ,3697-1,,
19384-0900-23.zip,202202141041,’†‹–€ŒSº˜a’¬¼ğ,3697-2,,
19384-0900-23.zip,202202141041,’†‹–€ŒSº˜a’¬¼ğ,3698-1,,
19384-0900-23.zip,202202141041,’†‹–€ŒSº˜a’¬¼ğ,3698-2,,
19384-0900-23.zip,202202141041,’†‹–€ŒSº˜a’¬¼ğ,3700-1,,
19384-0900-23.zip,202202141041,’†‹–€ŒSº˜a’¬¼ğ,3700-2,,
19384-0900-23.zip,202202141041,’†‹–€ŒSº˜a’¬¼ğ,3701,,
19384-0900-23.zip,202202141041,’†‹–€ŒSº˜a’¬¼ğ,3702,,
19384-0900-23.zip,202202141041,’†‹–€ŒSº˜a’¬¼ğ,3704,,
19384-0900-23.zip,202202141041,’†‹–€ŒSº˜a’¬¼ğ,3706,,
19384-0900-23.zip,202202141041,’†‹–€ŒSº˜a’¬¼ğ,3708,,
19384-0900-23.zip,202202141041,’†‹–€ŒSº˜a’¬¼ğ,3709,,
19384-0900-23.zip,202202141041,’†‹–€ŒSº˜a’¬¼ğ,3712,,
19384-0900-23.zip,202202141041,’†‹–€ŒSº˜a’¬¼ğ,3713,,
19384-0900-23.zip,202202141041,’†‹–€ŒSº˜a’¬¼ğ,3716,,
19384-0900-23.zip,202202141041,’†‹–€ŒSº˜a’¬¼ğ,3717,,
19384-0900-23.zip,202202141041,’†‹–€ŒSº˜a’¬¼ğ,3719,,
19384-0900-23.zip,202202141041,’†‹–€ŒSº˜a’¬¼ğ,3720-1,,
19384-0900-23.zip,202202141041,’†‹–€ŒSº˜a’¬¼ğ,3720-2,,
19384-0900-23.zip,202202141041,’†‹–€ŒSº˜a’¬¼ğ,3720-3,,
19384-0900-23.zip,202202141041,’†‹–€ŒSº˜a’¬¼ğ,3721-1,,
19384-0900-23.zip,202202141041,’†‹–€ŒSº˜a’¬¼ğ,3721-2,,
19384-0900-23.zip,202202141041,’†‹–€ŒSº˜a’¬¼ğ,3721-3,,
19384-0900-23.zip,202202141041,’†‹–€ŒSº˜a’¬¼ğ,3721-4,,
19384-0900-23.zip,202202141041,’†‹–€ŒSº˜a’¬¼ğ,3721-5,,
19384-0900-23.zip,202202141041,’†‹–€ŒSº˜a’¬¼ğ,3721-6,,
19384-0900-23.zip,202202141041,’†‹–€ŒSº˜a’¬¼ğ,3721-7,,
19384-0900-23.zip,202202141041,’†‹–€ŒSº˜a’¬¼ğ,3722-1,,
19384-0900-23.zip,202202141041,’†‹–€ŒSº˜a’¬¼ğ,3722-2,,
19384-0900-23.zip,202202141041,’†‹–€ŒSº˜a’¬¼ğ,3725-1,,
19384-0900-23.zip,202202141041,’†‹–€ŒSº˜a’¬¼ğ,3725-2,,
19384-0900-23.zip,202202141041,’†‹–€ŒSº˜a’¬¼ğ,3728-1,,
19384-0900-23.zip,202202141041,’†‹–€ŒSº˜a’¬¼ğ,3730-1,,
19384-0900-23.zip,202202141041,’†‹–€ŒSº˜a’¬¼ğ,3731-4,,
19384-0900-23.zip,202202141041,’†‹–€ŒSº˜a’¬¼ğ,3742-2,,
19384-0900-23.zip,202202141041,’†‹–€ŒSº˜a’¬¼ğ,3744-1,,
19384-0900-23.zip,202202141041,’†‹–€ŒSº˜a’¬¼ğ,3744-2,,
19384-0900-23.zip,202202141041,’†‹–€ŒSº˜a’¬¼ğ,3745-1,,
19384-0900-23.zip,202202141041,’†‹–€ŒSº˜a’¬¼ğ,3745-2,,
19384-0900-23.zip,202202141041,’†‹–€ŒSº˜a’¬¼ğ,3745-3,,
19384-0900-23.zip,202202141041,’†‹–€ŒSº˜a’¬¼ğ,3751-1,,
19384-0900-23.zip,202202141041,’†‹–€ŒSº˜a’¬¼ğ,3760-1,,
19384-0900-23.zip,202202141041,’†‹–€ŒSº˜a’¬¼ğ,3760-4,,
19384-0900-23.zip,202202141041,’†‹–€ŒSº˜a’¬¼ğ,3760-5,,
19384-0900-23.zip,202202141041,’†‹–€ŒSº˜a’¬¼ğ,3760-6,,
19384-0900-23.zip,202202141041,’†‹–€ŒSº˜a’¬¼ğ,3760-7,,
19384-0900-23.zip,202202141041,’†‹–€ŒSº˜a’¬¼ğ,3761-1,,
19384-0900-23.zip,202202141041,’†‹–€ŒSº˜a’¬¼ğ,3761-3,,
19384-0900-23.zip,202202141041,’†‹–€ŒSº˜a’¬¼ğ,3763-1,,
19384-0900-23.zip,202202141041,’†‹–€ŒSº˜a’¬¼ğ,–³’n”Ô-352,,
19384-0900-23.zip,202202141041,’†‹–€ŒSº˜a’¬¼ğ,–³’n”Ô-356,,
19384-0900-23.zip,202202141041,’†‹–€ŒSº˜a’¬¼ğ,“¹-17,,
19384-0900-23.zip,202202141041,’†‹–€ŒSº˜a’¬¼ğ,“¹-118,,
19384-0900-23.zip,202202141041,’†‹–€ŒSº˜a’¬¼ğ,“¹-151,,
19384-0900-23.zip,202202141041,’†‹–€ŒSº˜a’¬¼ğ,“¹-195,,
19384-0900-23.zip,202202141041,’†‹–€ŒSº˜a’¬¼ğ,“¹-213,,
19384-0900-23.zip,202202141041,’†‹–€ŒSº˜a’¬¼ğ,“¹-223,,
19384-0900-23.zip,202202141041,’†‹–€ŒSº˜a’¬¼ğ,“¹-237,,
19384-0900-23.zip,202202141041,’†‹–€ŒSº˜a’¬¼ğ,…-10,,
19384-0900-23.zip,202202141041,’†‹–€ŒSº˜a’¬¼ğ,…-14,,
19384-0900-23.zip,202202141041,’†‹–€ŒSº˜a’¬¼ğ,…-128,,
19384-0900-23.zip,202202141041,’†‹–€ŒSº˜a’¬¼ğ,…-187,,
19384-0900-23.zip,202202141041,’†‹–€ŒSº˜a’¬¼ğ,…-219,,
19384-0900-23.zip,202202141041,’†‹–€ŒSº˜a’¬¼ğ,…-241,,
19384-0900-23.zip,202202141041,’†‹–€ŒSº˜a’¬¼ğ,…-292,,
19384-0900-23.zip,202202141041,’†‹–€ŒSº˜a’¬¼ğ,…-306,,
19384-0900-23.zip,202202141041,’†‹–€ŒSº˜a’¬¼ğ,…-322,,
19384-0900-23.zip,202202141041,’†‹–€ŒSº˜a’¬¼ğ,…-324,,
19384-0900-23.zip,202202141041,’†‹–€ŒSº˜a’¬¼ğ,…-346,,
19384-0900-23.zip,202202141041,’†‹–€ŒSº˜a’¬¼ğ,…-350,,
19384-0900-23.zip,202202141041,’†‹–€ŒSº˜a’¬¼ğ,…-353,,
19384-0900-23.zip,202202141041,’†‹–€ŒSº˜a’¬¼ğ,…-358,,
19384-0900-23.zip,202202141041,’†‹–€ŒSº˜a’¬¼ğ,…-360,,
19384-0900-23.zip,202202141041,’†‹–€ŒSº˜a’¬¼ğ,’·‹·•¨•s–¾-5,,
19384-0900-23.zip,202202141041,’†‹–€ŒSº˜a’¬¼ğ,’·‹·•¨•s–¾-7,,
19384-0900-23.zip,202202141041,’†‹–€ŒSº˜a’¬¼ğ,’·‹·•¨•s–¾-8,,
19384-0900-23.zip,202202141041,’†‹–€ŒSº˜a’¬¼ğ,’·‹·•¨•s–¾-9,,
19384-0900-23.zip,202202141041,’†‹–€ŒSº˜a’¬¼ğ,’·‹·•¨•s–¾-11,,
19384-0900-23.zip,202202141041,’†‹–€ŒSº˜a’¬¼ğ,’·‹·•¨•s–¾-126,,
19384-0900-23.zip,202202141041,’†‹–€ŒSº˜a’¬¼ğ,’·‹·•¨•s–¾-127,,
19384-0900-23.zip,202202141041,’†‹–€ŒSº˜a’¬¼ğ,’·‹·•¨•s–¾-129,,
19384-0900-23.zip,202202141041,’†‹–€ŒSº˜a’¬¼ğ,’·‹·•¨•s–¾-133,,
19384-0900-23.zip,202202141041,’†‹–€ŒSº˜a’¬¼ğ,3765,,
19384-0900-23.zip,202202141041,’†‹–€ŒSº˜a’¬¼ğ,3765-2,,
19384-0900-23.zip,202202141041,’†‹–€ŒSº˜a’¬¼ğ,3782-1,,
19384-0900-23.zip,202202141041,’†‹–€ŒSº˜a’¬¼ğ,3783-2,,
19384-0900-23.zip,202202141041,’†‹–€ŒSº˜a’¬¼ğ,3783-3,,
19384-0900-23.zip,202202141041,’†‹–€ŒSº˜a’¬¼ğ,3783-4,,
19384-0900-23.zip,202202141041,’†‹–€ŒSº˜a’¬¼ğ,3783-5,,
19384-0900-23.zip,202202141041,’†‹–€ŒSº˜a’¬¼ğ,3785-1,,
19384-0900-23.zip,202202141041,’†‹–€ŒSº˜a’¬¼ğ,3785-2,,
19384-0900-23.zip,202202141041,’†‹–€ŒSº˜a’¬¼ğ,3785-3,,
19384-0900-23.zip,202202141041,’†‹–€ŒSº˜a’¬¼ğ,3785-4,,
19384-0900-23.zip,202202141041,’†‹–€ŒSº˜a’¬¼ğ,3785-5,,
19384-0900-23.zip,202202141041,’†‹–€ŒSº˜a’¬¼ğ,3785-6,,
19384-0900-23.zip,202202141041,’†‹–€ŒSº˜a’¬¼ğ,3785-7,,
19384-0900-23.zip,202202141041,’†‹–€ŒSº˜a’¬¼ğ,3785-8,,
19384-0900-23.zip,202202141041,’†‹–€ŒSº˜a’¬¼ğ,3785-9,,
19384-0900-23.zip,202202141041,’†‹–€ŒSº˜a’¬¼ğ,3785-10,,
19384-0900-23.zip,202202141041,’†‹–€ŒSº˜a’¬¼ğ,3785-11,,
19384-0900-23.zip,202202141041,’†‹–€ŒSº˜a’¬¼ğ,3785-12,,
19384-0900-23.zip,202202141041,’†‹–€ŒSº˜a’¬¼ğ,3785-13,,
19384-0900-23.zip,202202141041,’†‹–€ŒSº˜a’¬¼ğ,3786-1,,
19384-0900-23.zip,202202141041,’†‹–€ŒSº˜a’¬¼ğ,3787-1,,
19384-0900-23.zip,202202141041,’†‹–€ŒSº˜a’¬¼ğ,3787-8,,
19384-0900-23.zip,202202141041,’†‹–€ŒSº˜a’¬¼ğ,3788-1,,
19384-0900-23.zip,202202141041,’†‹–€ŒSº˜a’¬¼ğ,3788-2,,
19384-0900-23.zip,202202141041,’†‹–€ŒSº˜a’¬¼ğ,3789,,
19384-0900-23.zip,202202141041,’†‹–€ŒSº˜a’¬¼ğ,3789-2,,
19384-0900-23.zip,202202141041,’†‹–€ŒSº˜a’¬¼ğ,3790,,
19384-0900-23.zip,202202141041,’†‹–€ŒSº˜a’¬¼ğ,3791,,
19384-0900-23.zip,202202141041,’†‹–€ŒSº˜a’¬¼ğ,3794-2,,
19384-0900-23.zip,202202141041,’†‹–€ŒSº˜a’¬¼ğ,3795-2,,
19384-0900-23.zip,202202141041,’†‹–€ŒSº˜a’¬¼ğ,3796,,
19384-0900-23.zip,202202141041,’†‹–€ŒSº˜a’¬¼ğ,3796-2,,
19384-0900-23.zip,202202141041,’†‹–€ŒSº˜a’¬¼ğ,3798,,
19384-0900-23.zip,202202141041,’†‹–€ŒSº˜a’¬¼ğ,3799-2,,
19384-0900-23.zip,202202141041,’†‹–€ŒSº˜a’¬¼ğ,3800-1,,
19384-0900-23.zip,202202141041,’†‹–€ŒSº˜a’¬¼ğ,3800-2,,
19384-0900-23.zip,202202141041,’†‹–€ŒSº˜a’¬¼ğ,3801-1,,
19384-0900-23.zip,202202141041,’†‹–€ŒSº˜a’¬¼ğ,3801-2,,
19384-0900-23.zip,202202141041,’†‹–€ŒSº˜a’¬¼ğ,3802-1,,
19384-0900-23.zip,202202141041,’†‹–€ŒSº˜a’¬¼ğ,3802-2,,
19384-0900-23.zip,202202141041,’†‹–€ŒSº˜a’¬¼ğ,3802-3,,
19384-0900-23.zip,202202141041,’†‹–€ŒSº˜a’¬¼ğ,3802-4,,
19384-0900-23.zip,202202141041,’†‹–€ŒSº˜a’¬¼ğ,3802-5,,
19384-0900-23.zip,202202141041,’†‹–€ŒSº˜a’¬¼ğ,3802-6,,
19384-0900-23.zip,202202141041,’†‹–€ŒSº˜a’¬¼ğ,3803-1,,
19384-0900-23.zip,202202141041,’†‹–€ŒSº˜a’¬¼ğ,3803-2,,
19384-0900-23.zip,202202141041,’†‹–€ŒSº˜a’¬¼ğ,3803-3,,
19384-0900-23.zip,202202141041,’†‹–€ŒSº˜a’¬¼ğ,3803-4,,
19384-0900-23.zip,202202141041,’†‹–€ŒSº˜a’¬¼ğ,3804-1,,
19384-0900-23.zip,202202141041,’†‹–€ŒSº˜a’¬¼ğ,3804-2,,
19384-0900-23.zip,202202141041,’†‹–€ŒSº˜a’¬¼ğ,3804-3,,
19384-0900-23.zip,202202141041,’†‹–€ŒSº˜a’¬¼ğ,3804-4,,
19384-0900-23.zip,202202141041,’†‹–€ŒSº˜a’¬¼ğ,3804-5,,
19384-0900-23.zip,202202141041,’†‹–€ŒSº˜a’¬¼ğ,3804-6,,
19384-0900-23.zip,202202141041,’†‹–€ŒSº˜a’¬¼ğ,3805-1,,
19384-0900-23.zip,202202141041,’†‹–€ŒSº˜a’¬¼ğ,3805-2,,
19384-0900-23.zip,202202141041,’†‹–€ŒSº˜a’¬¼ğ,3805-3,,
19384-0900-23.zip,202202141041,’†‹–€ŒSº˜a’¬¼ğ,3806-1,,
19384-0900-23.zip,202202141041,’†‹–€ŒSº˜a’¬¼ğ,3806-2,,
19384-0900-23.zip,202202141041,’†‹–€ŒSº˜a’¬¼ğ,3806-3,,
19384-0900-23.zip,202202141041,’†‹–€ŒSº˜a’¬¼ğ,3806-5,,
19384-0900-23.zip,202202141041,’†‹–€ŒSº˜a’¬¼ğ,3806-6,,
19384-0900-23.zip,202202141041,’†‹–€ŒSº˜a’¬¼ğ,3807,,
19384-0900-23.zip,202202141041,’†‹–€ŒSº˜a’¬¼ğ,3810-2,,
19384-0900-23.zip,202202141041,’†‹–€ŒSº˜a’¬¼ğ,3810-5,,
19384-0900-23.zip,202202141041,’†‹–€ŒSº˜a’¬¼ğ,3810-6,,
19384-0900-23.zip,202202141041,’†‹–€ŒSº˜a’¬¼ğ,3811-1,,
19384-0900-23.zip,202202141041,’†‹–€ŒSº˜a’¬¼ğ,3811-2,,
19384-0900-23.zip,202202141041,’†‹–€ŒSº˜a’¬¼ğ,3811-3,,
19384-0900-23.zip,202202141041,’†‹–€ŒSº˜a’¬¼ğ,3811-4,,
19384-0900-23.zip,202202141041,’†‹–€ŒSº˜a’¬¼ğ,3811-5,,
19384-0900-23.zip,202202141041,’†‹–€ŒSº˜a’¬¼ğ,3812-1,,
19384-0900-23.zip,202202141041,’†‹–€ŒSº˜a’¬¼ğ,3812-2,,
19384-0900-23.zip,202202141041,’†‹–€ŒSº˜a’¬¼ğ,3812-3,,
19384-0900-23.zip,202202141041,’†‹–€ŒSº˜a’¬¼ğ,3812-4,,
19384-0900-23.zip,202202141041,’†‹–€ŒSº˜a’¬¼ğ,3812-5,,
19384-0900-23.zip,202202141041,’†‹–€ŒSº˜a’¬¼ğ,3812-6,,
19384-0900-23.zip,202202141041,’†‹–€ŒSº˜a’¬¼ğ,3816,,
19384-0900-23.zip,202202141041,’†‹–€ŒSº˜a’¬¼ğ,3817,,
19384-0900-23.zip,202202141041,’†‹–€ŒSº˜a’¬¼ğ,3818,,
19384-0900-23.zip,202202141041,’†‹–€ŒSº˜a’¬¼ğ,3833-1,,
19384-0900-23.zip,202202141041,’†‹–€ŒSº˜a’¬¼ğ,3833-4,,
19384-0900-23.zip,202202141041,’†‹–€ŒSº˜a’¬¼ğ,3833-5,,
19384-0900-23.zip,202202141041,’†‹–€ŒSº˜a’¬¼ğ,3834,,
19384-0900-23.zip,202202141041,’†‹–€ŒSº˜a’¬¼ğ,3837,,
19384-0900-23.zip,202202141041,’†‹–€ŒSº˜a’¬¼ğ,3838-1,,
19384-0900-23.zip,202202141041,’†‹–€ŒSº˜a’¬¼ğ,3840-1,,
19384-0900-23.zip,202202141041,’†‹–€ŒSº˜a’¬¼ğ,3841,,
19384-0900-23.zip,202202141041,’†‹–€ŒSº˜a’¬¼ğ,3843,,
19384-0900-23.zip,202202141041,’†‹–€ŒSº˜a’¬¼ğ,3843-2,,
19384-0900-23.zip,202202141041,’†‹–€ŒSº˜a’¬¼ğ,3844,,
19384-0900-23.zip,202202141041,’†‹–€ŒSº˜a’¬¼ğ,3845-1,,
19384-0900-23.zip,202202141041,’†‹–€ŒSº˜a’¬¼ğ,3845-2,,
19384-0900-23.zip,202202141041,’†‹–€ŒSº˜a’¬¼ğ,3846-2,,
19384-0900-23.zip,202202141041,’†‹–€ŒSº˜a’¬¼ğ,3846-6,,
19384-0900-23.zip,202202141041,’†‹–€ŒSº˜a’¬¼ğ,3846-8,,
19384-0900-23.zip,202202141041,’†‹–€ŒSº˜a’¬¼ğ,3846-9,,
19384-0900-23.zip,202202141041,’†‹–€ŒSº˜a’¬¼ğ,3846-10,,
19384-0900-23.zip,202202141041,’†‹–€ŒSº˜a’¬¼ğ,3846-11,,
19384-0900-23.zip,202202141041,’†‹–€ŒSº˜a’¬¼ğ,3852-3,,
19384-0900-23.zip,202202141041,’†‹–€ŒSº˜a’¬¼ğ,3853-1,,
19384-0900-23.zip,202202141041,’†‹–€ŒSº˜a’¬¼ğ,3853-3,,
19384-0900-23.zip,202202141041,’†‹–€ŒSº˜a’¬¼ğ,3853-4,,
19384-0900-23.zip,202202141041,’†‹–€ŒSº˜a’¬¼ğ,3853-6,,
19384-0900-23.zip,202202141041,’†‹–€ŒSº˜a’¬¼ğ,3853-7,,
19384-0900-23.zip,202202141041,’†‹–€ŒSº˜a’¬¼ğ,3853-8,,
19384-0900-23.zip,202202141041,’†‹–€ŒSº˜a’¬¼ğ,3853-9,,
19384-0900-23.zip,202202141041,’†‹–€ŒSº˜a’¬¼ğ,3853-10,,
19384-0900-23.zip,202202141041,’†‹–€ŒSº˜a’¬¼ğ,3866-4,,
19384-0900-23.zip,202202141041,’†‹–€ŒSº˜a’¬¼ğ,3867-2,,
19384-0900-23.zip,202202141041,’†‹–€ŒSº˜a’¬¼ğ,3867-4,,
19384-0900-23.zip,202202141041,’†‹–€ŒSº˜a’¬¼ğ,3867-5,,
19384-0900-23.zip,202202141041,’†‹–€ŒSº˜a’¬¼ğ,3868-3,,
19384-0900-23.zip,202202141041,’†‹–€ŒSº˜a’¬¼ğ,3869-8,,
19384-0900-23.zip,202202141041,’†‹–€ŒSº˜a’¬¼ğ,3869-9,,
19384-0900-23.zip,202202141041,’†‹–€ŒSº˜a’¬¼ğ,3875-3,,
19384-0900-23.zip,202202141041,’†‹–€ŒSº˜a’¬¼ğ,3876-1,,
19384-0900-23.zip,202202141041,’†‹–€ŒSº˜a’¬¼ğ,3876-2,,
19384-0900-23.zip,202202141041,’†‹–€ŒSº˜a’¬¼ğ,3876-4,,
19384-0900-23.zip,202202141041,’†‹–€ŒSº˜a’¬¼ğ,3876-5,,
19384-0900-23.zip,202202141041,’†‹–€ŒSº˜a’¬¼ğ,3877-1,,
19384-0900-23.zip,202202141041,’†‹–€ŒSº˜a’¬¼ğ,3877-2,,
19384-0900-23.zip,202202141041,’†‹–€ŒSº˜a’¬¼ğ,3877-4,,
19384-0900-23.zip,202202141041,’†‹–€ŒSº˜a’¬¼ğ,3877-5,,
19384-0900-23.zip,202202141041,’†‹–€ŒSº˜a’¬¼ğ,3877-8,,
19384-0900-23.zip,202202141041,’†‹–€ŒSº˜a’¬¼ğ,3877-11,,
19384-0900-23.zip,202202141041,’†‹–€ŒSº˜a’¬¼ğ,3878-7,,
19384-0900-23.zip,202202141041,’†‹–€ŒSº˜a’¬¼ğ,3879-1,,
19384-0900-23.zip,202202141041,’†‹–€ŒSº˜a’¬¼ğ,3879-6,,
19384-0900-23.zip,202202141041,’†‹–€ŒSº˜a’¬¼ğ,3882-3,,
19384-0900-23.zip,202202141041,’†‹–€ŒSº˜a’¬¼ğ,3884-1,,
19384-0900-23.zip,202202141041,’†‹–€ŒSº˜a’¬¼ğ,3888-2,,
19384-0900-23.zip,202202141041,’†‹–€ŒSº˜a’¬¼ğ,3889-3,,
19384-0900-23.zip,202202141041,’†‹–€ŒSº˜a’¬¼ğ,3894-1,,
19384-0900-23.zip,202202141041,’†‹–€ŒSº˜a’¬¼ğ,3894-4,,
19384-0900-23.zip,202202141041,’†‹–€ŒSº˜a’¬¼ğ,3894-5,,
19384-0900-23.zip,202202141041,’†‹–€ŒSº˜a’¬¼ğ,3894-6,,
19384-0900-23.zip,202202141041,’†‹–€ŒSº˜a’¬¼ğ,3900-1,,
19384-0900-23.zip,202202141041,’†‹–€ŒSº˜a’¬¼ğ,3900-3,,
19384-0900-23.zip,202202141041,’†‹–€ŒSº˜a’¬¼ğ,3900-4,,
19384-0900-23.zip,202202141041,’†‹–€ŒSº˜a’¬¼ğ,3900-6,,
19384-0900-23.zip,202202141041,’†‹–€ŒSº˜a’¬¼ğ,3901-1,,
19384-0900-23.zip,202202141041,’†‹–€ŒSº˜a’¬¼ğ,3901-4,,
19384-0900-23.zip,202202141041,’†‹–€ŒSº˜a’¬¼ğ,3901-8,,
19384-0900-23.zip,202202141041,’†‹–€ŒSº˜a’¬¼ğ,3902-3,,
19384-0900-23.zip,202202141041,’†‹–€ŒSº˜a’¬¼ğ,3902-4,,
19384-0900-23.zip,202202141041,’†‹–€ŒSº˜a’¬¼ğ,3903-1,,
19384-0900-23.zip,202202141041,’†‹–€ŒSº˜a’¬¼ğ,3903-3,,
19384-0900-23.zip,202202141041,’†‹–€ŒSº˜a’¬¼ğ,3903-4,,
19384-0900-23.zip,202202141041,’†‹–€ŒSº˜a’¬¼ğ,3904-3,,
19384-0900-23.zip,202202141041,’†‹–€ŒSº˜a’¬¼ğ,3904-4,,
19384-0900-23.zip,202202141041,’†‹–€ŒSº˜a’¬¼ğ,3905-4,,
19384-0900-23.zip,202202141041,’†‹–€ŒSº˜a’¬¼ğ,3906-1,,
19384-0900-23.zip,202202141041,’†‹–€ŒSº˜a’¬¼ğ,3910,,
19384-0900-23.zip,202202141041,’†‹–€ŒSº˜a’¬¼ğ,3911-1,,
19384-0900-23.zip,202202141041,’†‹–€ŒSº˜a’¬¼ğ,3912-1,,
19384-0900-23.zip,202202141041,’†‹–€ŒSº˜a’¬¼ğ,3912-6,,
19384-0900-23.zip,202202141041,’†‹–€ŒSº˜a’¬¼ğ,3912-7,,
19384-0900-23.zip,202202141041,’†‹–€ŒSº˜a’¬¼ğ,3912-8,,
19384-0900-23.zip,202202141041,’†‹–€ŒSº˜a’¬¼ğ,3913-1,,
19384-0900-23.zip,202202141041,’†‹–€ŒSº˜a’¬¼ğ,3913-3,,
19384-0900-23.zip,202202141041,’†‹–€ŒSº˜a’¬¼ğ,“¹-11,,
19384-0900-23.zip,202202141041,’†‹–€ŒSº˜a’¬¼ğ,“¹-128,,
19384-0900-23.zip,202202141041,’†‹–€ŒSº˜a’¬¼ğ,“¹-146,,
19384-0900-23.zip,202202141041,’†‹–€ŒSº˜a’¬¼ğ,“¹-167,,
19384-0900-23.zip,202202141041,’†‹–€ŒSº˜a’¬¼ğ,“¹-236,,
19384-0900-23.zip,202202141041,’†‹–€ŒSº˜a’¬¼ğ,“¹-257,,
19384-0900-23.zip,202202141041,’†‹–€ŒSº˜a’¬¼ğ,“¹-3802-6,,
19384-0900-23.zip,202202141041,’†‹–€ŒSº˜a’¬¼ğ,…-7,,
19384-0900-23.zip,202202141041,’†‹–€ŒSº˜a’¬¼ğ,…-121,,
19384-0900-23.zip,202202141041,’†‹–€ŒSº˜a’¬¼ğ,…-179,,
19384-0900-23.zip,202202141041,’†‹–€ŒSº˜a’¬¼ğ,…-196,,
19384-0900-23.zip,202202141041,’†‹–€ŒSº˜a’¬¼ğ,…-250,,
19384-0900-23.zip,202202141041,’†‹–€ŒSº˜a’¬¼ğ,…-278,,
19384-0900-23.zip,202202141041,’†‹–€ŒSº˜a’¬¼ğ,’·‹·•¨•s–¾-124,,
19384-0900-23.zip,202202141041,’†‹–€ŒSº˜a’¬¼ğ,4110-1,,
19384-0900-23.zip,202202141041,’†‹–€ŒSº˜a’¬¼ğ,4110-2,,
19384-0900-23.zip,202202141041,’†‹–€ŒSº˜a’¬¼ğ,4110-3,,
19384-0900-23.zip,202202141041,’†‹–€ŒSº˜a’¬¼ğ,4111-1,,
19384-0900-23.zip,202202141041,’†‹–€ŒSº˜a’¬¼ğ,4111-2,,
19384-0900-23.zip,202202141041,’†‹–€ŒSº˜a’¬¼ğ,4112,,
19384-0900-23.zip,202202141041,’†‹–€ŒSº˜a’¬¼ğ,4112-2,,
19384-0900-23.zip,202202141041,’†‹–€ŒSº˜a’¬¼ğ,4118,,
19384-0900-23.zip,202202141041,’†‹–€ŒSº˜a’¬¼ğ,4119-2,,
19384-0900-23.zip,202202141041,’†‹–€ŒSº˜a’¬¼ğ,4121-2,,
19384-0900-23.zip,202202141041,’†‹–€ŒSº˜a’¬¼ğ,4123-1,,
19384-0900-23.zip,202202141041,’†‹–€ŒSº˜a’¬¼ğ,4123-2,,
19384-0900-23.zip,202202141041,’†‹–€ŒSº˜a’¬¼ğ,4123-4,,
19384-0900-23.zip,202202141041,’†‹–€ŒSº˜a’¬¼ğ,4127-2,,
19384-0900-23.zip,202202141041,’†‹–€ŒSº˜a’¬¼ğ,4129,,
19384-0900-23.zip,202202141041,’†‹–€ŒSº˜a’¬¼ğ,4130,,
19384-0900-23.zip,202202141041,’†‹–€ŒSº˜a’¬¼ğ,“¹-166,,
19384-0900-23.zip,202202141041,’†‹–€ŒSº˜a’¬¼ğ,…-366,,
19384-0900-23.zip,202202141041,’†‹–€ŒSº˜a’¬¼ğ,4136,,
19384-0900-23.zip,202202141041,’†‹–€ŒSº˜a’¬¼ğ,4137,,
19384-0900-23.zip,202202141041,’†‹–€ŒSº˜a’¬¼ğ,4138,,
19384-0900-23.zip,202202141041,’†‹–€ŒSº˜a’¬¼ğ,4140,,
19384-0900-23.zip,202202141041,’†‹–€ŒSº˜a’¬¼ğ,4141,,
19384-0900-23.zip,202202141041,’†‹–€ŒSº˜a’¬¼ğ,4142,,
19384-0900-23.zip,202202141041,’†‹–€ŒSº˜a’¬¼ğ,4143,,
19384-0900-23.zip,202202141041,’†‹–€ŒSº˜a’¬¼ğ,4146-1,,
19384-0900-23.zip,202202141041,’†‹–€ŒSº˜a’¬¼ğ,4146-2,,
19384-0900-23.zip,202202141041,’†‹–€ŒSº˜a’¬¼ğ,4146-4,,
19384-0900-23.zip,202202141041,’†‹–€ŒSº˜a’¬¼ğ,4146-5,,
19384-0900-23.zip,202202141041,’†‹–€ŒSº˜a’¬¼ğ,4146-6,,
19384-0900-23.zip,202202141041,’†‹–€ŒSº˜a’¬¼ğ,4147,,
19384-0900-23.zip,202202141041,’†‹–€ŒSº˜a’¬¼ğ,4148-1,,
19384-0900-23.zip,202202141041,’†‹–€ŒSº˜a’¬¼ğ,4150-2,,
19384-0900-23.zip,202202141041,’†‹–€ŒSº˜a’¬¼ğ,4152,,
19384-0900-23.zip,202202141041,’†‹–€ŒSº˜a’¬¼ğ,4153,,
19384-0900-23.zip,202202141041,’†‹–€ŒSº˜a’¬¼ğ,4156,,
19384-0900-23.zip,202202141041,’†‹–€ŒSº˜a’¬¼ğ,4157,,
19384-0900-23.zip,202202141041,’†‹–€ŒSº˜a’¬¼ğ,4158,,
19384-0900-23.zip,202202141041,’†‹–€ŒSº˜a’¬¼ğ,4159,,
19384-0900-23.zip,202202141041,’†‹–€ŒSº˜a’¬¼ğ,4160,,
19384-0900-23.zip,202202141041,’†‹–€ŒSº˜a’¬¼ğ,4161,,
19384-0900-23.zip,202202141041,’†‹–€ŒSº˜a’¬¼ğ,4162-1,,
19384-0900-23.zip,202202141041,’†‹–€ŒSº˜a’¬¼ğ,4162-2,,
19384-0900-23.zip,202202141041,’†‹–€ŒSº˜a’¬¼ğ,4162-3,,
19384-0900-23.zip,202202141041,’†‹–€ŒSº˜a’¬¼ğ,4162-4,,
19384-0900-23.zip,202202141041,’†‹–€ŒSº˜a’¬¼ğ,4162-5,,
19384-0900-23.zip,202202141041,’†‹–€ŒSº˜a’¬¼ğ,4163-1,,
19384-0900-23.zip,202202141041,’†‹–€ŒSº˜a’¬¼ğ,4163-2,,
19384-0900-23.zip,202202141041,’†‹–€ŒSº˜a’¬¼ğ,4164-1,,
19384-0900-23.zip,202202141041,’†‹–€ŒSº˜a’¬¼ğ,4164-2,,
19384-0900-23.zip,202202141041,’†‹–€ŒSº˜a’¬¼ğ,4164-3,,
19384-0900-23.zip,202202141041,’†‹–€ŒSº˜a’¬¼ğ,4164-4,,
19384-0900-23.zip,202202141041,’†‹–€ŒSº˜a’¬¼ğ,4164-5,,
19384-0900-23.zip,202202141041,’†‹–€ŒSº˜a’¬¼ğ,4164-6,,
19384-0900-23.zip,202202141041,’†‹–€ŒSº˜a’¬¼ğ,4164-7,,
19384-0900-23.zip,202202141041,’†‹–€ŒSº˜a’¬¼ğ,4164-8,,
19384-0900-23.zip,202202141041,’†‹–€ŒSº˜a’¬¼ğ,4164-9,,
19384-0900-23.zip,202202141041,’†‹–€ŒSº˜a’¬¼ğ,4164-10,,
19384-0900-23.zip,202202141041,’†‹–€ŒSº˜a’¬¼ğ,4165,,
19384-0900-23.zip,202202141041,’†‹–€ŒSº˜a’¬¼ğ,4166-1,,
19384-0900-23.zip,202202141041,’†‹–€ŒSº˜a’¬¼ğ,4166-2,,
19384-0900-23.zip,202202141041,’†‹–€ŒSº˜a’¬¼ğ,4167-1,,
19384-0900-23.zip,202202141041,’†‹–€ŒSº˜a’¬¼ğ,4167-2,,
19384-0900-23.zip,202202141041,’†‹–€ŒSº˜a’¬¼ğ,4168,,
19384-0900-23.zip,202202141041,’†‹–€ŒSº˜a’¬¼ğ,4169,,
19384-0900-23.zip,202202141041,’†‹–€ŒSº˜a’¬¼ğ,4170,,
19384-0900-23.zip,202202141041,’†‹–€ŒSº˜a’¬¼ğ,4171,,
19384-0900-23.zip,202202141041,’†‹–€ŒSº˜a’¬¼ğ,4172,,
19384-0900-23.zip,202202141041,’†‹–€ŒSº˜a’¬¼ğ,4175,,
19384-0900-23.zip,202202141041,’†‹–€ŒSº˜a’¬¼ğ,4176,,
19384-0900-23.zip,202202141041,’†‹–€ŒSº˜a’¬¼ğ,4177-1,,
19384-0900-23.zip,202202141041,’†‹–€ŒSº˜a’¬¼ğ,4177-2,,
19384-0900-23.zip,202202141041,’†‹–€ŒSº˜a’¬¼ğ,4178-1,,
19384-0900-23.zip,202202141041,’†‹–€ŒSº˜a’¬¼ğ,4178-2,,
19384-0900-23.zip,202202141041,’†‹–€ŒSº˜a’¬¼ğ,4179,,
19384-0900-23.zip,202202141041,’†‹–€ŒSº˜a’¬¼ğ,4180,,
19384-0900-23.zip,202202141041,’†‹–€ŒSº˜a’¬¼ğ,4181-1,,
19384-0900-23.zip,202202141041,’†‹–€ŒSº˜a’¬¼ğ,4181-2,,
19384-0900-23.zip,202202141041,’†‹–€ŒSº˜a’¬¼ğ,4182-6,,
19384-0900-23.zip,202202141041,’†‹–€ŒSº˜a’¬¼ğ,4182-8,,
19384-0900-23.zip,202202141041,’†‹–€ŒSº˜a’¬¼ğ,4182-9,,
19384-0900-23.zip,202202141041,’†‹–€ŒSº˜a’¬¼ğ,4182-11,,
19384-0900-23.zip,202202141041,’†‹–€ŒSº˜a’¬¼ğ,4182-12,,
19384-0900-23.zip,202202141041,’†‹–€ŒSº˜a’¬¼ğ,4182-13,,
19384-0900-23.zip,202202141041,’†‹–€ŒSº˜a’¬¼ğ,4182-15,,
19384-0900-23.zip,202202141041,’†‹–€ŒSº˜a’¬¼ğ,4182-16,,
19384-0900-23.zip,202202141041,’†‹–€ŒSº˜a’¬¼ğ,4182-17,,
19384-0900-23.zip,202202141041,’†‹–€ŒSº˜a’¬¼ğ,4182-18,,
19384-0900-23.zip,202202141041,’†‹–€ŒSº˜a’¬¼ğ,4183-3,,
19384-0900-23.zip,202202141041,’†‹–€ŒSº˜a’¬¼ğ,4183-4,,
19384-0900-23.zip,202202141041,’†‹–€ŒSº˜a’¬¼ğ,4183-5,,
19384-0900-23.zip,202202141041,’†‹–€ŒSº˜a’¬¼ğ,4183-6,,
19384-0900-23.zip,202202141041,’†‹–€ŒSº˜a’¬¼ğ,4184-1,,
19384-0900-23.zip,202202141041,’†‹–€ŒSº˜a’¬¼ğ,4184-3,,
19384-0900-23.zip,202202141041,’†‹–€ŒSº˜a’¬¼ğ,4185-1,,
19384-0900-23.zip,202202141041,’†‹–€ŒSº˜a’¬¼ğ,4185-2,,
19384-0900-23.zip,202202141041,’†‹–€ŒSº˜a’¬¼ğ,4185-4,,
19384-0900-23.zip,202202141041,’†‹–€ŒSº˜a’¬¼ğ,4185-5,,
19384-0900-23.zip,202202141041,’†‹–€ŒSº˜a’¬¼ğ,4185-7,,
19384-0900-23.zip,202202141041,’†‹–€ŒSº˜a’¬¼ğ,4187-2,,
19384-0900-23.zip,202202141041,’†‹–€ŒSº˜a’¬¼ğ,4188-3,,
19384-0900-23.zip,202202141041,’†‹–€ŒSº˜a’¬¼ğ,4193-1,,
19384-0900-23.zip,202202141041,’†‹–€ŒSº˜a’¬¼ğ,4193-2,,
19384-0900-23.zip,202202141041,’†‹–€ŒSº˜a’¬¼ğ,4194,,
19384-0900-23.zip,202202141041,’†‹–€ŒSº˜a’¬¼ğ,4195,,
19384-0900-23.zip,202202141041,’†‹–€ŒSº˜a’¬¼ğ,4196-1,,
19384-0900-23.zip,202202141041,’†‹–€ŒSº˜a’¬¼ğ,4196-3,,
19384-0900-23.zip,202202141041,’†‹–€ŒSº˜a’¬¼ğ,4197,,
19384-0900-23.zip,202202141041,’†‹–€ŒSº˜a’¬¼ğ,4198,,
19384-0900-23.zip,202202141041,’†‹–€ŒSº˜a’¬¼ğ,4199,,
19384-0900-23.zip,202202141041,’†‹–€ŒSº˜a’¬¼ğ,4200,,
19384-0900-23.zip,202202141041,’†‹–€ŒSº˜a’¬¼ğ,4201,,
19384-0900-23.zip,202202141041,’†‹–€ŒSº˜a’¬¼ğ,4203,,
19384-0900-23.zip,202202141041,’†‹–€ŒSº˜a’¬¼ğ,4204,,
19384-0900-23.zip,202202141041,’†‹–€ŒSº˜a’¬¼ğ,“¹-145,,
19384-0900-23.zip,202202141041,’†‹–€ŒSº˜a’¬¼ğ,“¹-192,,
19384-0900-23.zip,202202141041,’†‹–€ŒSº˜a’¬¼ğ,…-136,,
19384-0900-23.zip,202202141041,’†‹–€ŒSº˜a’¬¼ğ,…-160,,
19384-0900-23.zip,202202141041,’†‹–€ŒSº˜a’¬¼ğ,…-186,,
19384-0900-23.zip,202202141041,’†‹–€ŒSº˜a’¬¼ğ,4205-1,,
19384-0900-23.zip,202202141041,’†‹–€ŒSº˜a’¬¼ğ,4205-3,,
19384-0900-23.zip,202202141041,’†‹–€ŒSº˜a’¬¼ğ,4207,,
19384-0900-23.zip,202202141041,’†‹–€ŒSº˜a’¬¼ğ,4208,,
19384-0900-23.zip,202202141041,’†‹–€ŒSº˜a’¬¼ğ,4209,,
19384-0900-23.zip,202202141041,’†‹–€ŒSº˜a’¬¼ğ,4210-1,,
19384-0900-23.zip,202202141041,’†‹–€ŒSº˜a’¬¼ğ,4210-3,,
19384-0900-23.zip,202202141041,’†‹–€ŒSº˜a’¬¼ğ,4212-1,,
19384-0900-23.zip,202202141041,’†‹–€ŒSº˜a’¬¼ğ,4212-3,,
19384-0900-23.zip,202202141041,’†‹–€ŒSº˜a’¬¼ğ,4213-1,,
19384-0900-23.zip,202202141041,’†‹–€ŒSº˜a’¬¼ğ,4214,,
19384-0900-23.zip,202202141041,’†‹–€ŒSº˜a’¬¼ğ,4215,,
19384-0900-23.zip,202202141041,’†‹–€ŒSº˜a’¬¼ğ,4217-1,,
19384-0900-23.zip,202202141041,’†‹–€ŒSº˜a’¬¼ğ,4217-3,,
19384-0900-23.zip,202202141041,’†‹–€ŒSº˜a’¬¼ğ,4218,,
19384-0900-23.zip,202202141041,’†‹–€ŒSº˜a’¬¼ğ,4219-1,,
19384-0900-23.zip,202202141041,’†‹–€ŒSº˜a’¬¼ğ,4220,,
19384-0900-23.zip,202202141041,’†‹–€ŒSº˜a’¬¼ğ,4221-1,,
19384-0900-23.zip,202202141041,’†‹–€ŒSº˜a’¬¼ğ,4221-3,,
19384-0900-23.zip,202202141041,’†‹–€ŒSº˜a’¬¼ğ,4223-1,,
19384-0900-23.zip,202202141041,’†‹–€ŒSº˜a’¬¼ğ,4225,,
19384-0900-23.zip,202202141041,’†‹–€ŒSº˜a’¬¼ğ,4227-1,,
19384-0900-23.zip,202202141041,’†‹–€ŒSº˜a’¬¼ğ,4227-2,,
19384-0900-23.zip,202202141041,’†‹–€ŒSº˜a’¬¼ğ,4229-1,,
19384-0900-23.zip,202202141041,’†‹–€ŒSº˜a’¬¼ğ,4229-3,,
19384-0900-23.zip,202202141041,’†‹–€ŒSº˜a’¬¼ğ,4229-4,,
19384-0900-23.zip,202202141041,’†‹–€ŒSº˜a’¬¼ğ,4229-5,,
19384-0900-23.zip,202202141041,’†‹–€ŒSº˜a’¬¼ğ,4230-1,,
19384-0900-23.zip,202202141041,’†‹–€ŒSº˜a’¬¼ğ,4230-2,,
19384-0900-23.zip,202202141041,’†‹–€ŒSº˜a’¬¼ğ,4230-5,,
19384-0900-23.zip,202202141041,’†‹–€ŒSº˜a’¬¼ğ,4230-6,,
19384-0900-23.zip,202202141041,’†‹–€ŒSº˜a’¬¼ğ,4230-7,,
19384-0900-23.zip,202202141041,’†‹–€ŒSº˜a’¬¼ğ,4230-11,,
19384-0900-23.zip,202202141041,’†‹–€ŒSº˜a’¬¼ğ,4231,,
19384-0900-23.zip,202202141041,’†‹–€ŒSº˜a’¬¼ğ,4232,,
19384-0900-23.zip,202202141041,’†‹–€ŒSº˜a’¬¼ğ,4237,,
19384-0900-23.zip,202202141041,’†‹–€ŒSº˜a’¬¼ğ,4238,,
19384-0900-23.zip,202202141041,’†‹–€ŒSº˜a’¬¼ğ,4239,,
19384-0900-23.zip,202202141041,’†‹–€ŒSº˜a’¬¼ğ,4240,,
19384-0900-23.zip,202202141041,’†‹–€ŒSº˜a’¬¼ğ,4241-1,,
19384-0900-23.zip,202202141041,’†‹–€ŒSº˜a’¬¼ğ,4242-2,,
19384-0900-23.zip,202202141041,’†‹–€ŒSº˜a’¬¼ğ,4243-1,,
19384-0900-23.zip,202202141041,’†‹–€ŒSº˜a’¬¼ğ,4244,,
19384-0900-23.zip,202202141041,’†‹–€ŒSº˜a’¬¼ğ,4245-1,,
19384-0900-23.zip,202202141041,’†‹–€ŒSº˜a’¬¼ğ,4245-2,,
19384-0900-23.zip,202202141041,’†‹–€ŒSº˜a’¬¼ğ,4245-3,,
19384-0900-23.zip,202202141041,’†‹–€ŒSº˜a’¬¼ğ,4245-4,,
19384-0900-23.zip,202202141041,’†‹–€ŒSº˜a’¬¼ğ,4246-1,,
19384-0900-23.zip,202202141041,’†‹–€ŒSº˜a’¬¼ğ,4246-2,,
19384-0900-23.zip,202202141041,’†‹–€ŒSº˜a’¬¼ğ,4247,,
19384-0900-23.zip,202202141041,’†‹–€ŒSº˜a’¬¼ğ,“¹-158,,
19384-0900-23.zip,202202141041,’†‹–€ŒSº˜a’¬¼ğ,“¹-181,,
19384-0900-23.zip,202202141041,’†‹–€ŒSº˜a’¬¼ğ,…-8,,
19384-0900-23.zip,202202141041,’†‹–€ŒSº˜a’¬¼ğ,…-169,,
19384-0900-23.zip,202202141041,’†‹–€ŒSº˜a’¬¼ğ,…-172,,
19384-0900-23.zip,202202141041,’†‹–€ŒSº˜a’¬¼ğ,…-243,,
19384-0900-23.zip,202202141041,’†‹–€ŒSº˜a’¬¼ğ,…-266,,
19384-0900-23.zip,202202141041,’†‹–€ŒSº˜a’¬¼ğ,3838-3,,
19384-0900-23.zip,202202141041,’†‹–€ŒSº˜a’¬¼ğ,3859-4,,
19384-0900-23.zip,202202141041,’†‹–€ŒSº˜a’¬¼ğ,3859-1,,
19384-0900-23.zip,202202141041,’†‹–€ŒSº˜a’¬¼ğ,3859-6,,
19384-0900-23.zip,202202141041,’†‹–€ŒSº˜a’¬¼ğ,3859-5,,
19384-0900-23.zip,202202141041,’†‹–€ŒSº˜a’¬¼ğ,3853-11,,
19384-0900-23.zip,202202141041,’†‹–€ŒSº˜a’¬¼ğ,33,,
19384-0900-23.zip,202202141041,’†‹–€ŒSº˜a’¬¼ğ,31-3,,
19384-0900-23.zip,202202141041,’†‹–€ŒSº˜a’¬¼ğ,2947-6,,
19384-0900-23.zip,202202141041,’†‹–€ŒSº˜a’¬¼ğ,2947-1,,
19384-0900-23.zip,202202141041,’†‹–€ŒSº˜a’¬¼ğ,2947-5,,
19384-0900-23.zip,202202141041,’†‹–€ŒSº˜a’¬¼ğ,2947-2,,
19384-0900-23.zip,202202141041,’†‹–€ŒSº˜a’¬¼ğ,2947-3,,
19384-0900-23.zip,202202141041,’†‹–€ŒSº˜a’¬¼ğ,2948-1,,
19384-0900-23.zip,202202141041,’†‹–€ŒSº˜a’¬¼ğ,2948-4,,
19384-0900-23.zip,202202141041,’†‹–€ŒSº˜a’¬¼ğ,…-21,,
19384-0900-23.zip,202202141041,’†‹–€ŒSº˜a’¬¼ğ,3859-7,,
19384-0900-23.zip,202202141041,’†‹–€ŒSº˜a’¬¼ğ,…-167,,
19384-0900-23.zip,202202141041,’†‹–€ŒSº˜a’¬¼ğ,3838-6,,
19384-0900-23.zip,202202141041,’†‹–€ŒSº˜a’¬¼ğ,3781-3,,
19384-0900-23.zip,202202141041,’†‹–€ŒSº˜a’¬¼ğ,3859-8,,
19384-0900-23.zip,202202141041,’†‹–€ŒSº˜a’¬¼ğ,3859-2,,
19384-0900-23.zip,202202141041,’†‹–€ŒSº˜a’¬¼ğ,3859-9,,
19384-0900-23.zip,202202141041,’†‹–€ŒSº˜a’¬¼ğ,…-132,,
19384-0900-23.zip,202202141041,’†‹–€ŒSº˜a’¬¼ğ,3859-3,,
19384-0900-23.zip,202202141041,’†‹–€ŒSº˜a’¬¼ğ,3372-1,,
19384-0900-23.zip,202202141041,’†‹–€ŒSº˜a’¬¼ğ,3372-2,,
19384-0900-23.zip,202202141041,’†‹–€ŒSº˜a’¬¼ğ,3370-1,,
19384-0900-23.zip,202202141041,’†‹–€ŒSº˜a’¬¼ğ,3409-4,,
19384-0900-23.zip,202202141041,’†‹–€ŒSº˜a’¬¼ğ,31-5,,
19384-0900-23.zip,202202141041,’†‹–€ŒSº˜a’¬¼ğ,31-4,,
19384-0900-23.zip,202202141041,’†‹–€ŒSº˜a’¬¼ğ,…-223,,
19384-0900-23.zip,202202141041,’†‹–€ŒSº˜a’¬¼ğ,31-6,,
19384-0900-23.zip,202202141041,’†‹–€ŒSº˜a’¬¼ğ,35-1,,
19384-0900-23.zip,202202141041,’†‹–€ŒSº˜a’¬¼ğ,3785-14,,
19384-0900-23.zip,202202141041,’†‹–€ŒSº˜a’¬¼ğ,…-229,,
19384-0900-23.zip,202202141041,’†‹–€ŒSº˜a’¬¼ğ,3783-1,,
19384-0900-23.zip,202202141041,’†‹–€ŒSº˜a’¬¼ğ,31-7,,
19384-0900-23.zip,202202141041,’†‹–€ŒSº˜a’¬¼ğ,31-8,,
19384-0900-23.zip,202202141041,’†‹–€ŒSº˜a’¬¼ğ,…-223-1,,
19384-0900-23.zip,202202141041,’†‹–€ŒSº˜a’¬¼ğ,2546-1,,
19384-0900-23.zip,202202141041,’†‹–€ŒSº˜a’¬¼ğ,2546-2,,
19384-0900-23.zip,202202141041,’†‹–€ŒSº˜a’¬¼ğ,2545-8,,
19384-0900-23.zip,202202141041,’†‹–€ŒSº˜a’¬¼ğ,2545-2,,
19384-0900-23.zip,202202141041,’†‹–€ŒSº˜a’¬¼ğ,2545-1,,
19384-0900-23.zip,202202141041,’†‹–€ŒSº˜a’¬¼ğ,2645-9,,
19384-0900-23.zip,202202141041,’†‹–€ŒSº˜a’¬¼ğ,2645-4,,
19384-0900-23.zip,202202141041,’†‹–€ŒSº˜a’¬¼ğ,“¹-164-1,,
19384-0900-23.zip,202202141041,’†‹–€ŒSº˜a’¬¼ğ,2645-8,,
19384-0900-23.zip,202202141041,’†‹–€ŒSº˜a’¬¼ğ,2645-1,,
19384-0900-23.zip,202202141041,’†‹–€ŒSº˜a’¬¼ğ,2645-10,,
19384-0900-23.zip,202202141041,’†‹–€ŒSº˜a’¬¼ğ,2627-15,,
19384-0900-23.zip,202202141041,’†‹–€ŒSº˜a’¬¼ğ,2627-9,,
19384-0900-23.zip,202202141041,’†‹–€ŒSº˜a’¬¼ğ,2627-1,,
19384-0900-23.zip,202202141041,’†‹–€ŒSº˜a’¬¼ğ,2629-8,,
19384-0900-23.zip,202202141041,’†‹–€ŒSº˜a’¬¼ğ,2944-1,,
19384-0900-23.zip,202202141041,’†‹–€ŒSº˜a’¬¼ğ,2942-3,,
19384-0900-23.zip,202202141041,’†‹–€ŒSº˜a’¬¼ğ,4174-1,,
19384-0900-23.zip,202202141041,’†‹–€ŒSº˜a’¬¼ğ,4174-2,,
19384-0900-23.zip,202202141041,’†‹–€ŒSº˜a’¬¼ğ,4173,,
19384-0900-23.zip,202202141041,’†‹–€ŒSº˜a’¬¼ğ,2645-12,,
19384-0900-23.zip,202202141041,’†‹–€ŒSº˜a’¬¼ğ,2645-11,,
19384-0900-23.zip,202202141041,’†‹–€ŒSº˜a’¬¼ğ,2645-2,,
19384-0900-23.zip,202202141041,’†‹–€ŒSº˜a’¬¼ğ,2944-4,,
19384-0900-23.zip,202202141041,’†‹–€ŒSº˜a’¬¼ğ,2944-5,,
19384-0900-23.zip,202202141041,’†‹–€ŒSº˜a’¬¼ğ,2944-6,,
19384-0900-23.zip,202202141041,’†‹–€ŒSº˜a’¬¼ğ,2945-5,,
19384-0900-23.zip,202202141041,’†‹–€ŒSº˜a’¬¼ğ,2945-6,,
19384-0900-23.zip,202202141041,’†‹–€ŒSº˜a’¬¼ğ,2945-7,,
19384-0900-23.zip,202202141041,’†‹–€ŒSº˜a’¬¼ğ,2945-9,,
19384-0900-23.zip,202202141041,’†‹–€ŒSº˜a’¬¼ğ,2945-8,,
19384-0900-23.zip,202202141041,’†‹–€ŒSº˜a’¬¼ğ,2945-1,,
19384-0900-23.zip,202202141041,’†‹–€ŒSº˜a’¬¼ğ,2946,,
19384-0900-23.zip,202202141041,’†‹–€ŒSº˜a’¬¼ğ,2631-2,,
19384-0900-23.zip,202202141041,’†‹–€ŒSº˜a’¬¼ğ,2631-9,,
19384-0900-23.zip,202202141041,’†‹–€ŒSº˜a’¬¼ğ,2631-8,,
19384-0900-23.zip,202202141041,’†‹–€ŒSº˜a’¬¼ğ,2333-1,,
19384-0900-23.zip,202202141041,’†‹–€ŒSº˜a’¬¼ğ,…-166-1,,
19384-0900-23.zip,202202141041,’†‹–€ŒSº˜a’¬¼ğ,3533-4,,
19384-0900-23.zip,202202141041,’†‹–€ŒSº˜a’¬¼ğ,3517,,
19384-0900-23.zip,202202141041,’†‹–€ŒSº˜a’¬¼ğ,3543-7,,
19384-0900-23.zip,202202141041,’†‹–€ŒSº˜a’¬¼ğ,3553-12,,
19384-0900-23.zip,202202141041,’†‹–€ŒSº˜a’¬¼ğ,…-166,,
19384-0900-23.zip,202202141041,’†‹–€ŒSº˜a’¬¼ğ,3569-6,,
19384-0900-23.zip,202202141041,’†‹–€ŒSº˜a’¬¼ğ,3553-6,,
19384-0900-23.zip,202202141041,’†‹–€ŒSº˜a’¬¼ğ,3554-3,,
19384-0900-23.zip,202202141041,’†‹–€ŒSº˜a’¬¼ğ,…-260,,
19384-0900-23.zip,202202141041,’†‹–€ŒSº˜a’¬¼ğ,…-260-1,,
19384-0900-23.zip,202202141041,’†‹–€ŒSº˜a’¬¼ğ,2307-11,,
19384-0900-23.zip,202202141041,’†‹–€ŒSº˜a’¬¼ğ,2331-5,,
19384-0900-23.zip,202202141041,’†‹–€ŒSº˜a’¬¼ğ,2331-3,,
19384-0900-23.zip,202202141041,’†‹–€ŒSº˜a’¬¼ğ,4188-1,,
19384-0900-23.zip,202202141041,’†‹–€ŒSº˜a’¬¼ğ,4188-4,,
19384-0900-23.zip,202202141041,’†‹–€ŒSº˜a’¬¼ğ,4187-1,,
19384-0900-23.zip,202202141041,’†‹–€ŒSº˜a’¬¼ğ,4188-2,,
19384-0900-23.zip,202202141041,’†‹–€ŒSº˜a’¬¼ğ,2473-3,,
19384-0900-23.zip,202202141041,’†‹–€ŒSº˜a’¬¼ğ,…-213-1,,
19384-0900-23.zip,202202141041,’†‹–€ŒSº˜a’¬¼ğ,2407-5,,
19384-0900-23.zip,202202141041,’†‹–€ŒSº˜a’¬¼ğ,2366-6,,
19384-0900-23.zip,202202141041,’†‹–€ŒSº˜a’¬¼ğ,2415-12,,
19384-0900-23.zip,202202141041,’†‹–€ŒSº˜a’¬¼ğ,2415-14,,
19384-0900-23.zip,202202141041,’†‹–€ŒSº˜a’¬¼ğ,2415-4,,
19384-0900-23.zip,202202141041,’†‹–€ŒSº˜a’¬¼ğ,2415-5,,
19384-0900-23.zip,202202141041,’†‹–€ŒSº˜a’¬¼ğ,2360-4,,
19384-0900-23.zip,202202141041,’†‹–€ŒSº˜a’¬¼ğ,2360-1,,
19384-0900-23.zip,202202141041,’†‹–€ŒSº˜a’¬¼ğ,2331-1,,
19384-0900-23.zip,202202141041,’†‹–€ŒSº˜a’¬¼ğ,2331-6,,
19384-0900-23.zip,202202141041,’†‹–€ŒSº˜a’¬¼ğ,2331-7,,
19384-0900-23.zip,202202141041,’†‹–€ŒSº˜a’¬¼ğ,2339-2,,
19384-0900-23.zip,202202141041,’†‹–€ŒSº˜a’¬¼ğ,3092-1,,
19384-0900-23.zip,202202141041,’†‹–€ŒSº˜a’¬¼ğ,3092-3,,
19384-0900-23.zip,202202141041,’†‹–€ŒSº˜a’¬¼ğ,3092-2,,
19384-0900-23.zip,202202141041,’†‹–€ŒSº˜a’¬¼ğ,3091,,
19384-0900-23.zip,202202141041,’†‹–€ŒSº˜a’¬¼ğ,4206-4,,
19384-0900-23.zip,202202141041,’†‹–€ŒSº˜a’¬¼ğ,4206-1,,
19384-0900-23.zip,202202141041,’†‹–€ŒSº˜a’¬¼ğ,4202-1,,
19384-0900-23.zip,202202141041,’†‹–€ŒSº˜a’¬¼ğ,3309-1,,
19384-0900-23.zip,202202141041,’†‹–€ŒSº˜a’¬¼ğ,3309-3,,
19384-0900-23.zip,202202141041,’†‹–€ŒSº˜a’¬¼ğ,3309-2,,
19384-0900-23.zip,202202141041,’†‹–€ŒSº˜a’¬¼ğ,3309-4,,
19384-0900-23.zip,202202141041,’†‹–€ŒSº˜a’¬¼ğ,3308-3,,
19384-0900-23.zip,202202141041,’†‹–€ŒSº˜a’¬¼ğ,3312-1,,
19384-0900-23.zip,202202141041,’†‹–€ŒSº˜a’¬¼ğ,3312-4,,
19384-0900-23.zip,202202141041,’†‹–€ŒSº˜a’¬¼ğ,3313-3,,
19384-0900-23.zip,202202141041,’†‹–€ŒSº˜a’¬¼ğ,3312-3,,
19384-0900-23.zip,202202141041,’†‹–€ŒSº˜a’¬¼ğ,3314-4,,
19384-0900-23.zip,202202141041,’†‹–€ŒSº˜a’¬¼ğ,“¹-7-2,,
19384-0900-23.zip,202202141041,’†‹–€ŒSº˜a’¬¼ğ,“¹-7-1,,
19384-0900-23.zip,202202141041,’†‹–€ŒSº˜a’¬¼ğ,2699-2,,
19384-0900-23.zip,202202141041,’†‹–€ŒSº˜a’¬¼ğ,“¹-7-3,,
19384-0900-23.zip,202202141041,’†‹–€ŒSº˜a’¬¼ğ,2580-3,,
19384-0900-23.zip,202202141041,’†‹–€ŒSº˜a’¬¼ğ,2580-1,,
19384-0900-23.zip,202202141041,’†‹–€ŒSº˜a’¬¼ğ,2581-2,,
19384-0900-23.zip,202202141041,’†‹–€ŒSº˜a’¬¼ğ,2579,,
19384-0900-23.zip,202202141041,’†‹–€ŒSº˜a’¬¼ğ,3360-8,,
19384-0900-23.zip,202202141041,’†‹–€ŒSº˜a’¬¼ğ,3360-7,,
19384-0900-23.zip,202202141041,’†‹–€ŒSº˜a’¬¼ğ,3360-1,,
19384-0900-23.zip,202202141041,’†‹–€ŒSº˜a’¬¼ğ,–³’n”Ô-349,,
19384-0900-23.zip,202202141041,’†‹–€ŒSº˜a’¬¼ğ,3360-6,,
19384-0900-23.zip,202202141041,’†‹–€ŒSº˜a’¬¼ğ,3360-10,,
19384-0900-23.zip,202202141041,’†‹–€ŒSº˜a’¬¼ğ,3360-9,,
19384-0900-23.zip,202202141041,’†‹–€ŒSº˜a’¬¼ğ,3360-5,,
19384-0900-23.zip,202202141041,’†‹–€ŒSº˜a’¬¼ğ,3361-3,,
19384-0900-23.zip,202202141041,’†‹–€ŒSº˜a’¬¼ğ,3361-1,,
19384-0900-23.zip,202202141041,’†‹–€ŒSº˜a’¬¼ğ,3362-3,,
19384-0900-23.zip,202202141041,’†‹–€ŒSº˜a’¬¼ğ,3362-1,,
19384-0900-23.zip,202202141041,’†‹–€ŒSº˜a’¬¼ğ,2600-1,,
19384-0900-23.zip,202202141041,’†‹–€ŒSº˜a’¬¼ğ,…-3,,
19384-0900-23.zip,202202141041,’†‹–€ŒSº˜a’¬¼ğ,3387-2,,
19384-0900-23.zip,202202141041,’†‹–€ŒSº˜a’¬¼ğ,3387-4,,
19384-0900-23.zip,202202141041,’†‹–€ŒSº˜a’¬¼ğ,3384-5,,
19384-0900-23.zip,202202141041,’†‹–€ŒSº˜a’¬¼ğ,3384-4,,
19384-0900-23.zip,202202141041,’†‹–€ŒSº˜a’¬¼ğ,3335-1,,
19384-0900-23.zip,202202141041,’†‹–€ŒSº˜a’¬¼ğ,3335-7,,
19384-0900-23.zip,202202141041,’†‹–€ŒSº˜a’¬¼ğ,3335-8,,
19384-0900-23.zip,202202141041,’†‹–€ŒSº˜a’¬¼ğ,3335-5,,
19384-0900-23.zip,202202141041,’†‹–€ŒSº˜a’¬¼ğ,3335-4,,
19384-0900-23.zip,202202141041,’†‹–€ŒSº˜a’¬¼ğ,3336-1,,
19384-0900-23.zip,202202141041,’†‹–€ŒSº˜a’¬¼ğ,3336-7,,
19384-0900-23.zip,202202141041,’†‹–€ŒSº˜a’¬¼ğ,3336-3,,
19384-0900-23.zip,202202141041,’†‹–€ŒSº˜a’¬¼ğ,2600-6,,
19384-0900-23.zip,202202141041,’†‹–€ŒSº˜a’¬¼ğ,2600-3,,
19384-0900-23.zip,202202141041,’†‹–€ŒSº˜a’¬¼ğ,2599-12,,
19384-0900-23.zip,202202141041,’†‹–€ŒSº˜a’¬¼ğ,2599-11,,
19384-0900-23.zip,202202141041,’†‹–€ŒSº˜a’¬¼ğ,2599-10,,
19384-0900-23.zip,202202141041,’†‹–€ŒSº˜a’¬¼ğ,2599-9,,
19384-0900-23.zip,202202141041,’†‹–€ŒSº˜a’¬¼ğ,2599-13,,
19384-0900-23.zip,202202141041,’†‹–€ŒSº˜a’¬¼ğ,2599-3,,
19384-0900-23.zip,202202141041,’†‹–€ŒSº˜a’¬¼ğ,2592-7,,
19384-0900-23.zip,202202141041,’†‹–€ŒSº˜a’¬¼ğ,2592-6,,
19384-0900-23.zip,202202141041,’†‹–€ŒSº˜a’¬¼ğ,2591-12,,
19384-0900-23.zip,202202141041,’†‹–€ŒSº˜a’¬¼ğ,2599-7,,
19384-0900-23.zip,202202141041,’†‹–€ŒSº˜a’¬¼ğ,2599-16,,
19384-0900-23.zip,202202141041,’†‹–€ŒSº˜a’¬¼ğ,2598,,
19384-0900-23.zip,202202141041,’†‹–€ŒSº˜a’¬¼ğ,2599-17,,
19384-0900-23.zip,202202141041,’†‹–€ŒSº˜a’¬¼ğ,2599-14,,
19384-0900-23.zip,202202141041,’†‹–€ŒSº˜a’¬¼ğ,2599-18,,
19384-0900-23.zip,202202141041,’†‹–€ŒSº˜a’¬¼ğ,2599-15,,
19384-0900-23.zip,202202141041,’†‹–€ŒSº˜a’¬¼ğ,2599-2,,
19384-0900-23.zip,202202141041,’†‹–€ŒSº˜a’¬¼ğ,2600-7,,
19384-0900-23.zip,202202141041,’†‹–€ŒSº˜a’¬¼ğ,2600-4,,
19384-0900-23.zip,202202141041,’†‹–€ŒSº˜a’¬¼ğ,2600-8,,
19384-0900-23.zip,202202141041,’†‹–€ŒSº˜a’¬¼ğ,2600-5,,
19384-0900-23.zip,202202141041,’†‹–€ŒSº˜a’¬¼ğ,2600-2,,
19384-0900-23.zip,202202141041,’†‹–€ŒSº˜a’¬¼ğ,2308-1,,
19384-0900-23.zip,202202141041,’†‹–€ŒSº˜a’¬¼ğ,2308-4,,
19384-0900-23.zip,202202141041,’†‹–€ŒSº˜a’¬¼ğ,2374-2,,
19384-0900-23.zip,202202141041,’†‹–€ŒSº˜a’¬¼ğ,2481-3,,
19384-0900-23.zip,202202141041,’†‹–€ŒSº˜a’¬¼ğ,2482-2,,
19384-0900-23.zip,202202141041,’†‹–€ŒSº˜a’¬¼ğ,2438-1,,
19384-0900-23.zip,202202141041,’†‹–€ŒSº˜a’¬¼ğ,2438-4,,
19384-0900-23.zip,202202141041,’†‹–€ŒSº˜a’¬¼ğ,2438-5,,
19384-0900-23.zip,202202141041,’†‹–€ŒSº˜a’¬¼ğ,2438-3,,
19384-0900-23.zip,202202141041,’†‹–€ŒSº˜a’¬¼ğ,2437-1,,
19384-0900-23.zip,202202141041,’†‹–€ŒSº˜a’¬¼ğ,2446-1,,
19384-0900-23.zip,202202141041,’†‹–€ŒSº˜a’¬¼ğ,2446-2,,
19384-0900-23.zip,202202141041,’†‹–€ŒSº˜a’¬¼ğ,2437-2,,
19384-0900-23.zip,202202141041,’†‹–€ŒSº˜a’¬¼ğ,…-184,,
19384-0900-23.zip,202202141041,’†‹–€ŒSº˜a’¬¼ğ,2444-4,,
19384-0900-23.zip,202202141041,’†‹–€ŒSº˜a’¬¼ğ,2445-2,,
19384-0900-23.zip,202202141041,’†‹–€ŒSº˜a’¬¼ğ,“¹-130,,
19384-0900-23.zip,202202141041,’†‹–€ŒSº˜a’¬¼ğ,4206-5,,
19384-0900-23.zip,202202141041,’†‹–€ŒSº˜a’¬¼ğ,4206-2,,
19384-0900-23.zip,202202141041,’†‹–€ŒSº˜a’¬¼ğ,4206-3,,
19384-0900-23.zip,202202141041,’†‹–€ŒSº˜a’¬¼ğ,4206-6,,
19384-0900-23.zip,202202141041,’†‹–€ŒSº˜a’¬¼ğ,3363-3,,
19384-0900-23.zip,202202141041,’†‹–€ŒSº˜a’¬¼ğ,3363-1,,
19384-0900-23.zip,202202141041,’†‹–€ŒSº˜a’¬¼ğ,3388-1,,
19384-0900-23.zip,202202141041,’†‹–€ŒSº˜a’¬¼ğ,3388-3,,
19384-0900-23.zip,202202141041,’†‹–€ŒSº˜a’¬¼ğ,3388-2,,
19384-0900-23.zip,202202141041,’†‹–€ŒSº˜a’¬¼ğ,2418-1,,
19384-0900-23.zip,202202141041,’†‹–€ŒSº˜a’¬¼ğ,2418-8,,
19384-0900-23.zip,202202141041,’†‹–€ŒSº˜a’¬¼ğ,…-227,,
19384-0900-23.zip,202202141041,’†‹–€ŒSº˜a’¬¼ğ,3373-1,,
19384-0900-23.zip,202202141041,’†‹–€ŒSº˜a’¬¼ğ,3373-6,,
19384-0900-23.zip,202202141041,’†‹–€ŒSº˜a’¬¼ğ,3373-2,,
19384-0900-23.zip,202202141041,’†‹–€ŒSº˜a’¬¼ğ,3364-1,,
19384-0900-23.zip,202202141041,’†‹–€ŒSº˜a’¬¼ğ,3364-5,,
19384-0900-23.zip,202202141041,’†‹–€ŒSº˜a’¬¼ğ,…-332,,
19384-0900-23.zip,202202141041,’†‹–€ŒSº˜a’¬¼ğ,3364-2,,
19384-0900-23.zip,202202141041,’†‹–€ŒSº˜a’¬¼ğ,3386-3,,
19384-0900-23.zip,202202141041,’†‹–€ŒSº˜a’¬¼ğ,3386-1,,
19384-0900-23.zip,202202141041,’†‹–€ŒSº˜a’¬¼ğ,3386-2,,
19384-0900-23.zip,202202141041,’†‹–€ŒSº˜a’¬¼ğ,3387-1,,
19384-0900-23.zip,202202141041,’†‹–€ŒSº˜a’¬¼ğ,3387-3,,
19384-0900-23.zip,202202141041,’†‹–€ŒSº˜a’¬¼ğ,4107-2,,
19384-0900-23.zip,202202141041,’†‹–€ŒSº˜a’¬¼ğ,4107-4,,
19384-0900-23.zip,202202141041,’†‹–€ŒSº˜a’¬¼ğ,2563-6,,
19384-0900-23.zip,202202141041,’†‹–€ŒSº˜a’¬¼ğ,4107-6,,
19384-0900-23.zip,202202141041,’†‹–€ŒSº˜a’¬¼ğ,4107-8,,
19384-0900-23.zip,202202141041,’†‹–€ŒSº˜a’¬¼ğ,4108,,
19384-0900-23.zip,202202141041,’†‹–€ŒSº˜a’¬¼ğ,4107-7,,
19384-0900-23.zip,202202141041,’†‹–€ŒSº˜a’¬¼ğ,4107-5,,
19384-0900-23.zip,202202141041,’†‹–€ŒSº˜a’¬¼ğ,“¹-138,,
19384-0900-23.zip,202202141041,’†‹–€ŒSº˜a’¬¼ğ,2501-3,,
19384-0900-23.zip,202202141041,’†‹–€ŒSº˜a’¬¼ğ,2501-2,,
19384-0900-23.zip,202202141041,’†‹–€ŒSº˜a’¬¼ğ,2501-1,,
19384-0900-23.zip,202202141041,’†‹–€ŒSº˜a’¬¼ğ,2500,,
19384-0900-23.zip,202202141041,’†‹–€ŒSº˜a’¬¼ğ,2414,,
19384-0900-23.zip,202202141041,’†‹–€ŒSº˜a’¬¼ğ,2415-2,,
19384-0900-23.zip,202202141041,’†‹–€ŒSº˜a’¬¼ğ,2499-2,,
19384-0900-23.zip,202202141041,’†‹–€ŒSº˜a’¬¼ğ,2499-3,,
19384-0900-23.zip,202202141041,’†‹–€ŒSº˜a’¬¼ğ,2498-1,,
19384-0900-23.zip,202202141041,’†‹–€ŒSº˜a’¬¼ğ,2498-2,,
19384-0900-23.zip,202202141041,’†‹–€ŒSº˜a’¬¼ğ,3391-1,,
19384-0900-23.zip,202202141041,’†‹–€ŒSº˜a’¬¼ğ,3391-6,,
19384-0900-23.zip,202202141041,’†‹–€ŒSº˜a’¬¼ğ,3366-1,,
19384-0900-23.zip,202202141041,’†‹–€ŒSº˜a’¬¼ğ,3366-2,,
19384-0900-23.zip,202202141041,’†‹–€ŒSº˜a’¬¼ğ,3374-2,,
19384-0900-23.zip,202202141041,’†‹–€ŒSº˜a’¬¼ğ,3374-7,,
19384-0900-23.zip,202202141041,’†‹–€ŒSº˜a’¬¼ğ,3374-8,,
19384-0900-23.zip,202202141041,’†‹–€ŒSº˜a’¬¼ğ,3374-6,,
19384-0900-23.zip,202202141041,’†‹–€ŒSº˜a’¬¼ğ,3374-5,,
19384-0900-23.zip,202202141041,’†‹–€ŒSº˜a’¬¼ğ,3374-4,,
19384-0900-23.zip,202202141041,’†‹–€ŒSº˜a’¬¼ğ,…-316,,
19384-0900-23.zip,202202141041,’†‹–€ŒSº˜a’¬¼ğ,3374-3,,
19384-0900-23.zip,202202141041,’†‹–€ŒSº˜a’¬¼ğ,4182-10,,
19384-0900-23.zip,202202141041,’†‹–€ŒSº˜a’¬¼ğ,2595-3,,
19384-0900-23.zip,202202141041,’†‹–€ŒSº˜a’¬¼ğ,2595-10,,
19384-0900-23.zip,202202141041,’†‹–€ŒSº˜a’¬¼ğ,2595-8,,
19384-0900-23.zip,202202141041,’†‹–€ŒSº˜a’¬¼ğ,3401-1,,
19384-0900-23.zip,202202141041,’†‹–€ŒSº˜a’¬¼ğ,3401-7,,
19384-0900-23.zip,202202141041,’†‹–€ŒSº˜a’¬¼ğ,3391-5,,
19384-0900-23.zip,202202141041,’†‹–€ŒSº˜a’¬¼ğ,3401-6,,
19384-0900-23.zip,202202141041,’†‹–€ŒSº˜a’¬¼ğ,…-129,,
19384-0900-23.zip,202202141041,’†‹–€ŒSº˜a’¬¼ğ,3365-1,,
19384-0900-23.zip,202202141041,’†‹–€ŒSº˜a’¬¼ğ,3365-4,,
19384-0900-23.zip,202202141041,’†‹–€ŒSº˜a’¬¼ğ,3365-3,,
19384-0900-23.zip,202202141041,’†‹–€ŒSº˜a’¬¼ğ,4182-3,,
19384-0900-23.zip,202202141041,’†‹–€ŒSº˜a’¬¼ğ,4182-1,,
19384-0900-23.zip,202202141041,’†‹–€ŒSº˜a’¬¼ğ,4182-21,,
19384-0900-23.zip,202202141041,’†‹–€ŒSº˜a’¬¼ğ,3299-6,,
19384-0900-23.zip,202202141041,’†‹–€ŒSº˜a’¬¼ğ,3341-2,,
19384-0900-23.zip,202202141041,’†‹–€ŒSº˜a’¬¼ğ,3307-3,,
19384-0900-23.zip,202202141041,’†‹–€ŒSº˜a’¬¼ğ,3307-1,,
19384-0900-23.zip,202202141041,’†‹–€ŒSº˜a’¬¼ğ,3299-2,,
19384-0900-23.zip,202202141041,’†‹–€ŒSº˜a’¬¼ğ,3426-5,,
19384-0900-23.zip,202202141041,’†‹–€ŒSº˜a’¬¼ğ,3426-8,,
19384-0900-23.zip,202202141041,’†‹–€ŒSº˜a’¬¼ğ,3299-1,,
19384-0900-23.zip,202202141041,’†‹–€ŒSº˜a’¬¼ğ,3297-4,,
19384-0900-23.zip,202202141041,’†‹–€ŒSº˜a’¬¼ğ,“¹-123-2,,
19384-0900-23.zip,202202141041,’†‹–€ŒSº˜a’¬¼ğ,3407-7,,
19384-0900-23.zip,202202141041,’†‹–€ŒSº˜a’¬¼ğ,3427-3,,
19384-0900-23.zip,202202141041,’†‹–€ŒSº˜a’¬¼ğ,…-274,,
19384-0900-23.zip,202202141041,’†‹–€ŒSº˜a’¬¼ğ,3426-11,,
19384-0900-23.zip,202202141041,’†‹–€ŒSº˜a’¬¼ğ,3426-2,,
19384-0900-23.zip,202202141041,’†‹–€ŒSº˜a’¬¼ğ,3377-3,,
19384-0900-23.zip,202202141041,’†‹–€ŒSº˜a’¬¼ğ,2956-1,,
19384-0900-23.zip,202202141041,’†‹–€ŒSº˜a’¬¼ğ,2956-3,,
19384-0900-23.zip,202202141041,’†‹–€ŒSº˜a’¬¼ğ,2943-2,,
19384-0900-23.zip,202202141041,’†‹–€ŒSº˜a’¬¼ğ,3298-9,,
19384-0900-23.zip,202202141041,’†‹–€ŒSº˜a’¬¼ğ,3298-7,,
19384-0900-23.zip,202202141041,’†‹–€ŒSº˜a’¬¼ğ,3298-10,,
19384-0900-23.zip,202202141041,’†‹–€ŒSº˜a’¬¼ğ,3298-4,,
19384-0900-23.zip,202202141041,’†‹–€ŒSº˜a’¬¼ğ,3298-1,,
19384-0900-23.zip,202202141041,’†‹–€ŒSº˜a’¬¼ğ,3298-11,,
19384-0900-23.zip,202202141041,’†‹–€ŒSº˜a’¬¼ğ,3298-8,,
19384-0900-23.zip,202202141041,’†‹–€ŒSº˜a’¬¼ğ,3298-3,,
19384-0900-23.zip,202202141041,’†‹–€ŒSº˜a’¬¼ğ,3426-9,,
19384-0900-23.zip,202202141041,’†‹–€ŒSº˜a’¬¼ğ,…-386,,
19384-0900-23.zip,202202141041,’†‹–€ŒSº˜a’¬¼ğ,3299-8,,
19384-0900-23.zip,202202141041,’†‹–€ŒSº˜a’¬¼ğ,3426-10,,
19384-0900-23.zip,202202141041,’†‹–€ŒSº˜a’¬¼ğ,3426-7,,
19384-0900-23.zip,202202141041,’†‹–€ŒSº˜a’¬¼ğ,3423-5,,
19384-0900-23.zip,202202141041,’†‹–€ŒSº˜a’¬¼ğ,3423-4,,
19384-0900-23.zip,202202141041,’†‹–€ŒSº˜a’¬¼ğ,3299-7,,
19384-0900-23.zip,202202141041,’†‹–€ŒSº˜a’¬¼ğ,12-1,,
19384-0900-23.zip,202202141041,’†‹–€ŒSº˜a’¬¼ğ,12-9,,
19384-0900-23.zip,202202141041,’†‹–€ŒSº˜a’¬¼ğ,12-7,,
19384-0900-23.zip,202202141041,’†‹–€ŒSº˜a’¬¼ğ,12-5,,
19384-0900-23.zip,202202141041,’†‹–€ŒSº˜a’¬¼ğ,12-10,,
19384-0900-23.zip,202202141041,’†‹–€ŒSº˜a’¬¼ğ,12-2,,
19384-0900-23.zip,202202141041,’†‹–€ŒSº˜a’¬¼ğ,4233-1,,
19384-0900-23.zip,202202141041,’†‹–€ŒSº˜a’¬¼ğ,4235-1,,
19384-0900-23.zip,202202141041,’†‹–€ŒSº˜a’¬¼ğ,4236-1,,
19384-0900-23.zip,202202141041,’†‹–€ŒSº˜a’¬¼ğ,…-216,,
19384-0900-23.zip,202202141041,’†‹–€ŒSº˜a’¬¼ğ,4234-1,,
19384-0900-23.zip,202202141041,’†‹–€ŒSº˜a’¬¼ğ,4235-2,,
19384-0900-23.zip,202202141041,’†‹–€ŒSº˜a’¬¼ğ,4233-3,,
19384-0900-23.zip,202202141041,’†‹–€ŒSº˜a’¬¼ğ,4233-4,,
19384-0900-23.zip,202202141041,’†‹–€ŒSº˜a’¬¼ğ,148-1,,
19384-0900-23.zip,202202141041,’†‹–€ŒSº˜a’¬¼ğ,148-2,,
19384-0900-23.zip,202202141041,’†‹–€ŒSº˜a’¬¼ğ,148-3,,
19384-0900-23.zip,202202141041,’†‹–€ŒSº˜a’¬¼ğ,…-256,,
19384-0900-23.zip,202202141041,’†‹–€ŒSº˜a’¬¼ğ,3866-1,,
19384-0900-23.zip,202202141041,’†‹–€ŒSº˜a’¬¼ğ,3866-7,,
19384-0900-23.zip,202202141041,’†‹–€ŒSº˜a’¬¼ğ,3884-9,,
19384-0900-23.zip,202202141041,’†‹–€ŒSº˜a’¬¼ğ,3866-6,,
19384-0900-23.zip,202202141041,’†‹–€ŒSº˜a’¬¼ğ,4182-22,,
19384-0900-23.zip,202202141041,’†‹–€ŒSº˜a’¬¼ğ,4182-23,,
19384-0900-23.zip,202202141041,’†‹–€ŒSº˜a’¬¼ğ,“¹-140,,
19384-0900-23.zip,202202141041,’†‹–€ŒSº˜a’¬¼ğ,3089-2,,
19384-0900-23.zip,202202141041,’†‹–€ŒSº˜a’¬¼ğ,3089-1,,
19384-0900-23.zip,202202141041,’†‹–€ŒSº˜a’¬¼ğ,3090,,
19384-0900-23.zip,202202141041,’†‹–€ŒSº˜a’¬¼ğ,2689-3,,
19384-0900-23.zip,202202141041,’†‹–€ŒSº˜a’¬¼ğ,2689-4,,
19384-0900-23.zip,202202141041,’†‹–€ŒSº˜a’¬¼ğ,2689-2,,
19384-0900-23.zip,202202141041,’†‹–€ŒSº˜a’¬¼ğ,2689-1,,
19384-0900-23.zip,202202141041,’†‹–€ŒSº˜a’¬¼ğ,“¹-206,,
19384-0900-23.zip,202202141041,’†‹–€ŒSº˜a’¬¼ğ,…-173,,
19384-0900-23.zip,202202141041,’†‹–€ŒSº˜a’¬¼ğ,2690,,
19384-0900-23.zip,202202141041,’†‹–€ŒSº˜a’¬¼ğ,2688-3,,
19384-0900-23.zip,202202141041,’†‹–€ŒSº˜a’¬¼ğ,4150-6,,
19384-0900-23.zip,202202141041,’†‹–€ŒSº˜a’¬¼ğ,4150-5,,
19384-0900-23.zip,202202141041,’†‹–€ŒSº˜a’¬¼ğ,4150-4,,
19384-0900-23.zip,202202141041,’†‹–€ŒSº˜a’¬¼ğ,4150-9,,
19384-0900-23.zip,202202141041,’†‹–€ŒSº˜a’¬¼ğ,4150-3,,
19384-0900-23.zip,202202141041,’†‹–€ŒSº˜a’¬¼ğ,4150-7,,
19384-0900-23.zip,202202141041,’†‹–€ŒSº˜a’¬¼ğ,…-303,,
19384-0900-23.zip,202202141041,’†‹–€ŒSº˜a’¬¼ğ,4145,,
19384-0900-23.zip,202202141041,’†‹–€ŒSº˜a’¬¼ğ,…-224,,
19384-0900-23.zip,202202141041,’†‹–€ŒSº˜a’¬¼ğ,4150-10,,
19384-0900-23.zip,202202141041,’†‹–€ŒSº˜a’¬¼ğ,4150-1,,
19384-0900-23.zip,202202141041,’†‹–€ŒSº˜a’¬¼ğ,4154-1,,
19384-0900-23.zip,202202141041,’†‹–€ŒSº˜a’¬¼ğ,4150-8,,
19384-0900-23.zip,202202141041,’†‹–€ŒSº˜a’¬¼ğ,3350-1,,
19384-0900-23.zip,202202141041,’†‹–€ŒSº˜a’¬¼ğ,3346-3,,
19384-0900-23.zip,202202141041,’†‹–€ŒSº˜a’¬¼ğ,3346-1,,
19384-0900-23.zip,202202141041,’†‹–€ŒSº˜a’¬¼ğ,3346-4,,
19384-0900-23.zip,202202141041,’†‹–€ŒSº˜a’¬¼ğ,3349-5,,
19384-0900-23.zip,202202141041,’†‹–€ŒSº˜a’¬¼ğ,3349-3,,
19384-0900-23.zip,202202141041,’†‹–€ŒSº˜a’¬¼ğ,3350-3,,
19384-0900-23.zip,202202141041,’†‹–€ŒSº˜a’¬¼ğ,3358-5,,
19384-0900-23.zip,202202141041,’†‹–€ŒSº˜a’¬¼ğ,3358-1,,
19384-0900-23.zip,202202141041,’†‹–€ŒSº˜a’¬¼ğ,3358-4,,
19384-0900-23.zip,202202141041,’†‹–€ŒSº˜a’¬¼ğ,3350-2,,
19384-0900-23.zip,202202141041,’†‹–€ŒSº˜a’¬¼ğ,3346-2,,
19384-0900-23.zip,202202141041,’†‹–€ŒSº˜a’¬¼ğ,3349-2,,
19384-0900-23.zip,202202141041,’†‹–€ŒSº˜a’¬¼ğ,3349-1,,
19384-0900-23.zip,202202141041,’†‹–€ŒSº˜a’¬¼ğ,3349-4,,
19384-0900-23.zip,202202141041,’†‹–€ŒSº˜a’¬¼ğ,…-14-2,,
19384-0900-23.zip,202202141041,’†‹–€ŒSº˜a’¬¼ğ,“¹-123-1,,
19384-0900-23.zip,202202141041,’†‹–€ŒSº˜a’¬¼ğ,3358-3,,
19384-0900-23.zip,202202141041,’†‹–€ŒSº˜a’¬¼ğ,3358-2,,
19384-0900-23.zip,202202141041,’†‹–€ŒSº˜a’¬¼ğ,83-6,,
19384-0900-23.zip,202202141041,’†‹–€ŒSº˜a’¬¼ğ,83-19,,
19384-0900-23.zip,202202141041,’†‹–€ŒSº˜a’¬¼ğ,“¹-147,,
19384-0900-23.zip,202202141041,’†‹–€ŒSº˜a’¬¼ğ,2336-6,,
19384-0900-23.zip,202202141041,’†‹–€ŒSº˜a’¬¼ğ,2336-1,,
19384-0900-23.zip,202202141041,’†‹–€ŒSº˜a’¬¼ğ,2336-5,,
19384-0900-23.zip,202202141041,’†‹–€ŒSº˜a’¬¼ğ,2331-4,,
19384-0900-23.zip,202202141041,’†‹–€ŒSº˜a’¬¼ğ,2502-5,,
19384-0900-23.zip,202202141041,’†‹–€ŒSº˜a’¬¼ğ,2502-1,,
19384-0900-23.zip,202202141041,’†‹–€ŒSº˜a’¬¼ğ,2502-4,,
19384-0900-23.zip,202202141041,’†‹–€ŒSº˜a’¬¼ğ,2502-6,,
19384-0900-23.zip,202202141041,’†‹–€ŒSº˜a’¬¼ğ,2502-2,,
19384-0900-23.zip,202202141041,’†‹–€ŒSº˜a’¬¼ğ,2502-3,,
19384-0900-23.zip,202202141041,’†‹–€ŒSº˜a’¬¼ğ,2312-2,,
19384-0900-23.zip,202202141041,’†‹–€ŒSº˜a’¬¼ğ,“¹-260,,
19384-0900-23.zip,202202141041,’†‹–€ŒSº˜a’¬¼ğ,2312,,
19384-0900-23.zip,202202141041,’†‹–€ŒSº˜a’¬¼ğ,2519-8,,
19384-0900-23.zip,202202141041,’†‹–€ŒSº˜a’¬¼ğ,2519-9,,
19384-0900-23.zip,202202141041,’†‹–€ŒSº˜a’¬¼ğ,2519-5,,
19384-0900-23.zip,202202141041,’†‹–€ŒSº˜a’¬¼ğ,2519-4,,
19384-0900-23.zip,202202141041,’†‹–€ŒSº˜a’¬¼ğ,2519-7,,
19384-0900-23.zip,202202141041,’†‹–€ŒSº˜a’¬¼ğ,“¹-2,,
19384-0900-23.zip,202202141041,’†‹–€ŒSº˜a’¬¼ğ,2572-1,,
19384-0900-23.zip,202202141041,’†‹–€ŒSº˜a’¬¼ğ,2553-1,,
19384-0900-23.zip,202202141041,’†‹–€ŒSº˜a’¬¼ğ,2547-1,,
19384-0900-23.zip,202202141041,’†‹–€ŒSº˜a’¬¼ğ,3604-1,,
19384-0900-23.zip,202202141041,’†‹–€ŒSº˜a’¬¼ğ,3604-6,,
19384-0900-23.zip,202202141041,’†‹–€ŒSº˜a’¬¼ğ,3607-5,,
19384-0900-23.zip,202202141041,’†‹–€ŒSº˜a’¬¼ğ,3608-3,,
19384-0900-23.zip,202202141041,’†‹–€ŒSº˜a’¬¼ğ,3609-3,,
19384-0900-23.zip,202202141041,’†‹–€ŒSº˜a’¬¼ğ,3610-4,,
19384-0900-23.zip,202202141041,’†‹–€ŒSº˜a’¬¼ğ,“¹-176,,
19384-0900-23.zip,202202141041,’†‹–€ŒSº˜a’¬¼ğ,3603-8,,
19384-0900-23.zip,202202141041,’†‹–€ŒSº˜a’¬¼ğ,3604-5,,
19384-0900-23.zip,202202141041,’†‹–€ŒSº˜a’¬¼ğ,3671-4,,
19384-0900-23.zip,202202141041,’†‹–€ŒSº˜a’¬¼ğ,3672-3,,
19384-0900-23.zip,202202141041,’†‹–€ŒSº˜a’¬¼ğ,2548-3,,
19384-0900-23.zip,202202141041,’†‹–€ŒSº˜a’¬¼ğ,2548-1,,
19384-0900-23.zip,202202141041,’†‹–€ŒSº˜a’¬¼ğ,2548-7,,
19384-0900-23.zip,202202141041,’†‹–€ŒSº˜a’¬¼ğ,2548-4,,
19384-0900-23.zip,202202141041,’†‹–€ŒSº˜a’¬¼ğ,2548-2,,
19384-0900-23.zip,202202141041,’†‹–€ŒSº˜a’¬¼ğ,2548-5,,
19384-0900-23.zip,202202141041,’†‹–€ŒSº˜a’¬¼ğ,2548-6,,
19384-0900-23.zip,202202141041,’†‹–€ŒSº˜a’¬¼ğ,4202-3,,
19384-0900-23.zip,202202141041,’†‹–€ŒSº˜a’¬¼ğ,4202-2,,
19384-0900-23.zip,202202141041,’†‹–€ŒSº˜a’¬¼ğ,2581-1,,
19384-0900-23.zip,202202141041,’†‹–€ŒSº˜a’¬¼ğ,2581-3,,
19384-0900-23.zip,202202141041,’†‹–€ŒSº˜a’¬¼ğ,2582-1,,
19384-0900-23.zip,202202141041,’†‹–€ŒSº˜a’¬¼ğ,2580-2,,
19384-0900-23.zip,202202141041,’†‹–€ŒSº˜a’¬¼ğ,2339-1,,
19384-0900-23.zip,202202141041,’†‹–€ŒSº˜a’¬¼ğ,2339-4,,
19384-0900-23.zip,202202141041,’†‹–€ŒSº˜a’¬¼ğ,…-213,,
19384-0900-23.zip,202202141041,’†‹–€ŒSº˜a’¬¼ğ,…-297,,
19384-0900-23.zip,202202141041,’†‹–€ŒSº˜a’¬¼ğ,…-297a,,
19384-0900-23.zip,202202141041,’†‹–€ŒSº˜a’¬¼ğ,“¹-244,,
19384-0900-23.zip,202202141041,’†‹–€ŒSº˜a’¬¼ğ,2691-2,,
19384-0900-23.zip,202202141041,’†‹–€ŒSº˜a’¬¼ğ,4107-1,,
19384-0900-23.zip,202202141041,’†‹–€ŒSº˜a’¬¼ğ,4107-9,,
19384-0900-23.zip,202202141041,’†‹–€ŒSº˜a’¬¼ğ,4107-3,,
19384-0900-23.zip,202202141041,’†‹–€ŒSº˜a’¬¼ğ,4189-4,,
19384-0900-23.zip,202202141041,’†‹–€ŒSº˜a’¬¼ğ,4189-3,,
19384-0900-23.zip,202202141041,’†‹–€ŒSº˜a’¬¼ğ,4189-2,,
19384-0900-23.zip,202202141041,’†‹–€ŒSº˜a’¬¼ğ,4189-1,,
19384-0900-23.zip,202202141041,’†‹–€ŒSº˜a’¬¼ğ,4189-8,,
19384-0900-23.zip,202202141041,’†‹–€ŒSº˜a’¬¼ğ,4193-3,,
19384-0900-23.zip,202202141041,’†‹–€ŒSº˜a’¬¼ğ,4189-9,,
19384-0900-23.zip,202202141041,’†‹–€ŒSº˜a’¬¼ğ,4189-10,,
19384-0900-23.zip,202202141041,’†‹–€ŒSº˜a’¬¼ğ,4189-5,,
19384-0900-23.zip,202202141041,’†‹–€ŒSº˜a’¬¼ğ,4189-7,,
19384-0900-23.zip,202202141041,’†‹–€ŒSº˜a’¬¼ğ,4189-6,,
19384-0900-23.zip,202202141041,’†‹–€ŒSº˜a’¬¼ğ,2697-2,,
19384-0900-23.zip,202202141041,’†‹–€ŒSº˜a’¬¼ğ,2701-7,,
19384-0900-23.zip,202202141041,’†‹–€ŒSº˜a’¬¼ğ,2700-5,,
19384-0900-23.zip,202202141041,’†‹–€ŒSº˜a’¬¼ğ,4139-2,,
19384-0900-23.zip,202202141041,’†‹–€ŒSº˜a’¬¼ğ,4139-1,,
19384-0900-23.zip,202202141041,’†‹–€ŒSº˜a’¬¼ğ,4210-2,,
19384-0900-23.zip,202202141041,’†‹–€ŒSº˜a’¬¼ğ,38-3,,
19384-0900-23.zip,202202141041,’†‹–€ŒSº˜a’¬¼ğ,“¹-210,,
19384-0900-23.zip,202202141041,’†‹–€ŒSº˜a’¬¼ğ,“¹-210-2,,
19384-0900-23.zip,202202141041,’†‹–€ŒSº˜a’¬¼ğ,38-2,,
19384-0900-23.zip,202202141041,’†‹–€ŒSº˜a’¬¼ğ,37,,
19384-0900-23.zip,202202141041,’†‹–€ŒSº˜a’¬¼ğ,3885-4,,
19384-0900-23.zip,202202141041,’†‹–€ŒSº˜a’¬¼ğ,3885-1,,
19384-0900-23.zip,202202141041,’†‹–€ŒSº˜a’¬¼ğ,3888-3,,
19384-0900-23.zip,202202141041,’†‹–€ŒSº˜a’¬¼ğ,3888-1,,
19384-0900-23.zip,202202141041,’†‹–€ŒSº˜a’¬¼ğ,3889-1,,
19384-0900-23.zip,202202141041,’†‹–€ŒSº˜a’¬¼ğ,“¹-16,,
19384-0900-23.zip,202202141041,’†‹–€ŒSº˜a’¬¼ğ,4183-9,,
19384-0900-23.zip,202202141041,’†‹–€ŒSº˜a’¬¼ğ,4183-8,,
19384-0900-23.zip,202202141041,’†‹–€ŒSº˜a’¬¼ğ,4183-2,,
19384-0900-23.zip,202202141041,’†‹–€ŒSº˜a’¬¼ğ,…-204,,
19384-0900-23.zip,202202141041,’†‹–€ŒSº˜a’¬¼ğ,4182-2,,
19384-0900-23.zip,202202141041,’†‹–€ŒSº˜a’¬¼ğ,4182-7,,
19384-0900-23.zip,202202141041,’†‹–€ŒSº˜a’¬¼ğ,4183-1,,
19384-0900-23.zip,202202141041,’†‹–€ŒSº˜a’¬¼ğ,3377-1,,
19384-0900-23.zip,202202141041,’†‹–€ŒSº˜a’¬¼ğ,3377-4,,
19384-0900-23.zip,202202141041,’†‹–€ŒSº˜a’¬¼ğ,3374-1,,
19384-0900-23.zip,202202141041,’†‹–€ŒSº˜a’¬¼ğ,…-12-1,,
19384-0900-23.zip,202202141041,’†‹–€ŒSº˜a’¬¼ğ,3377-2,,
19384-0900-23.zip,202202141041,’†‹–€ŒSº˜a’¬¼ğ,’·‹·•¨•s–¾-12,,
19384-0900-23.zip,202202141041,’†‹–€ŒSº˜a’¬¼ğ,3325-1,,
19384-0900-23.zip,202202141041,’†‹–€ŒSº˜a’¬¼ğ,3325-4,,
19384-0900-23.zip,202202141041,’†‹–€ŒSº˜a’¬¼ğ,3325-3,,
19384-0900-23.zip,202202141041,’†‹–€ŒSº˜a’¬¼ğ,3326-7,,
19384-0900-23.zip,202202141041,’†‹–€ŒSº˜a’¬¼ğ,3326-1,,
19384-0900-23.zip,202202141041,’†‹–€ŒSº˜a’¬¼ğ,3326-8,,
19384-0900-23.zip,202202141041,’†‹–€ŒSº˜a’¬¼ğ,3326-2,,
19384-0900-23.zip,202202141041,’†‹–€ŒSº˜a’¬¼ğ,3327-4,,
19384-0900-23.zip,202202141041,’†‹–€ŒSº˜a’¬¼ğ,3327-1,,
19384-0900-23.zip,202202141041,’†‹–€ŒSº˜a’¬¼ğ,3328-4,,
19384-0900-23.zip,202202141041,’†‹–€ŒSº˜a’¬¼ğ,3334-1,,
19384-0900-23.zip,202202141041,’†‹–€ŒSº˜a’¬¼ğ,3334-3,,
19384-0900-23.zip,202202141041,’†‹–€ŒSº˜a’¬¼ğ,3328-1,,
19384-0900-23.zip,202202141041,’†‹–€ŒSº˜a’¬¼ğ,…-188,,
19384-0900-23.zip,202202141041,’†‹–€ŒSº˜a’¬¼ğ,4134-5,,
19384-0900-23.zip,202202141041,’†‹–€ŒSº˜a’¬¼ğ,4134-6,,
19384-0900-23.zip,202202141041,’†‹–€ŒSº˜a’¬¼ğ,4134-4,,
19384-0900-23.zip,202202141041,’†‹–€ŒSº˜a’¬¼ğ,4134-1,,
19384-0900-23.zip,202202141041,’†‹–€ŒSº˜a’¬¼ğ,4134-7,,
19384-0900-23.zip,202202141041,’†‹–€ŒSº˜a’¬¼ğ,4134-3,,
19384-0900-23.zip,202202141041,’†‹–€ŒSº˜a’¬¼ğ,“¹-170,,
19384-0900-23.zip,202202141041,’†‹–€ŒSº˜a’¬¼ğ,4211,,
19384-0900-23.zip,202202141041,’†‹–€ŒSº˜a’¬¼ğ,4133,,
19384-0900-23.zip,202202141041,’†‹–€ŒSº˜a’¬¼ğ,4134-2,,
19384-0900-23.zip,202202141041,’†‹–€ŒSº˜a’¬¼ğ,4125-2,,
19384-0900-23.zip,202202141041,’†‹–€ŒSº˜a’¬¼ğ,4127-3,,
19384-0900-23.zip,202202141041,’†‹–€ŒSº˜a’¬¼ğ,4127-1,,
19384-0900-23.zip,202202141041,’†‹–€ŒSº˜a’¬¼ğ,4131-2,,
19384-0900-23.zip,202202141041,’†‹–€ŒSº˜a’¬¼ğ,…-2-2,,
19384-0900-23.zip,202202141041,’†‹–€ŒSº˜a’¬¼ğ,4129-2,,
19384-0900-23.zip,202202141041,’†‹–€ŒSº˜a’¬¼ğ,4131-1,,
19384-0900-23.zip,202202141041,’†‹–€ŒSº˜a’¬¼ğ,4242-1,,
19384-0900-23.zip,202202141041,’†‹–€ŒSº˜a’¬¼ğ,4242-4,,
19384-0900-23.zip,202202141041,’†‹–€ŒSº˜a’¬¼ğ,“¹-278,,
19384-0900-23.zip,202202141041,’†‹–€ŒSº˜a’¬¼ğ,…-215,,
19384-0900-23.zip,202202141041,’†‹–€ŒSº˜a’¬¼ğ,…-214,,
19384-0900-23.zip,202202141041,’†‹–€ŒSº˜a’¬¼ğ,2487-6,,
19384-0900-23.zip,202202141041,’†‹–€ŒSº˜a’¬¼ğ,4125-1,,
19384-0900-23.zip,202202141041,’†‹–€ŒSº˜a’¬¼ğ,4125-3,,
19384-0900-23.zip,202202141041,’†‹–€ŒSº˜a’¬¼ğ,4126,,
19384-0900-23.zip,202202141041,’†‹–€ŒSº˜a’¬¼ğ,4119-3,,
19384-0900-23.zip,202202141041,’†‹–€ŒSº˜a’¬¼ğ,4119-1,,
19384-0900-23.zip,202202141041,’†‹–€ŒSº˜a’¬¼ğ,4119-4,,
19384-0900-23.zip,202202141041,’†‹–€ŒSº˜a’¬¼ğ,…-154,,
19384-0900-23.zip,202202141041,’†‹–€ŒSº˜a’¬¼ğ,4123-3,,
19384-0900-23.zip,202202141041,’†‹–€ŒSº˜a’¬¼ğ,4120,,
19384-0900-23.zip,202202141041,’†‹–€ŒSº˜a’¬¼ğ,“¹-155,,
19384-0900-23.zip,202202141041,’†‹–€ŒSº˜a’¬¼ğ,15-6,,
19384-0900-23.zip,202202141041,’†‹–€ŒSº˜a’¬¼ğ,27-7,,
19384-0900-24.zip,202202141041,’†‹–€ŒSº˜a’¬ã‰Í“Œ,202-1,,
19384-0900-24.zip,202202141041,’†‹–€ŒSº˜a’¬ã‰Í“Œ,246-2,,
19384-0900-24.zip,202202141041,’†‹–€ŒSº˜a’¬ã‰Í“Œ,247-2,,
19384-0900-24.zip,202202141041,’†‹–€ŒSº˜a’¬ã‰Í“Œ,248-1,,
19384-0900-24.zip,202202141041,’†‹–€ŒSº˜a’¬ã‰Í“Œ,248-2,,
19384-0900-24.zip,202202141041,’†‹–€ŒSº˜a’¬ã‰Í“Œ,249,,
19384-0900-24.zip,202202141041,’†‹–€ŒSº˜a’¬ã‰Í“Œ,250-2,,
19384-0900-24.zip,202202141041,’†‹–€ŒSº˜a’¬ã‰Í“Œ,251-1,,
19384-0900-24.zip,202202141041,’†‹–€ŒSº˜a’¬ã‰Í“Œ,251-2,,
19384-0900-24.zip,202202141041,’†‹–€ŒSº˜a’¬ã‰Í“Œ,252-1,,
19384-0900-24.zip,202202141041,’†‹–€ŒSº˜a’¬ã‰Í“Œ,255-1,,
19384-0900-24.zip,202202141041,’†‹–€ŒSº˜a’¬ã‰Í“Œ,255-2,,
19384-0900-24.zip,202202141041,’†‹–€ŒSº˜a’¬ã‰Í“Œ,255-3,,
19384-0900-24.zip,202202141041,’†‹–€ŒSº˜a’¬ã‰Í“Œ,256,,
19384-0900-24.zip,202202141041,’†‹–€ŒSº˜a’¬ã‰Í“Œ,257-4,,
19384-0900-24.zip,202202141041,’†‹–€ŒSº˜a’¬ã‰Í“Œ,257-5,,
19384-0900-24.zip,202202141041,’†‹–€ŒSº˜a’¬ã‰Í“Œ,257-6,,
19384-0900-24.zip,202202141041,’†‹–€ŒSº˜a’¬ã‰Í“Œ,269-1,,
19384-0900-24.zip,202202141041,’†‹–€ŒSº˜a’¬ã‰Í“Œ,271-3,,
19384-0900-24.zip,202202141041,’†‹–€ŒSº˜a’¬ã‰Í“Œ,278-1,,
19384-0900-24.zip,202202141041,’†‹–€ŒSº˜a’¬ã‰Í“Œ,278-2,,
19384-0900-24.zip,202202141041,’†‹–€ŒSº˜a’¬ã‰Í“Œ,278-3,,
19384-0900-24.zip,202202141041,’†‹–€ŒSº˜a’¬ã‰Í“Œ,279,,
19384-0900-24.zip,202202141041,’†‹–€ŒSº˜a’¬ã‰Í“Œ,281-1,,
19384-0900-24.zip,202202141041,’†‹–€ŒSº˜a’¬ã‰Í“Œ,281-2,,
19384-0900-24.zip,202202141041,’†‹–€ŒSº˜a’¬ã‰Í“Œ,282,,
19384-0900-24.zip,202202141041,’†‹–€ŒSº˜a’¬ã‰Í“Œ,283,,
19384-0900-24.zip,202202141041,’†‹–€ŒSº˜a’¬ã‰Í“Œ,284,,
19384-0900-24.zip,202202141041,’†‹–€ŒSº˜a’¬ã‰Í“Œ,285-1,,
19384-0900-24.zip,202202141041,’†‹–€ŒSº˜a’¬ã‰Í“Œ,285-2,,
19384-0900-24.zip,202202141041,’†‹–€ŒSº˜a’¬ã‰Í“Œ,285-3,,
19384-0900-24.zip,202202141041,’†‹–€ŒSº˜a’¬ã‰Í“Œ,285-4,,
19384-0900-24.zip,202202141041,’†‹–€ŒSº˜a’¬ã‰Í“Œ,285-5,,
19384-0900-24.zip,202202141041,’†‹–€ŒSº˜a’¬ã‰Í“Œ,285-6,,
19384-0900-24.zip,202202141041,’†‹–€ŒSº˜a’¬ã‰Í“Œ,285-7,,
19384-0900-24.zip,202202141041,’†‹–€ŒSº˜a’¬ã‰Í“Œ,285-8,,
19384-0900-24.zip,202202141041,’†‹–€ŒSº˜a’¬ã‰Í“Œ,285-9,,
19384-0900-24.zip,202202141041,’†‹–€ŒSº˜a’¬ã‰Í“Œ,285-10,,
19384-0900-24.zip,202202141041,’†‹–€ŒSº˜a’¬ã‰Í“Œ,285-11,,
19384-0900-24.zip,202202141041,’†‹–€ŒSº˜a’¬ã‰Í“Œ,285-12,,
19384-0900-24.zip,202202141041,’†‹–€ŒSº˜a’¬ã‰Í“Œ,285-13,,
19384-0900-24.zip,202202141041,’†‹–€ŒSº˜a’¬ã‰Í“Œ,285-14,,
19384-0900-24.zip,202202141041,’†‹–€ŒSº˜a’¬ã‰Í“Œ,286-2,,
19384-0900-24.zip,202202141041,’†‹–€ŒSº˜a’¬ã‰Í“Œ,286-3,,
19384-0900-24.zip,202202141041,’†‹–€ŒSº˜a’¬ã‰Í“Œ,292-1,,
19384-0900-24.zip,202202141041,’†‹–€ŒSº˜a’¬ã‰Í“Œ,292-4,,
19384-0900-24.zip,202202141041,’†‹–€ŒSº˜a’¬ã‰Í“Œ,294-1,,
19384-0900-24.zip,202202141041,’†‹–€ŒSº˜a’¬ã‰Í“Œ,294-2,,
19384-0900-24.zip,202202141041,’†‹–€ŒSº˜a’¬ã‰Í“Œ,294-3,,
19384-0900-24.zip,202202141041,’†‹–€ŒSº˜a’¬ã‰Í“Œ,294-4,,
19384-0900-24.zip,202202141041,’†‹–€ŒSº˜a’¬ã‰Í“Œ,294-5,,
19384-0900-24.zip,202202141041,’†‹–€ŒSº˜a’¬ã‰Í“Œ,295,,
19384-0900-24.zip,202202141041,’†‹–€ŒSº˜a’¬ã‰Í“Œ,297-2,,
19384-0900-24.zip,202202141041,’†‹–€ŒSº˜a’¬ã‰Í“Œ,297-3,,
19384-0900-24.zip,202202141041,’†‹–€ŒSº˜a’¬ã‰Í“Œ,298,,
19384-0900-24.zip,202202141041,’†‹–€ŒSº˜a’¬ã‰Í“Œ,300,,
19384-0900-24.zip,202202141041,’†‹–€ŒSº˜a’¬ã‰Í“Œ,301,,
19384-0900-24.zip,202202141041,’†‹–€ŒSº˜a’¬ã‰Í“Œ,302,,
19384-0900-24.zip,202202141041,’†‹–€ŒSº˜a’¬ã‰Í“Œ,303,,
19384-0900-24.zip,202202141041,’†‹–€ŒSº˜a’¬ã‰Í“Œ,304,,
19384-0900-24.zip,202202141041,’†‹–€ŒSº˜a’¬ã‰Í“Œ,305,,
19384-0900-24.zip,202202141041,’†‹–€ŒSº˜a’¬ã‰Í“Œ,306,,
19384-0900-24.zip,202202141041,’†‹–€ŒSº˜a’¬ã‰Í“Œ,307,,
19384-0900-24.zip,202202141041,’†‹–€ŒSº˜a’¬ã‰Í“Œ,308-2,,
19384-0900-24.zip,202202141041,’†‹–€ŒSº˜a’¬ã‰Í“Œ,311,,
19384-0900-24.zip,202202141041,’†‹–€ŒSº˜a’¬ã‰Í“Œ,338,,
19384-0900-24.zip,202202141041,’†‹–€ŒSº˜a’¬ã‰Í“Œ,338-2,,
19384-0900-24.zip,202202141041,’†‹–€ŒSº˜a’¬ã‰Í“Œ,340,,
19384-0900-24.zip,202202141041,’†‹–€ŒSº˜a’¬ã‰Í“Œ,341,,
19384-0900-24.zip,202202141041,’†‹–€ŒSº˜a’¬ã‰Í“Œ,343,,
19384-0900-24.zip,202202141041,’†‹–€ŒSº˜a’¬ã‰Í“Œ,344-1,,
19384-0900-24.zip,202202141041,’†‹–€ŒSº˜a’¬ã‰Í“Œ,345-1,,
19384-0900-24.zip,202202141041,’†‹–€ŒSº˜a’¬ã‰Í“Œ,346,,
19384-0900-24.zip,202202141041,’†‹–€ŒSº˜a’¬ã‰Í“Œ,348-1,,
19384-0900-24.zip,202202141041,’†‹–€ŒSº˜a’¬ã‰Í“Œ,348-2,,
19384-0900-24.zip,202202141041,’†‹–€ŒSº˜a’¬ã‰Í“Œ,349-2,,
19384-0900-24.zip,202202141041,’†‹–€ŒSº˜a’¬ã‰Í“Œ,349-3,,
19384-0900-24.zip,202202141041,’†‹–€ŒSº˜a’¬ã‰Í“Œ,349-4,,
19384-0900-24.zip,202202141041,’†‹–€ŒSº˜a’¬ã‰Í“Œ,349-5,,
19384-0900-24.zip,202202141041,’†‹–€ŒSº˜a’¬ã‰Í“Œ,349-6,,
19384-0900-24.zip,202202141041,’†‹–€ŒSº˜a’¬ã‰Í“Œ,349-7,,
19384-0900-24.zip,202202141041,’†‹–€ŒSº˜a’¬ã‰Í“Œ,352-1,,
19384-0900-24.zip,202202141041,’†‹–€ŒSº˜a’¬ã‰Í“Œ,352-2,,
19384-0900-24.zip,202202141041,’†‹–€ŒSº˜a’¬ã‰Í“Œ,352-3,,
19384-0900-24.zip,202202141041,’†‹–€ŒSº˜a’¬ã‰Í“Œ,352-5,,
19384-0900-24.zip,202202141041,’†‹–€ŒSº˜a’¬ã‰Í“Œ,352-6,,
19384-0900-24.zip,202202141041,’†‹–€ŒSº˜a’¬ã‰Í“Œ,352-8,,
19384-0900-24.zip,202202141041,’†‹–€ŒSº˜a’¬ã‰Í“Œ,352-9,,
19384-0900-24.zip,202202141041,’†‹–€ŒSº˜a’¬ã‰Í“Œ,352-10,,
19384-0900-24.zip,202202141041,’†‹–€ŒSº˜a’¬ã‰Í“Œ,352-11,,
19384-0900-24.zip,202202141041,’†‹–€ŒSº˜a’¬ã‰Í“Œ,352-12,,
19384-0900-24.zip,202202141041,’†‹–€ŒSº˜a’¬ã‰Í“Œ,352-13,,
19384-0900-24.zip,202202141041,’†‹–€ŒSº˜a’¬ã‰Í“Œ,354-1,,
19384-0900-24.zip,202202141041,’†‹–€ŒSº˜a’¬ã‰Í“Œ,354-2,,
19384-0900-24.zip,202202141041,’†‹–€ŒSº˜a’¬ã‰Í“Œ,354-3,,
19384-0900-24.zip,202202141041,’†‹–€ŒSº˜a’¬ã‰Í“Œ,354-4,,
19384-0900-24.zip,202202141041,’†‹–€ŒSº˜a’¬ã‰Í“Œ,354-5,,
19384-0900-24.zip,202202141041,’†‹–€ŒSº˜a’¬ã‰Í“Œ,356,,
19384-0900-24.zip,202202141041,’†‹–€ŒSº˜a’¬ã‰Í“Œ,357-1,,
19384-0900-24.zip,202202141041,’†‹–€ŒSº˜a’¬ã‰Í“Œ,357-3,,
19384-0900-24.zip,202202141041,’†‹–€ŒSº˜a’¬ã‰Í“Œ,358,,
19384-0900-24.zip,202202141041,’†‹–€ŒSº˜a’¬ã‰Í“Œ,360-1,,
19384-0900-24.zip,202202141041,’†‹–€ŒSº˜a’¬ã‰Í“Œ,360-3,,
19384-0900-24.zip,202202141041,’†‹–€ŒSº˜a’¬ã‰Í“Œ,360-4,,
19384-0900-24.zip,202202141041,’†‹–€ŒSº˜a’¬ã‰Í“Œ,363,,
19384-0900-24.zip,202202141041,’†‹–€ŒSº˜a’¬ã‰Í“Œ,367-2,,
19384-0900-24.zip,202202141041,’†‹–€ŒSº˜a’¬ã‰Í“Œ,371,,
19384-0900-24.zip,202202141041,’†‹–€ŒSº˜a’¬ã‰Í“Œ,373-2,,
19384-0900-24.zip,202202141041,’†‹–€ŒSº˜a’¬ã‰Í“Œ,373-3,,
19384-0900-24.zip,202202141041,’†‹–€ŒSº˜a’¬ã‰Í“Œ,374-1,,
19384-0900-24.zip,202202141041,’†‹–€ŒSº˜a’¬ã‰Í“Œ,374-2,,
19384-0900-24.zip,202202141041,’†‹–€ŒSº˜a’¬ã‰Í“Œ,376-2,,
19384-0900-24.zip,202202141041,’†‹–€ŒSº˜a’¬ã‰Í“Œ,377,,
19384-0900-24.zip,202202141041,’†‹–€ŒSº˜a’¬ã‰Í“Œ,378,,
19384-0900-24.zip,202202141041,’†‹–€ŒSº˜a’¬ã‰Í“Œ,379,,
19384-0900-24.zip,202202141041,’†‹–€ŒSº˜a’¬ã‰Í“Œ,380,,
19384-0900-24.zip,202202141041,’†‹–€ŒSº˜a’¬ã‰Í“Œ,381,,
19384-0900-24.zip,202202141041,’†‹–€ŒSº˜a’¬ã‰Í“Œ,382-1,,
19384-0900-24.zip,202202141041,’†‹–€ŒSº˜a’¬ã‰Í“Œ,382-2,,
19384-0900-24.zip,202202141041,’†‹–€ŒSº˜a’¬ã‰Í“Œ,382-3,,
19384-0900-24.zip,202202141041,’†‹–€ŒSº˜a’¬ã‰Í“Œ,383,,
19384-0900-24.zip,202202141041,’†‹–€ŒSº˜a’¬ã‰Í“Œ,384-1,,
19384-0900-24.zip,202202141041,’†‹–€ŒSº˜a’¬ã‰Í“Œ,384-2,,
19384-0900-24.zip,202202141041,’†‹–€ŒSº˜a’¬ã‰Í“Œ,385-1,,
19384-0900-24.zip,202202141041,’†‹–€ŒSº˜a’¬ã‰Í“Œ,385-2,,
19384-0900-24.zip,202202141041,’†‹–€ŒSº˜a’¬ã‰Í“Œ,388-1,,
19384-0900-24.zip,202202141041,’†‹–€ŒSº˜a’¬ã‰Í“Œ,390-2,,
19384-0900-24.zip,202202141041,’†‹–€ŒSº˜a’¬ã‰Í“Œ,391-4,,
19384-0900-24.zip,202202141041,’†‹–€ŒSº˜a’¬ã‰Í“Œ,391-5,,
19384-0900-24.zip,202202141041,’†‹–€ŒSº˜a’¬ã‰Í“Œ,393-2,,
19384-0900-24.zip,202202141041,’†‹–€ŒSº˜a’¬ã‰Í“Œ,393-7,,
19384-0900-24.zip,202202141041,’†‹–€ŒSº˜a’¬ã‰Í“Œ,393-8,,
19384-0900-24.zip,202202141041,’†‹–€ŒSº˜a’¬ã‰Í“Œ,393-10,,
19384-0900-24.zip,202202141041,’†‹–€ŒSº˜a’¬ã‰Í“Œ,393-11,,
19384-0900-24.zip,202202141041,’†‹–€ŒSº˜a’¬ã‰Í“Œ,395-4,,
19384-0900-24.zip,202202141041,’†‹–€ŒSº˜a’¬ã‰Í“Œ,405-1,,
19384-0900-24.zip,202202141041,’†‹–€ŒSº˜a’¬ã‰Í“Œ,405-2,,
19384-0900-24.zip,202202141041,’†‹–€ŒSº˜a’¬ã‰Í“Œ,408-1,,
19384-0900-24.zip,202202141041,’†‹–€ŒSº˜a’¬ã‰Í“Œ,409,,
19384-0900-24.zip,202202141041,’†‹–€ŒSº˜a’¬ã‰Í“Œ,410,,
19384-0900-24.zip,202202141041,’†‹–€ŒSº˜a’¬ã‰Í“Œ,411-2,,
19384-0900-24.zip,202202141041,’†‹–€ŒSº˜a’¬ã‰Í“Œ,411-7,,
19384-0900-24.zip,202202141041,’†‹–€ŒSº˜a’¬ã‰Í“Œ,412,,
19384-0900-24.zip,202202141041,’†‹–€ŒSº˜a’¬ã‰Í“Œ,413-1,,
19384-0900-24.zip,202202141041,’†‹–€ŒSº˜a’¬ã‰Í“Œ,413-2,,
19384-0900-24.zip,202202141041,’†‹–€ŒSº˜a’¬ã‰Í“Œ,414-1,,
19384-0900-24.zip,202202141041,’†‹–€ŒSº˜a’¬ã‰Í“Œ,414-2,,
19384-0900-24.zip,202202141041,’†‹–€ŒSº˜a’¬ã‰Í“Œ,415-1,,
19384-0900-24.zip,202202141041,’†‹–€ŒSº˜a’¬ã‰Í“Œ,415-2,,
19384-0900-24.zip,202202141041,’†‹–€ŒSº˜a’¬ã‰Í“Œ,415-3,,
19384-0900-24.zip,202202141041,’†‹–€ŒSº˜a’¬ã‰Í“Œ,415-6,,
19384-0900-24.zip,202202141041,’†‹–€ŒSº˜a’¬ã‰Í“Œ,417-2,,
19384-0900-24.zip,202202141041,’†‹–€ŒSº˜a’¬ã‰Í“Œ,418-1,,
19384-0900-24.zip,202202141041,’†‹–€ŒSº˜a’¬ã‰Í“Œ,418-4,,
19384-0900-24.zip,202202141041,’†‹–€ŒSº˜a’¬ã‰Í“Œ,418-6,,
19384-0900-24.zip,202202141041,’†‹–€ŒSº˜a’¬ã‰Í“Œ,419-2,,
19384-0900-24.zip,202202141041,’†‹–€ŒSº˜a’¬ã‰Í“Œ,420-2,,
19384-0900-24.zip,202202141041,’†‹–€ŒSº˜a’¬ã‰Í“Œ,424-1,,
19384-0900-24.zip,202202141041,’†‹–€ŒSº˜a’¬ã‰Í“Œ,424-2,,
19384-0900-24.zip,202202141041,’†‹–€ŒSº˜a’¬ã‰Í“Œ,424-3,,
19384-0900-24.zip,202202141041,’†‹–€ŒSº˜a’¬ã‰Í“Œ,425-1,,
19384-0900-24.zip,202202141041,’†‹–€ŒSº˜a’¬ã‰Í“Œ,425-2,,
19384-0900-24.zip,202202141041,’†‹–€ŒSº˜a’¬ã‰Í“Œ,427-1,,
19384-0900-24.zip,202202141041,’†‹–€ŒSº˜a’¬ã‰Í“Œ,427-2,,
19384-0900-24.zip,202202141041,’†‹–€ŒSº˜a’¬ã‰Í“Œ,428-1,,
19384-0900-24.zip,202202141041,’†‹–€ŒSº˜a’¬ã‰Í“Œ,428-2,,
19384-0900-24.zip,202202141041,’†‹–€ŒSº˜a’¬ã‰Í“Œ,428-3,,
19384-0900-24.zip,202202141041,’†‹–€ŒSº˜a’¬ã‰Í“Œ,429-1,,
19384-0900-24.zip,202202141041,’†‹–€ŒSº˜a’¬ã‰Í“Œ,429-2,,
19384-0900-24.zip,202202141041,’†‹–€ŒSº˜a’¬ã‰Í“Œ,429-3,,
19384-0900-24.zip,202202141041,’†‹–€ŒSº˜a’¬ã‰Í“Œ,429-4,,
19384-0900-24.zip,202202141041,’†‹–€ŒSº˜a’¬ã‰Í“Œ,430-1,,
19384-0900-24.zip,202202141041,’†‹–€ŒSº˜a’¬ã‰Í“Œ,430-2,,
19384-0900-24.zip,202202141041,’†‹–€ŒSº˜a’¬ã‰Í“Œ,431-1,,
19384-0900-24.zip,202202141041,’†‹–€ŒSº˜a’¬ã‰Í“Œ,431-2,,
19384-0900-24.zip,202202141041,’†‹–€ŒSº˜a’¬ã‰Í“Œ,431-3,,
19384-0900-24.zip,202202141041,’†‹–€ŒSº˜a’¬ã‰Í“Œ,431-4,,
19384-0900-24.zip,202202141041,’†‹–€ŒSº˜a’¬ã‰Í“Œ,434,,
19384-0900-24.zip,202202141041,’†‹–€ŒSº˜a’¬ã‰Í“Œ,436,,
19384-0900-24.zip,202202141041,’†‹–€ŒSº˜a’¬ã‰Í“Œ,438-1,,
19384-0900-24.zip,202202141041,’†‹–€ŒSº˜a’¬ã‰Í“Œ,438-2,,
19384-0900-24.zip,202202141041,’†‹–€ŒSº˜a’¬ã‰Í“Œ,438-3,,
19384-0900-24.zip,202202141041,’†‹–€ŒSº˜a’¬ã‰Í“Œ,439-1,,
19384-0900-24.zip,202202141041,’†‹–€ŒSº˜a’¬ã‰Í“Œ,439-2,,
19384-0900-24.zip,202202141041,’†‹–€ŒSº˜a’¬ã‰Í“Œ,439-3,,
19384-0900-24.zip,202202141041,’†‹–€ŒSº˜a’¬ã‰Í“Œ,440-1,,
19384-0900-24.zip,202202141041,’†‹–€ŒSº˜a’¬ã‰Í“Œ,440-2,,
19384-0900-24.zip,202202141041,’†‹–€ŒSº˜a’¬ã‰Í“Œ,441-1,,
19384-0900-24.zip,202202141041,’†‹–€ŒSº˜a’¬ã‰Í“Œ,441-2,,
19384-0900-24.zip,202202141041,’†‹–€ŒSº˜a’¬ã‰Í“Œ,441-3,,
19384-0900-24.zip,202202141041,’†‹–€ŒSº˜a’¬ã‰Í“Œ,441-4,,
19384-0900-24.zip,202202141041,’†‹–€ŒSº˜a’¬ã‰Í“Œ,441-5,,
19384-0900-24.zip,202202141041,’†‹–€ŒSº˜a’¬ã‰Í“Œ,442-1,,
19384-0900-24.zip,202202141041,’†‹–€ŒSº˜a’¬ã‰Í“Œ,442-2,,
19384-0900-24.zip,202202141041,’†‹–€ŒSº˜a’¬ã‰Í“Œ,442-3,,
19384-0900-24.zip,202202141041,’†‹–€ŒSº˜a’¬ã‰Í“Œ,442-4,,
19384-0900-24.zip,202202141041,’†‹–€ŒSº˜a’¬ã‰Í“Œ,443-1,,
19384-0900-24.zip,202202141041,’†‹–€ŒSº˜a’¬ã‰Í“Œ,443-2,,
19384-0900-24.zip,202202141041,’†‹–€ŒSº˜a’¬ã‰Í“Œ,443-3,,
19384-0900-24.zip,202202141041,’†‹–€ŒSº˜a’¬ã‰Í“Œ,444-1,,
19384-0900-24.zip,202202141041,’†‹–€ŒSº˜a’¬ã‰Í“Œ,444-2,,
19384-0900-24.zip,202202141041,’†‹–€ŒSº˜a’¬ã‰Í“Œ,447,,
19384-0900-24.zip,202202141041,’†‹–€ŒSº˜a’¬ã‰Í“Œ,449-1,,
19384-0900-24.zip,202202141041,’†‹–€ŒSº˜a’¬ã‰Í“Œ,449-2,,
19384-0900-24.zip,202202141041,’†‹–€ŒSº˜a’¬ã‰Í“Œ,450-1,,
19384-0900-24.zip,202202141041,’†‹–€ŒSº˜a’¬ã‰Í“Œ,450-2,,
19384-0900-24.zip,202202141041,’†‹–€ŒSº˜a’¬ã‰Í“Œ,451-1,,
19384-0900-24.zip,202202141041,’†‹–€ŒSº˜a’¬ã‰Í“Œ,451-2,,
19384-0900-24.zip,202202141041,’†‹–€ŒSº˜a’¬ã‰Í“Œ,453,,
19384-0900-24.zip,202202141041,’†‹–€ŒSº˜a’¬ã‰Í“Œ,455-1,,
19384-0900-24.zip,202202141041,’†‹–€ŒSº˜a’¬ã‰Í“Œ,455-2,,
19384-0900-24.zip,202202141041,’†‹–€ŒSº˜a’¬ã‰Í“Œ,455-3,,
19384-0900-24.zip,202202141041,’†‹–€ŒSº˜a’¬ã‰Í“Œ,455-4,,
19384-0900-24.zip,202202141041,’†‹–€ŒSº˜a’¬ã‰Í“Œ,456-1,,
19384-0900-24.zip,202202141041,’†‹–€ŒSº˜a’¬ã‰Í“Œ,456-2,,
19384-0900-24.zip,202202141041,’†‹–€ŒSº˜a’¬ã‰Í“Œ,456-3,,
19384-0900-24.zip,202202141041,’†‹–€ŒSº˜a’¬ã‰Í“Œ,456-7,,
19384-0900-24.zip,202202141041,’†‹–€ŒSº˜a’¬ã‰Í“Œ,456-8,,
19384-0900-24.zip,202202141041,’†‹–€ŒSº˜a’¬ã‰Í“Œ,457-1,,
19384-0900-24.zip,202202141041,’†‹–€ŒSº˜a’¬ã‰Í“Œ,457-3,,
19384-0900-24.zip,202202141041,’†‹–€ŒSº˜a’¬ã‰Í“Œ,457-4,,
19384-0900-24.zip,202202141041,’†‹–€ŒSº˜a’¬ã‰Í“Œ,457-5,,
19384-0900-24.zip,202202141041,’†‹–€ŒSº˜a’¬ã‰Í“Œ,457-6,,
19384-0900-24.zip,202202141041,’†‹–€ŒSº˜a’¬ã‰Í“Œ,458-1,,
19384-0900-24.zip,202202141041,’†‹–€ŒSº˜a’¬ã‰Í“Œ,458-2,,
19384-0900-24.zip,202202141041,’†‹–€ŒSº˜a’¬ã‰Í“Œ,458-3,,
19384-0900-24.zip,202202141041,’†‹–€ŒSº˜a’¬ã‰Í“Œ,458-4,,
19384-0900-24.zip,202202141041,’†‹–€ŒSº˜a’¬ã‰Í“Œ,459-1,,
19384-0900-24.zip,202202141041,’†‹–€ŒSº˜a’¬ã‰Í“Œ,459-2,,
19384-0900-24.zip,202202141041,’†‹–€ŒSº˜a’¬ã‰Í“Œ,459-3,,
19384-0900-24.zip,202202141041,’†‹–€ŒSº˜a’¬ã‰Í“Œ,459-4,,
19384-0900-24.zip,202202141041,’†‹–€ŒSº˜a’¬ã‰Í“Œ,459-5,,
19384-0900-24.zip,202202141041,’†‹–€ŒSº˜a’¬ã‰Í“Œ,461,,
19384-0900-24.zip,202202141041,’†‹–€ŒSº˜a’¬ã‰Í“Œ,462,,
19384-0900-24.zip,202202141041,’†‹–€ŒSº˜a’¬ã‰Í“Œ,463-1,,
19384-0900-24.zip,202202141041,’†‹–€ŒSº˜a’¬ã‰Í“Œ,463-5,,
19384-0900-24.zip,202202141041,’†‹–€ŒSº˜a’¬ã‰Í“Œ,463-6,,
19384-0900-24.zip,202202141041,’†‹–€ŒSº˜a’¬ã‰Í“Œ,463-7,,
19384-0900-24.zip,202202141041,’†‹–€ŒSº˜a’¬ã‰Í“Œ,463-8,,
19384-0900-24.zip,202202141041,’†‹–€ŒSº˜a’¬ã‰Í“Œ,467-2,,
19384-0900-24.zip,202202141041,’†‹–€ŒSº˜a’¬ã‰Í“Œ,468-1,,
19384-0900-24.zip,202202141041,’†‹–€ŒSº˜a’¬ã‰Í“Œ,468-2,,
19384-0900-24.zip,202202141041,’†‹–€ŒSº˜a’¬ã‰Í“Œ,469-1,,
19384-0900-24.zip,202202141041,’†‹–€ŒSº˜a’¬ã‰Í“Œ,469-3,,
19384-0900-24.zip,202202141041,’†‹–€ŒSº˜a’¬ã‰Í“Œ,469-4,,
19384-0900-24.zip,202202141041,’†‹–€ŒSº˜a’¬ã‰Í“Œ,471,,
19384-0900-24.zip,202202141041,’†‹–€ŒSº˜a’¬ã‰Í“Œ,475-1,,
19384-0900-24.zip,202202141041,’†‹–€ŒSº˜a’¬ã‰Í“Œ,475-2,,
19384-0900-24.zip,202202141041,’†‹–€ŒSº˜a’¬ã‰Í“Œ,475-3,,
19384-0900-24.zip,202202141041,’†‹–€ŒSº˜a’¬ã‰Í“Œ,476-1,,
19384-0900-24.zip,202202141041,’†‹–€ŒSº˜a’¬ã‰Í“Œ,476-2,,
19384-0900-24.zip,202202141041,’†‹–€ŒSº˜a’¬ã‰Í“Œ,476-3,,
19384-0900-24.zip,202202141041,’†‹–€ŒSº˜a’¬ã‰Í“Œ,476-4,,
19384-0900-24.zip,202202141041,’†‹–€ŒSº˜a’¬ã‰Í“Œ,476-5,,
19384-0900-24.zip,202202141041,’†‹–€ŒSº˜a’¬ã‰Í“Œ,476-6,,
19384-0900-24.zip,202202141041,’†‹–€ŒSº˜a’¬ã‰Í“Œ,476-7,,
19384-0900-24.zip,202202141041,’†‹–€ŒSº˜a’¬ã‰Í“Œ,481,,
19384-0900-24.zip,202202141041,’†‹–€ŒSº˜a’¬ã‰Í“Œ,482,,
19384-0900-24.zip,202202141041,’†‹–€ŒSº˜a’¬ã‰Í“Œ,483-2,,
19384-0900-24.zip,202202141041,’†‹–€ŒSº˜a’¬ã‰Í“Œ,493-1,,
19384-0900-24.zip,202202141041,’†‹–€ŒSº˜a’¬ã‰Í“Œ,493-2,,
19384-0900-24.zip,202202141041,’†‹–€ŒSº˜a’¬ã‰Í“Œ,493-3,,
19384-0900-24.zip,202202141041,’†‹–€ŒSº˜a’¬ã‰Í“Œ,493-4,,
19384-0900-24.zip,202202141041,’†‹–€ŒSº˜a’¬ã‰Í“Œ,497-1,,
19384-0900-24.zip,202202141041,’†‹–€ŒSº˜a’¬ã‰Í“Œ,497-2,,
19384-0900-24.zip,202202141041,’†‹–€ŒSº˜a’¬ã‰Í“Œ,498-1,,
19384-0900-24.zip,202202141041,’†‹–€ŒSº˜a’¬ã‰Í“Œ,498-2,,
19384-0900-24.zip,202202141041,’†‹–€ŒSº˜a’¬ã‰Í“Œ,498-3,,
19384-0900-24.zip,202202141041,’†‹–€ŒSº˜a’¬ã‰Í“Œ,501-1,,
19384-0900-24.zip,202202141041,’†‹–€ŒSº˜a’¬ã‰Í“Œ,501-2,,
19384-0900-24.zip,202202141041,’†‹–€ŒSº˜a’¬ã‰Í“Œ,501-3,,
19384-0900-24.zip,202202141041,’†‹–€ŒSº˜a’¬ã‰Í“Œ,501-4,,
19384-0900-24.zip,202202141041,’†‹–€ŒSº˜a’¬ã‰Í“Œ,505-1,,
19384-0900-24.zip,202202141041,’†‹–€ŒSº˜a’¬ã‰Í“Œ,505-2,,
19384-0900-24.zip,202202141041,’†‹–€ŒSº˜a’¬ã‰Í“Œ,505-3,,
19384-0900-24.zip,202202141041,’†‹–€ŒSº˜a’¬ã‰Í“Œ,506-1,,
19384-0900-24.zip,202202141041,’†‹–€ŒSº˜a’¬ã‰Í“Œ,506-2,,
19384-0900-24.zip,202202141041,’†‹–€ŒSº˜a’¬ã‰Í“Œ,507-2,,
19384-0900-24.zip,202202141041,’†‹–€ŒSº˜a’¬ã‰Í“Œ,507-3,,
19384-0900-24.zip,202202141041,’†‹–€ŒSº˜a’¬ã‰Í“Œ,507-4,,
19384-0900-24.zip,202202141041,’†‹–€ŒSº˜a’¬ã‰Í“Œ,507-5,,
19384-0900-24.zip,202202141041,’†‹–€ŒSº˜a’¬ã‰Í“Œ,507-6,,
19384-0900-24.zip,202202141041,’†‹–€ŒSº˜a’¬ã‰Í“Œ,507-7,,
19384-0900-24.zip,202202141041,’†‹–€ŒSº˜a’¬ã‰Í“Œ,507-8,,
19384-0900-24.zip,202202141041,’†‹–€ŒSº˜a’¬ã‰Í“Œ,509-1,,
19384-0900-24.zip,202202141041,’†‹–€ŒSº˜a’¬ã‰Í“Œ,509-5,,
19384-0900-24.zip,202202141041,’†‹–€ŒSº˜a’¬ã‰Í“Œ,509-6,,
19384-0900-24.zip,202202141041,’†‹–€ŒSº˜a’¬ã‰Í“Œ,510-2,,
19384-0900-24.zip,202202141041,’†‹–€ŒSº˜a’¬ã‰Í“Œ,510-3,,
19384-0900-24.zip,202202141041,’†‹–€ŒSº˜a’¬ã‰Í“Œ,510-4,,
19384-0900-24.zip,202202141041,’†‹–€ŒSº˜a’¬ã‰Í“Œ,512-1,,
19384-0900-24.zip,202202141041,’†‹–€ŒSº˜a’¬ã‰Í“Œ,512-2,,
19384-0900-24.zip,202202141041,’†‹–€ŒSº˜a’¬ã‰Í“Œ,515-3,,
19384-0900-24.zip,202202141041,’†‹–€ŒSº˜a’¬ã‰Í“Œ,515-6,,
19384-0900-24.zip,202202141041,’†‹–€ŒSº˜a’¬ã‰Í“Œ,517-2,,
19384-0900-24.zip,202202141041,’†‹–€ŒSº˜a’¬ã‰Í“Œ,521-1,,
19384-0900-24.zip,202202141041,’†‹–€ŒSº˜a’¬ã‰Í“Œ,521-3,,
19384-0900-24.zip,202202141041,’†‹–€ŒSº˜a’¬ã‰Í“Œ,521-4,,
19384-0900-24.zip,202202141041,’†‹–€ŒSº˜a’¬ã‰Í“Œ,522-1,,
19384-0900-24.zip,202202141041,’†‹–€ŒSº˜a’¬ã‰Í“Œ,522-2,,
19384-0900-24.zip,202202141041,’†‹–€ŒSº˜a’¬ã‰Í“Œ,522-3,,
19384-0900-24.zip,202202141041,’†‹–€ŒSº˜a’¬ã‰Í“Œ,522-4,,
19384-0900-24.zip,202202141041,’†‹–€ŒSº˜a’¬ã‰Í“Œ,522-5,,
19384-0900-24.zip,202202141041,’†‹–€ŒSº˜a’¬ã‰Í“Œ,523-2,,
19384-0900-24.zip,202202141041,’†‹–€ŒSº˜a’¬ã‰Í“Œ,523-3,,
19384-0900-24.zip,202202141041,’†‹–€ŒSº˜a’¬ã‰Í“Œ,523-5,,
19384-0900-24.zip,202202141041,’†‹–€ŒSº˜a’¬ã‰Í“Œ,524-1,,
19384-0900-24.zip,202202141041,’†‹–€ŒSº˜a’¬ã‰Í“Œ,524-2,,
19384-0900-24.zip,202202141041,’†‹–€ŒSº˜a’¬ã‰Í“Œ,524-3,,
19384-0900-24.zip,202202141041,’†‹–€ŒSº˜a’¬ã‰Í“Œ,524-4,,
19384-0900-24.zip,202202141041,’†‹–€ŒSº˜a’¬ã‰Í“Œ,525,,
19384-0900-24.zip,202202141041,’†‹–€ŒSº˜a’¬ã‰Í“Œ,527-1,,
19384-0900-24.zip,202202141041,’†‹–€ŒSº˜a’¬ã‰Í“Œ,527-3,,
19384-0900-24.zip,202202141041,’†‹–€ŒSº˜a’¬ã‰Í“Œ,528-1,,
19384-0900-24.zip,202202141041,’†‹–€ŒSº˜a’¬ã‰Í“Œ,528-2,,
19384-0900-24.zip,202202141041,’†‹–€ŒSº˜a’¬ã‰Í“Œ,530-1,,
19384-0900-24.zip,202202141041,’†‹–€ŒSº˜a’¬ã‰Í“Œ,530-2,,
19384-0900-24.zip,202202141041,’†‹–€ŒSº˜a’¬ã‰Í“Œ,530-3,,
19384-0900-24.zip,202202141041,’†‹–€ŒSº˜a’¬ã‰Í“Œ,532-1,,
19384-0900-24.zip,202202141041,’†‹–€ŒSº˜a’¬ã‰Í“Œ,533-3,,
19384-0900-24.zip,202202141041,’†‹–€ŒSº˜a’¬ã‰Í“Œ,535-2,,
19384-0900-24.zip,202202141041,’†‹–€ŒSº˜a’¬ã‰Í“Œ,535-4,,
19384-0900-24.zip,202202141041,’†‹–€ŒSº˜a’¬ã‰Í“Œ,535-5,,
19384-0900-24.zip,202202141041,’†‹–€ŒSº˜a’¬ã‰Í“Œ,540-2,,
19384-0900-24.zip,202202141041,’†‹–€ŒSº˜a’¬ã‰Í“Œ,540-4,,
19384-0900-24.zip,202202141041,’†‹–€ŒSº˜a’¬ã‰Í“Œ,“¹-6,,
19384-0900-24.zip,202202141041,’†‹–€ŒSº˜a’¬ã‰Í“Œ,“¹-9,,
19384-0900-24.zip,202202141041,’†‹–€ŒSº˜a’¬ã‰Í“Œ,“¹-11,,
19384-0900-24.zip,202202141041,’†‹–€ŒSº˜a’¬ã‰Í“Œ,“¹-14,,
19384-0900-24.zip,202202141041,’†‹–€ŒSº˜a’¬ã‰Í“Œ,“¹-22,,
19384-0900-24.zip,202202141041,’†‹–€ŒSº˜a’¬ã‰Í“Œ,“¹-23,,
19384-0900-24.zip,202202141041,’†‹–€ŒSº˜a’¬ã‰Í“Œ,“¹-24,,
19384-0900-24.zip,202202141041,’†‹–€ŒSº˜a’¬ã‰Í“Œ,“¹-25,,
19384-0900-24.zip,202202141041,’†‹–€ŒSº˜a’¬ã‰Í“Œ,“¹-694,,
19384-0900-24.zip,202202141041,’†‹–€ŒSº˜a’¬ã‰Í“Œ,“¹-699,,
19384-0900-24.zip,202202141041,’†‹–€ŒSº˜a’¬ã‰Í“Œ,“¹-702,,
19384-0900-24.zip,202202141041,’†‹–€ŒSº˜a’¬ã‰Í“Œ,“¹-712,,
19384-0900-24.zip,202202141041,’†‹–€ŒSº˜a’¬ã‰Í“Œ,“¹-715,,
19384-0900-24.zip,202202141041,’†‹–€ŒSº˜a’¬ã‰Í“Œ,“¹-716,,
19384-0900-24.zip,202202141041,’†‹–€ŒSº˜a’¬ã‰Í“Œ,“¹-717,,
19384-0900-24.zip,202202141041,’†‹–€ŒSº˜a’¬ã‰Í“Œ,…-23,,
19384-0900-24.zip,202202141041,’†‹–€ŒSº˜a’¬ã‰Í“Œ,…-24,,
19384-0900-24.zip,202202141041,’†‹–€ŒSº˜a’¬ã‰Í“Œ,…-25,,
19384-0900-24.zip,202202141041,’†‹–€ŒSº˜a’¬ã‰Í“Œ,…-26,,
19384-0900-24.zip,202202141041,’†‹–€ŒSº˜a’¬ã‰Í“Œ,…-27,,
19384-0900-24.zip,202202141041,’†‹–€ŒSº˜a’¬ã‰Í“Œ,…-28,,
19384-0900-24.zip,202202141041,’†‹–€ŒSº˜a’¬ã‰Í“Œ,…-30,,
19384-0900-24.zip,202202141041,’†‹–€ŒSº˜a’¬ã‰Í“Œ,…-31,,
19384-0900-24.zip,202202141041,’†‹–€ŒSº˜a’¬ã‰Í“Œ,…-32,,
19384-0900-24.zip,202202141041,’†‹–€ŒSº˜a’¬ã‰Í“Œ,…-33,,
19384-0900-24.zip,202202141041,’†‹–€ŒSº˜a’¬ã‰Í“Œ,…-38,,
19384-0900-24.zip,202202141041,’†‹–€ŒSº˜a’¬ã‰Í“Œ,…-40,,
19384-0900-24.zip,202202141041,’†‹–€ŒSº˜a’¬ã‰Í“Œ,…-42,,
19384-0900-24.zip,202202141041,’†‹–€ŒSº˜a’¬ã‰Í“Œ,…-44,,
19384-0900-24.zip,202202141041,’†‹–€ŒSº˜a’¬ã‰Í“Œ,…-46,,
19384-0900-24.zip,202202141041,’†‹–€ŒSº˜a’¬ã‰Í“Œ,…-47,,
19384-0900-24.zip,202202141041,’†‹–€ŒSº˜a’¬ã‰Í“Œ,…-49,,
19384-0900-24.zip,202202141041,’†‹–€ŒSº˜a’¬ã‰Í“Œ,…-51,,
19384-0900-24.zip,202202141041,’†‹–€ŒSº˜a’¬ã‰Í“Œ,…-52,,
19384-0900-24.zip,202202141041,’†‹–€ŒSº˜a’¬ã‰Í“Œ,…-53,,
19384-0900-24.zip,202202141041,’†‹–€ŒSº˜a’¬ã‰Í“Œ,…-54,,
19384-0900-24.zip,202202141041,’†‹–€ŒSº˜a’¬ã‰Í“Œ,…-55,,
19384-0900-24.zip,202202141041,’†‹–€ŒSº˜a’¬ã‰Í“Œ,…-60,,
19384-0900-24.zip,202202141041,’†‹–€ŒSº˜a’¬ã‰Í“Œ,543-2,,
19384-0900-24.zip,202202141041,’†‹–€ŒSº˜a’¬ã‰Í“Œ,543-3,,
19384-0900-24.zip,202202141041,’†‹–€ŒSº˜a’¬ã‰Í“Œ,543-4,,
19384-0900-24.zip,202202141041,’†‹–€ŒSº˜a’¬ã‰Í“Œ,543-5,,
19384-0900-24.zip,202202141041,’†‹–€ŒSº˜a’¬ã‰Í“Œ,543-6,,
19384-0900-24.zip,202202141041,’†‹–€ŒSº˜a’¬ã‰Í“Œ,543-7,,
19384-0900-24.zip,202202141041,’†‹–€ŒSº˜a’¬ã‰Í“Œ,543-8,,
19384-0900-24.zip,202202141041,’†‹–€ŒSº˜a’¬ã‰Í“Œ,543-9,,
19384-0900-24.zip,202202141041,’†‹–€ŒSº˜a’¬ã‰Í“Œ,543-10,,
19384-0900-24.zip,202202141041,’†‹–€ŒSº˜a’¬ã‰Í“Œ,543-11,,
19384-0900-24.zip,202202141041,’†‹–€ŒSº˜a’¬ã‰Í“Œ,543-12,,
19384-0900-24.zip,202202141041,’†‹–€ŒSº˜a’¬ã‰Í“Œ,543-13,,
19384-0900-24.zip,202202141041,’†‹–€ŒSº˜a’¬ã‰Í“Œ,543-14,,
19384-0900-24.zip,202202141041,’†‹–€ŒSº˜a’¬ã‰Í“Œ,543-15,,
19384-0900-24.zip,202202141041,’†‹–€ŒSº˜a’¬ã‰Í“Œ,543-16,,
19384-0900-24.zip,202202141041,’†‹–€ŒSº˜a’¬ã‰Í“Œ,543-17,,
19384-0900-24.zip,202202141041,’†‹–€ŒSº˜a’¬ã‰Í“Œ,543-18,,
19384-0900-24.zip,202202141041,’†‹–€ŒSº˜a’¬ã‰Í“Œ,543-19,,
19384-0900-24.zip,202202141041,’†‹–€ŒSº˜a’¬ã‰Í“Œ,543-20,,
19384-0900-24.zip,202202141041,’†‹–€ŒSº˜a’¬ã‰Í“Œ,543-21,,
19384-0900-24.zip,202202141041,’†‹–€ŒSº˜a’¬ã‰Í“Œ,543-22,,
19384-0900-24.zip,202202141041,’†‹–€ŒSº˜a’¬ã‰Í“Œ,543-23,,
19384-0900-24.zip,202202141041,’†‹–€ŒSº˜a’¬ã‰Í“Œ,543-24,,
19384-0900-24.zip,202202141041,’†‹–€ŒSº˜a’¬ã‰Í“Œ,543-25,,
19384-0900-24.zip,202202141041,’†‹–€ŒSº˜a’¬ã‰Í“Œ,543-26,,
19384-0900-24.zip,202202141041,’†‹–€ŒSº˜a’¬ã‰Í“Œ,543-27,,
19384-0900-24.zip,202202141041,’†‹–€ŒSº˜a’¬ã‰Í“Œ,543-28,,
19384-0900-24.zip,202202141041,’†‹–€ŒSº˜a’¬ã‰Í“Œ,543-29,,
19384-0900-24.zip,202202141041,’†‹–€ŒSº˜a’¬ã‰Í“Œ,543-30,,
19384-0900-24.zip,202202141041,’†‹–€ŒSº˜a’¬ã‰Í“Œ,543-31,,
19384-0900-24.zip,202202141041,’†‹–€ŒSº˜a’¬ã‰Í“Œ,543-32,,
19384-0900-24.zip,202202141041,’†‹–€ŒSº˜a’¬ã‰Í“Œ,543-33,,
19384-0900-24.zip,202202141041,’†‹–€ŒSº˜a’¬ã‰Í“Œ,543-34,,
19384-0900-24.zip,202202141041,’†‹–€ŒSº˜a’¬ã‰Í“Œ,543-35,,
19384-0900-24.zip,202202141041,’†‹–€ŒSº˜a’¬ã‰Í“Œ,543-36,,
19384-0900-24.zip,202202141041,’†‹–€ŒSº˜a’¬ã‰Í“Œ,543-37,,
19384-0900-24.zip,202202141041,’†‹–€ŒSº˜a’¬ã‰Í“Œ,543-38,,
19384-0900-24.zip,202202141041,’†‹–€ŒSº˜a’¬ã‰Í“Œ,543-39,,
19384-0900-24.zip,202202141041,’†‹–€ŒSº˜a’¬ã‰Í“Œ,543-40,,
19384-0900-24.zip,202202141041,’†‹–€ŒSº˜a’¬ã‰Í“Œ,543-41,,
19384-0900-24.zip,202202141041,’†‹–€ŒSº˜a’¬ã‰Í“Œ,543-42,,
19384-0900-24.zip,202202141041,’†‹–€ŒSº˜a’¬ã‰Í“Œ,543-43,,
19384-0900-24.zip,202202141041,’†‹–€ŒSº˜a’¬ã‰Í“Œ,543-44,,
19384-0900-24.zip,202202141041,’†‹–€ŒSº˜a’¬ã‰Í“Œ,543-45,,
19384-0900-24.zip,202202141041,’†‹–€ŒSº˜a’¬ã‰Í“Œ,543-46,,
19384-0900-24.zip,202202141041,’†‹–€ŒSº˜a’¬ã‰Í“Œ,543-47,,
19384-0900-24.zip,202202141041,’†‹–€ŒSº˜a’¬ã‰Í“Œ,543-48,,
19384-0900-24.zip,202202141041,’†‹–€ŒSº˜a’¬ã‰Í“Œ,543-49,,
19384-0900-24.zip,202202141041,’†‹–€ŒSº˜a’¬ã‰Í“Œ,543-50,,
19384-0900-24.zip,202202141041,’†‹–€ŒSº˜a’¬ã‰Í“Œ,543-51,,
19384-0900-24.zip,202202141041,’†‹–€ŒSº˜a’¬ã‰Í“Œ,543-52,,
19384-0900-24.zip,202202141041,’†‹–€ŒSº˜a’¬ã‰Í“Œ,543-53,,
19384-0900-24.zip,202202141041,’†‹–€ŒSº˜a’¬ã‰Í“Œ,543-54,,
19384-0900-24.zip,202202141041,’†‹–€ŒSº˜a’¬ã‰Í“Œ,543-55,,
19384-0900-24.zip,202202141041,’†‹–€ŒSº˜a’¬ã‰Í“Œ,543-56,,
19384-0900-24.zip,202202141041,’†‹–€ŒSº˜a’¬ã‰Í“Œ,543-57,,
19384-0900-24.zip,202202141041,’†‹–€ŒSº˜a’¬ã‰Í“Œ,543-58,,
19384-0900-24.zip,202202141041,’†‹–€ŒSº˜a’¬ã‰Í“Œ,543-59,,
19384-0900-24.zip,202202141041,’†‹–€ŒSº˜a’¬ã‰Í“Œ,543-60,,
19384-0900-24.zip,202202141041,’†‹–€ŒSº˜a’¬ã‰Í“Œ,543-61,,
19384-0900-24.zip,202202141041,’†‹–€ŒSº˜a’¬ã‰Í“Œ,543-62,,
19384-0900-24.zip,202202141041,’†‹–€ŒSº˜a’¬ã‰Í“Œ,543-63,,
19384-0900-24.zip,202202141041,’†‹–€ŒSº˜a’¬ã‰Í“Œ,543-64,,
19384-0900-24.zip,202202141041,’†‹–€ŒSº˜a’¬ã‰Í“Œ,543-89,,
19384-0900-24.zip,202202141041,’†‹–€ŒSº˜a’¬ã‰Í“Œ,543-90,,
19384-0900-24.zip,202202141041,’†‹–€ŒSº˜a’¬ã‰Í“Œ,543-91,,
19384-0900-24.zip,202202141041,’†‹–€ŒSº˜a’¬ã‰Í“Œ,543-92,,
19384-0900-24.zip,202202141041,’†‹–€ŒSº˜a’¬ã‰Í“Œ,543-93,,
19384-0900-24.zip,202202141041,’†‹–€ŒSº˜a’¬ã‰Í“Œ,543-94,,
19384-0900-24.zip,202202141041,’†‹–€ŒSº˜a’¬ã‰Í“Œ,543-95,,
19384-0900-24.zip,202202141041,’†‹–€ŒSº˜a’¬ã‰Í“Œ,543-96,,
19384-0900-24.zip,202202141041,’†‹–€ŒSº˜a’¬ã‰Í“Œ,543-103,,
19384-0900-24.zip,202202141041,’†‹–€ŒSº˜a’¬ã‰Í“Œ,551-4,,
19384-0900-24.zip,202202141041,’†‹–€ŒSº˜a’¬ã‰Í“Œ,551-8,,
19384-0900-24.zip,202202141041,’†‹–€ŒSº˜a’¬ã‰Í“Œ,551-10,,
19384-0900-24.zip,202202141041,’†‹–€ŒSº˜a’¬ã‰Í“Œ,551-12,,
19384-0900-24.zip,202202141041,’†‹–€ŒSº˜a’¬ã‰Í“Œ,554-1,,
19384-0900-24.zip,202202141041,’†‹–€ŒSº˜a’¬ã‰Í“Œ,554-2,,
19384-0900-24.zip,202202141041,’†‹–€ŒSº˜a’¬ã‰Í“Œ,557-1,,
19384-0900-24.zip,202202141041,’†‹–€ŒSº˜a’¬ã‰Í“Œ,557-3,,
19384-0900-24.zip,202202141041,’†‹–€ŒSº˜a’¬ã‰Í“Œ,557-4,,
19384-0900-24.zip,202202141041,’†‹–€ŒSº˜a’¬ã‰Í“Œ,557-5,,
19384-0900-24.zip,202202141041,’†‹–€ŒSº˜a’¬ã‰Í“Œ,557-6,,
19384-0900-24.zip,202202141041,’†‹–€ŒSº˜a’¬ã‰Í“Œ,557-7,,
19384-0900-24.zip,202202141041,’†‹–€ŒSº˜a’¬ã‰Í“Œ,557-8,,
19384-0900-24.zip,202202141041,’†‹–€ŒSº˜a’¬ã‰Í“Œ,557-9,,
19384-0900-24.zip,202202141041,’†‹–€ŒSº˜a’¬ã‰Í“Œ,557-10,,
19384-0900-24.zip,202202141041,’†‹–€ŒSº˜a’¬ã‰Í“Œ,557-11,,
19384-0900-24.zip,202202141041,’†‹–€ŒSº˜a’¬ã‰Í“Œ,557-12,,
19384-0900-24.zip,202202141041,’†‹–€ŒSº˜a’¬ã‰Í“Œ,558-1,,
19384-0900-24.zip,202202141041,’†‹–€ŒSº˜a’¬ã‰Í“Œ,559-3,,
19384-0900-24.zip,202202141041,’†‹–€ŒSº˜a’¬ã‰Í“Œ,573-2,,
19384-0900-24.zip,202202141041,’†‹–€ŒSº˜a’¬ã‰Í“Œ,573-4,,
19384-0900-24.zip,202202141041,’†‹–€ŒSº˜a’¬ã‰Í“Œ,573-5,,
19384-0900-24.zip,202202141041,’†‹–€ŒSº˜a’¬ã‰Í“Œ,610-2,,
19384-0900-24.zip,202202141041,’†‹–€ŒSº˜a’¬ã‰Í“Œ,610-4,,
19384-0900-24.zip,202202141041,’†‹–€ŒSº˜a’¬ã‰Í“Œ,610-5,,
19384-0900-24.zip,202202141041,’†‹–€ŒSº˜a’¬ã‰Í“Œ,612-2,,
19384-0900-24.zip,202202141041,’†‹–€ŒSº˜a’¬ã‰Í“Œ,612-3,,
19384-0900-24.zip,202202141041,’†‹–€ŒSº˜a’¬ã‰Í“Œ,612-4,,
19384-0900-24.zip,202202141041,’†‹–€ŒSº˜a’¬ã‰Í“Œ,666-2,,
19384-0900-24.zip,202202141041,’†‹–€ŒSº˜a’¬ã‰Í“Œ,666-3,,
19384-0900-24.zip,202202141041,’†‹–€ŒSº˜a’¬ã‰Í“Œ,671-2,,
19384-0900-24.zip,202202141041,’†‹–€ŒSº˜a’¬ã‰Í“Œ,671-3,,
19384-0900-24.zip,202202141041,’†‹–€ŒSº˜a’¬ã‰Í“Œ,671-4,,
19384-0900-24.zip,202202141041,’†‹–€ŒSº˜a’¬ã‰Í“Œ,671-5,,
19384-0900-24.zip,202202141041,’†‹–€ŒSº˜a’¬ã‰Í“Œ,671-6,,
19384-0900-24.zip,202202141041,’†‹–€ŒSº˜a’¬ã‰Í“Œ,671-7,,
19384-0900-24.zip,202202141041,’†‹–€ŒSº˜a’¬ã‰Í“Œ,671-8,,
19384-0900-24.zip,202202141041,’†‹–€ŒSº˜a’¬ã‰Í“Œ,671-9,,
19384-0900-24.zip,202202141041,’†‹–€ŒSº˜a’¬ã‰Í“Œ,671-10,,
19384-0900-24.zip,202202141041,’†‹–€ŒSº˜a’¬ã‰Í“Œ,671-11,,
19384-0900-24.zip,202202141041,’†‹–€ŒSº˜a’¬ã‰Í“Œ,694-1,,
19384-0900-24.zip,202202141041,’†‹–€ŒSº˜a’¬ã‰Í“Œ,694-2,,
19384-0900-24.zip,202202141041,’†‹–€ŒSº˜a’¬ã‰Í“Œ,694-3,,
19384-0900-24.zip,202202141041,’†‹–€ŒSº˜a’¬ã‰Í“Œ,694-4,,
19384-0900-24.zip,202202141041,’†‹–€ŒSº˜a’¬ã‰Í“Œ,694-5,,
19384-0900-24.zip,202202141041,’†‹–€ŒSº˜a’¬ã‰Í“Œ,694-6,,
19384-0900-24.zip,202202141041,’†‹–€ŒSº˜a’¬ã‰Í“Œ,694-7,,
19384-0900-24.zip,202202141041,’†‹–€ŒSº˜a’¬ã‰Í“Œ,694-8,,
19384-0900-24.zip,202202141041,’†‹–€ŒSº˜a’¬ã‰Í“Œ,694-9,,
19384-0900-24.zip,202202141041,’†‹–€ŒSº˜a’¬ã‰Í“Œ,694-10,,
19384-0900-24.zip,202202141041,’†‹–€ŒSº˜a’¬ã‰Í“Œ,698-1,,
19384-0900-24.zip,202202141041,’†‹–€ŒSº˜a’¬ã‰Í“Œ,698-2,,
19384-0900-24.zip,202202141041,’†‹–€ŒSº˜a’¬ã‰Í“Œ,698-3,,
19384-0900-24.zip,202202141041,’†‹–€ŒSº˜a’¬ã‰Í“Œ,698-4,,
19384-0900-24.zip,202202141041,’†‹–€ŒSº˜a’¬ã‰Í“Œ,698-5,,
19384-0900-24.zip,202202141041,’†‹–€ŒSº˜a’¬ã‰Í“Œ,698-6,,
19384-0900-24.zip,202202141041,’†‹–€ŒSº˜a’¬ã‰Í“Œ,698-7,,
19384-0900-24.zip,202202141041,’†‹–€ŒSº˜a’¬ã‰Í“Œ,698-8,,
19384-0900-24.zip,202202141041,’†‹–€ŒSº˜a’¬ã‰Í“Œ,698-9,,
19384-0900-24.zip,202202141041,’†‹–€ŒSº˜a’¬ã‰Í“Œ,698-10,,
19384-0900-24.zip,202202141041,’†‹–€ŒSº˜a’¬ã‰Í“Œ,698-11,,
19384-0900-24.zip,202202141041,’†‹–€ŒSº˜a’¬ã‰Í“Œ,698-12,,
19384-0900-24.zip,202202141041,’†‹–€ŒSº˜a’¬ã‰Í“Œ,699-1,,
19384-0900-24.zip,202202141041,’†‹–€ŒSº˜a’¬ã‰Í“Œ,699-2,,
19384-0900-24.zip,202202141041,’†‹–€ŒSº˜a’¬ã‰Í“Œ,699-3,,
19384-0900-24.zip,202202141041,’†‹–€ŒSº˜a’¬ã‰Í“Œ,699-4,,
19384-0900-24.zip,202202141041,’†‹–€ŒSº˜a’¬ã‰Í“Œ,699-5,,
19384-0900-24.zip,202202141041,’†‹–€ŒSº˜a’¬ã‰Í“Œ,699-6,,
19384-0900-24.zip,202202141041,’†‹–€ŒSº˜a’¬ã‰Í“Œ,699-7,,
19384-0900-24.zip,202202141041,’†‹–€ŒSº˜a’¬ã‰Í“Œ,702-1,,
19384-0900-24.zip,202202141041,’†‹–€ŒSº˜a’¬ã‰Í“Œ,702-2,,
19384-0900-24.zip,202202141041,’†‹–€ŒSº˜a’¬ã‰Í“Œ,702-3,,
19384-0900-24.zip,202202141041,’†‹–€ŒSº˜a’¬ã‰Í“Œ,703-2,,
19384-0900-24.zip,202202141041,’†‹–€ŒSº˜a’¬ã‰Í“Œ,703-4,,
19384-0900-24.zip,202202141041,’†‹–€ŒSº˜a’¬ã‰Í“Œ,703-5,,
19384-0900-24.zip,202202141041,’†‹–€ŒSº˜a’¬ã‰Í“Œ,703-6,,
19384-0900-24.zip,202202141041,’†‹–€ŒSº˜a’¬ã‰Í“Œ,703-7,,
19384-0900-24.zip,202202141041,’†‹–€ŒSº˜a’¬ã‰Í“Œ,708-2,,
19384-0900-24.zip,202202141041,’†‹–€ŒSº˜a’¬ã‰Í“Œ,708-6,,
19384-0900-24.zip,202202141041,’†‹–€ŒSº˜a’¬ã‰Í“Œ,708-7,,
19384-0900-24.zip,202202141041,’†‹–€ŒSº˜a’¬ã‰Í“Œ,736-4,,
19384-0900-24.zip,202202141041,’†‹–€ŒSº˜a’¬ã‰Í“Œ,736-5,,
19384-0900-24.zip,202202141041,’†‹–€ŒSº˜a’¬ã‰Í“Œ,736-6,,
19384-0900-24.zip,202202141041,’†‹–€ŒSº˜a’¬ã‰Í“Œ,738-1,,
19384-0900-24.zip,202202141041,’†‹–€ŒSº˜a’¬ã‰Í“Œ,738-3,,
19384-0900-24.zip,202202141041,’†‹–€ŒSº˜a’¬ã‰Í“Œ,738-4,,
19384-0900-24.zip,202202141041,’†‹–€ŒSº˜a’¬ã‰Í“Œ,738-5,,
19384-0900-24.zip,202202141041,’†‹–€ŒSº˜a’¬ã‰Í“Œ,738-6,,
19384-0900-24.zip,202202141041,’†‹–€ŒSº˜a’¬ã‰Í“Œ,738-7,,
19384-0900-24.zip,202202141041,’†‹–€ŒSº˜a’¬ã‰Í“Œ,738-9,,
19384-0900-24.zip,202202141041,’†‹–€ŒSº˜a’¬ã‰Í“Œ,738-10,,
19384-0900-24.zip,202202141041,’†‹–€ŒSº˜a’¬ã‰Í“Œ,738-11,,
19384-0900-24.zip,202202141041,’†‹–€ŒSº˜a’¬ã‰Í“Œ,738-12,,
19384-0900-24.zip,202202141041,’†‹–€ŒSº˜a’¬ã‰Í“Œ,738-13,,
19384-0900-24.zip,202202141041,’†‹–€ŒSº˜a’¬ã‰Í“Œ,738-14,,
19384-0900-24.zip,202202141041,’†‹–€ŒSº˜a’¬ã‰Í“Œ,738-15,,
19384-0900-24.zip,202202141041,’†‹–€ŒSº˜a’¬ã‰Í“Œ,738-16,,
19384-0900-24.zip,202202141041,’†‹–€ŒSº˜a’¬ã‰Í“Œ,738-17,,
19384-0900-24.zip,202202141041,’†‹–€ŒSº˜a’¬ã‰Í“Œ,738-18,,
19384-0900-24.zip,202202141041,’†‹–€ŒSº˜a’¬ã‰Í“Œ,738-19,,
19384-0900-24.zip,202202141041,’†‹–€ŒSº˜a’¬ã‰Í“Œ,738-20,,
19384-0900-24.zip,202202141041,’†‹–€ŒSº˜a’¬ã‰Í“Œ,740-2,,
19384-0900-24.zip,202202141041,’†‹–€ŒSº˜a’¬ã‰Í“Œ,740-3,,
19384-0900-24.zip,202202141041,’†‹–€ŒSº˜a’¬ã‰Í“Œ,743,,
19384-0900-24.zip,202202141041,’†‹–€ŒSº˜a’¬ã‰Í“Œ,744-2,,
19384-0900-24.zip,202202141041,’†‹–€ŒSº˜a’¬ã‰Í“Œ,745-3,,
19384-0900-24.zip,202202141041,’†‹–€ŒSº˜a’¬ã‰Í“Œ,745-4,,
19384-0900-24.zip,202202141041,’†‹–€ŒSº˜a’¬ã‰Í“Œ,746-3,,
19384-0900-24.zip,202202141041,’†‹–€ŒSº˜a’¬ã‰Í“Œ,759-1,,
19384-0900-24.zip,202202141041,’†‹–€ŒSº˜a’¬ã‰Í“Œ,759-2,,
19384-0900-24.zip,202202141041,’†‹–€ŒSº˜a’¬ã‰Í“Œ,820-2,,
19384-0900-24.zip,202202141041,’†‹–€ŒSº˜a’¬ã‰Í“Œ,821-2,,
19384-0900-24.zip,202202141041,’†‹–€ŒSº˜a’¬ã‰Í“Œ,822-2,,
19384-0900-24.zip,202202141041,’†‹–€ŒSº˜a’¬ã‰Í“Œ,822-3,,
19384-0900-24.zip,202202141041,’†‹–€ŒSº˜a’¬ã‰Í“Œ,822-4,,
19384-0900-24.zip,202202141041,’†‹–€ŒSº˜a’¬ã‰Í“Œ,823-1,,
19384-0900-24.zip,202202141041,’†‹–€ŒSº˜a’¬ã‰Í“Œ,823-2,,
19384-0900-24.zip,202202141041,’†‹–€ŒSº˜a’¬ã‰Í“Œ,823-3,,
19384-0900-24.zip,202202141041,’†‹–€ŒSº˜a’¬ã‰Í“Œ,823-4,,
19384-0900-24.zip,202202141041,’†‹–€ŒSº˜a’¬ã‰Í“Œ,825-1,,
19384-0900-24.zip,202202141041,’†‹–€ŒSº˜a’¬ã‰Í“Œ,825-3,,
19384-0900-24.zip,202202141041,’†‹–€ŒSº˜a’¬ã‰Í“Œ,825-4,,
19384-0900-24.zip,202202141041,’†‹–€ŒSº˜a’¬ã‰Í“Œ,825-5,,
19384-0900-24.zip,202202141041,’†‹–€ŒSº˜a’¬ã‰Í“Œ,827-1,,
19384-0900-24.zip,202202141041,’†‹–€ŒSº˜a’¬ã‰Í“Œ,827-2,,
19384-0900-24.zip,202202141041,’†‹–€ŒSº˜a’¬ã‰Í“Œ,827-3,,
19384-0900-24.zip,202202141041,’†‹–€ŒSº˜a’¬ã‰Í“Œ,827-4,,
19384-0900-24.zip,202202141041,’†‹–€ŒSº˜a’¬ã‰Í“Œ,827-5,,
19384-0900-24.zip,202202141041,’†‹–€ŒSº˜a’¬ã‰Í“Œ,828-2,,
19384-0900-24.zip,202202141041,’†‹–€ŒSº˜a’¬ã‰Í“Œ,844-2,,
19384-0900-24.zip,202202141041,’†‹–€ŒSº˜a’¬ã‰Í“Œ,844-4,,
19384-0900-24.zip,202202141041,’†‹–€ŒSº˜a’¬ã‰Í“Œ,844-5,,
19384-0900-24.zip,202202141041,’†‹–€ŒSº˜a’¬ã‰Í“Œ,844-6,,
19384-0900-24.zip,202202141041,’†‹–€ŒSº˜a’¬ã‰Í“Œ,844-7,,
19384-0900-24.zip,202202141041,’†‹–€ŒSº˜a’¬ã‰Í“Œ,“¹-5,,
19384-0900-24.zip,202202141041,’†‹–€ŒSº˜a’¬ã‰Í“Œ,“¹-10,,
19384-0900-24.zip,202202141041,’†‹–€ŒSº˜a’¬ã‰Í“Œ,“¹-13,,
19384-0900-24.zip,202202141041,’†‹–€ŒSº˜a’¬ã‰Í“Œ,“¹-15,,
19384-0900-24.zip,202202141041,’†‹–€ŒSº˜a’¬ã‰Í“Œ,“¹-17,,
19384-0900-24.zip,202202141041,’†‹–€ŒSº˜a’¬ã‰Í“Œ,“¹-691,,
19384-0900-24.zip,202202141041,’†‹–€ŒSº˜a’¬ã‰Í“Œ,“¹-696,,
19384-0900-24.zip,202202141041,’†‹–€ŒSº˜a’¬ã‰Í“Œ,“¹-708,,
19384-0900-24.zip,202202141041,’†‹–€ŒSº˜a’¬ã‰Í“Œ,“¹-711,,
19384-0900-24.zip,202202141041,’†‹–€ŒSº˜a’¬ã‰Í“Œ,…-5,,
19384-0900-24.zip,202202141041,’†‹–€ŒSº˜a’¬ã‰Í“Œ,…-15,,
19384-0900-24.zip,202202141041,’†‹–€ŒSº˜a’¬ã‰Í“Œ,…-885,,
19384-0900-24.zip,202202141041,’†‹–€ŒSº˜a’¬ã‰Í“Œ,…-886,,
19384-0900-24.zip,202202141041,’†‹–€ŒSº˜a’¬ã‰Í“Œ,…-890,,
19384-0900-24.zip,202202141041,’†‹–€ŒSº˜a’¬ã‰Í“Œ,…-892,,
19384-0900-24.zip,202202141041,’†‹–€ŒSº˜a’¬ã‰Í“Œ,…-897,,
19384-0900-24.zip,202202141041,’†‹–€ŒSº˜a’¬ã‰Í“Œ,…-901,,
19384-0900-24.zip,202202141041,’†‹–€ŒSº˜a’¬ã‰Í“Œ,…-902,,
19384-0900-24.zip,202202141041,’†‹–€ŒSº˜a’¬ã‰Í“Œ,…-905,,
19384-0900-24.zip,202202141041,’†‹–€ŒSº˜a’¬ã‰Í“Œ,875-1,,
19384-0900-24.zip,202202141041,’†‹–€ŒSº˜a’¬ã‰Í“Œ,875-3,,
19384-0900-24.zip,202202141041,’†‹–€ŒSº˜a’¬ã‰Í“Œ,876,,
19384-0900-24.zip,202202141041,’†‹–€ŒSº˜a’¬ã‰Í“Œ,876-1,,
19384-0900-24.zip,202202141041,’†‹–€ŒSº˜a’¬ã‰Í“Œ,876-2,,
19384-0900-24.zip,202202141041,’†‹–€ŒSº˜a’¬ã‰Í“Œ,877-1,,
19384-0900-24.zip,202202141041,’†‹–€ŒSº˜a’¬ã‰Í“Œ,877-3,,
19384-0900-24.zip,202202141041,’†‹–€ŒSº˜a’¬ã‰Í“Œ,877-4,,
19384-0900-24.zip,202202141041,’†‹–€ŒSº˜a’¬ã‰Í“Œ,878-1,,
19384-0900-24.zip,202202141041,’†‹–€ŒSº˜a’¬ã‰Í“Œ,878-4,,
19384-0900-24.zip,202202141041,’†‹–€ŒSº˜a’¬ã‰Í“Œ,879-4,,
19384-0900-24.zip,202202141041,’†‹–€ŒSº˜a’¬ã‰Í“Œ,879-11,,
19384-0900-24.zip,202202141041,’†‹–€ŒSº˜a’¬ã‰Í“Œ,879-12,,
19384-0900-24.zip,202202141041,’†‹–€ŒSº˜a’¬ã‰Í“Œ,879-14,,
19384-0900-24.zip,202202141041,’†‹–€ŒSº˜a’¬ã‰Í“Œ,881-3,,
19384-0900-24.zip,202202141041,’†‹–€ŒSº˜a’¬ã‰Í“Œ,882-1,,
19384-0900-24.zip,202202141041,’†‹–€ŒSº˜a’¬ã‰Í“Œ,882-4,,
19384-0900-24.zip,202202141041,’†‹–€ŒSº˜a’¬ã‰Í“Œ,884-1,,
19384-0900-24.zip,202202141041,’†‹–€ŒSº˜a’¬ã‰Í“Œ,885-1,,
19384-0900-24.zip,202202141041,’†‹–€ŒSº˜a’¬ã‰Í“Œ,886-3,,
19384-0900-24.zip,202202141041,’†‹–€ŒSº˜a’¬ã‰Í“Œ,886-4,,
19384-0900-24.zip,202202141041,’†‹–€ŒSº˜a’¬ã‰Í“Œ,887-1,,
19384-0900-24.zip,202202141041,’†‹–€ŒSº˜a’¬ã‰Í“Œ,887-4,,
19384-0900-24.zip,202202141041,’†‹–€ŒSº˜a’¬ã‰Í“Œ,887-6,,
19384-0900-24.zip,202202141041,’†‹–€ŒSº˜a’¬ã‰Í“Œ,887-7,,
19384-0900-24.zip,202202141041,’†‹–€ŒSº˜a’¬ã‰Í“Œ,887-9,,
19384-0900-24.zip,202202141041,’†‹–€ŒSº˜a’¬ã‰Í“Œ,888-7,,
19384-0900-24.zip,202202141041,’†‹–€ŒSº˜a’¬ã‰Í“Œ,888-8,,
19384-0900-24.zip,202202141041,’†‹–€ŒSº˜a’¬ã‰Í“Œ,888-9,,
19384-0900-24.zip,202202141041,’†‹–€ŒSº˜a’¬ã‰Í“Œ,889-2,,
19384-0900-24.zip,202202141041,’†‹–€ŒSº˜a’¬ã‰Í“Œ,890-2,,
19384-0900-24.zip,202202141041,’†‹–€ŒSº˜a’¬ã‰Í“Œ,890-4,,
19384-0900-24.zip,202202141041,’†‹–€ŒSº˜a’¬ã‰Í“Œ,892,,
19384-0900-24.zip,202202141041,’†‹–€ŒSº˜a’¬ã‰Í“Œ,893,,
19384-0900-24.zip,202202141041,’†‹–€ŒSº˜a’¬ã‰Í“Œ,894,,
19384-0900-24.zip,202202141041,’†‹–€ŒSº˜a’¬ã‰Í“Œ,894-2,,
19384-0900-24.zip,202202141041,’†‹–€ŒSº˜a’¬ã‰Í“Œ,895,,
19384-0900-24.zip,202202141041,’†‹–€ŒSº˜a’¬ã‰Í“Œ,895-2,,
19384-0900-24.zip,202202141041,’†‹–€ŒSº˜a’¬ã‰Í“Œ,896-1,,
19384-0900-24.zip,202202141041,’†‹–€ŒSº˜a’¬ã‰Í“Œ,897,,
19384-0900-24.zip,202202141041,’†‹–€ŒSº˜a’¬ã‰Í“Œ,898,,
19384-0900-24.zip,202202141041,’†‹–€ŒSº˜a’¬ã‰Í“Œ,899,,
19384-0900-24.zip,202202141041,’†‹–€ŒSº˜a’¬ã‰Í“Œ,900,,
19384-0900-24.zip,202202141041,’†‹–€ŒSº˜a’¬ã‰Í“Œ,901,,
19384-0900-24.zip,202202141041,’†‹–€ŒSº˜a’¬ã‰Í“Œ,902-1,,
19384-0900-24.zip,202202141041,’†‹–€ŒSº˜a’¬ã‰Í“Œ,902-2,,
19384-0900-24.zip,202202141041,’†‹–€ŒSº˜a’¬ã‰Í“Œ,903-1,,
19384-0900-24.zip,202202141041,’†‹–€ŒSº˜a’¬ã‰Í“Œ,903-2,,
19384-0900-24.zip,202202141041,’†‹–€ŒSº˜a’¬ã‰Í“Œ,903-3,,
19384-0900-24.zip,202202141041,’†‹–€ŒSº˜a’¬ã‰Í“Œ,904,,
19384-0900-24.zip,202202141041,’†‹–€ŒSº˜a’¬ã‰Í“Œ,905,,
19384-0900-24.zip,202202141041,’†‹–€ŒSº˜a’¬ã‰Í“Œ,906,,
19384-0900-24.zip,202202141041,’†‹–€ŒSº˜a’¬ã‰Í“Œ,907,,
19384-0900-24.zip,202202141041,’†‹–€ŒSº˜a’¬ã‰Í“Œ,908,,
19384-0900-24.zip,202202141041,’†‹–€ŒSº˜a’¬ã‰Í“Œ,909,,
19384-0900-24.zip,202202141041,’†‹–€ŒSº˜a’¬ã‰Í“Œ,910,,
19384-0900-24.zip,202202141041,’†‹–€ŒSº˜a’¬ã‰Í“Œ,911-1,,
19384-0900-24.zip,202202141041,’†‹–€ŒSº˜a’¬ã‰Í“Œ,911-2,,
19384-0900-24.zip,202202141041,’†‹–€ŒSº˜a’¬ã‰Í“Œ,912,,
19384-0900-24.zip,202202141041,’†‹–€ŒSº˜a’¬ã‰Í“Œ,913-1,,
19384-0900-24.zip,202202141041,’†‹–€ŒSº˜a’¬ã‰Í“Œ,913-2,,
19384-0900-24.zip,202202141041,’†‹–€ŒSº˜a’¬ã‰Í“Œ,916-2,,
19384-0900-24.zip,202202141041,’†‹–€ŒSº˜a’¬ã‰Í“Œ,916-8,,
19384-0900-24.zip,202202141041,’†‹–€ŒSº˜a’¬ã‰Í“Œ,916-9,,
19384-0900-24.zip,202202141041,’†‹–€ŒSº˜a’¬ã‰Í“Œ,916-10,,
19384-0900-24.zip,202202141041,’†‹–€ŒSº˜a’¬ã‰Í“Œ,919-1,,
19384-0900-24.zip,202202141041,’†‹–€ŒSº˜a’¬ã‰Í“Œ,919-6,,
19384-0900-24.zip,202202141041,’†‹–€ŒSº˜a’¬ã‰Í“Œ,921-2,,
19384-0900-24.zip,202202141041,’†‹–€ŒSº˜a’¬ã‰Í“Œ,921-7,,
19384-0900-24.zip,202202141041,’†‹–€ŒSº˜a’¬ã‰Í“Œ,921-8,,
19384-0900-24.zip,202202141041,’†‹–€ŒSº˜a’¬ã‰Í“Œ,921-9,,
19384-0900-24.zip,202202141041,’†‹–€ŒSº˜a’¬ã‰Í“Œ,921-10,,
19384-0900-24.zip,202202141041,’†‹–€ŒSº˜a’¬ã‰Í“Œ,922-1,,
19384-0900-24.zip,202202141041,’†‹–€ŒSº˜a’¬ã‰Í“Œ,922-2,,
19384-0900-24.zip,202202141041,’†‹–€ŒSº˜a’¬ã‰Í“Œ,922-3,,
19384-0900-24.zip,202202141041,’†‹–€ŒSº˜a’¬ã‰Í“Œ,922-4,,
19384-0900-24.zip,202202141041,’†‹–€ŒSº˜a’¬ã‰Í“Œ,922-5,,
19384-0900-24.zip,202202141041,’†‹–€ŒSº˜a’¬ã‰Í“Œ,922-6,,
19384-0900-24.zip,202202141041,’†‹–€ŒSº˜a’¬ã‰Í“Œ,922-7,,
19384-0900-24.zip,202202141041,’†‹–€ŒSº˜a’¬ã‰Í“Œ,923-4,,
19384-0900-24.zip,202202141041,’†‹–€ŒSº˜a’¬ã‰Í“Œ,923-10,,
19384-0900-24.zip,202202141041,’†‹–€ŒSº˜a’¬ã‰Í“Œ,923-11,,
19384-0900-24.zip,202202141041,’†‹–€ŒSº˜a’¬ã‰Í“Œ,927-2,,
19384-0900-24.zip,202202141041,’†‹–€ŒSº˜a’¬ã‰Í“Œ,927-3,,
19384-0900-24.zip,202202141041,’†‹–€ŒSº˜a’¬ã‰Í“Œ,927-4,,
19384-0900-24.zip,202202141041,’†‹–€ŒSº˜a’¬ã‰Í“Œ,927-5,,
19384-0900-24.zip,202202141041,’†‹–€ŒSº˜a’¬ã‰Í“Œ,927-6,,
19384-0900-24.zip,202202141041,’†‹–€ŒSº˜a’¬ã‰Í“Œ,927-7,,
19384-0900-24.zip,202202141041,’†‹–€ŒSº˜a’¬ã‰Í“Œ,928-1,,
19384-0900-24.zip,202202141041,’†‹–€ŒSº˜a’¬ã‰Í“Œ,928-2,,
19384-0900-24.zip,202202141041,’†‹–€ŒSº˜a’¬ã‰Í“Œ,928-3,,
19384-0900-24.zip,202202141041,’†‹–€ŒSº˜a’¬ã‰Í“Œ,929-3,,
19384-0900-24.zip,202202141041,’†‹–€ŒSº˜a’¬ã‰Í“Œ,931-1,,
19384-0900-24.zip,202202141041,’†‹–€ŒSº˜a’¬ã‰Í“Œ,931-2,,
19384-0900-24.zip,202202141041,’†‹–€ŒSº˜a’¬ã‰Í“Œ,931-3,,
19384-0900-24.zip,202202141041,’†‹–€ŒSº˜a’¬ã‰Í“Œ,933-1,,
19384-0900-24.zip,202202141041,’†‹–€ŒSº˜a’¬ã‰Í“Œ,933-2,,
19384-0900-24.zip,202202141041,’†‹–€ŒSº˜a’¬ã‰Í“Œ,937-1,,
19384-0900-24.zip,202202141041,’†‹–€ŒSº˜a’¬ã‰Í“Œ,937-2,,
19384-0900-24.zip,202202141041,’†‹–€ŒSº˜a’¬ã‰Í“Œ,937-3,,
19384-0900-24.zip,202202141041,’†‹–€ŒSº˜a’¬ã‰Í“Œ,937-4,,
19384-0900-24.zip,202202141041,’†‹–€ŒSº˜a’¬ã‰Í“Œ,938-1,,
19384-0900-24.zip,202202141041,’†‹–€ŒSº˜a’¬ã‰Í“Œ,938-4,,
19384-0900-24.zip,202202141041,’†‹–€ŒSº˜a’¬ã‰Í“Œ,939-1,,
19384-0900-24.zip,202202141041,’†‹–€ŒSº˜a’¬ã‰Í“Œ,939-3,,
19384-0900-24.zip,202202141041,’†‹–€ŒSº˜a’¬ã‰Í“Œ,939-4,,
19384-0900-24.zip,202202141041,’†‹–€ŒSº˜a’¬ã‰Í“Œ,939-5,,
19384-0900-24.zip,202202141041,’†‹–€ŒSº˜a’¬ã‰Í“Œ,940-1,,
19384-0900-24.zip,202202141041,’†‹–€ŒSº˜a’¬ã‰Í“Œ,940-3,,
19384-0900-24.zip,202202141041,’†‹–€ŒSº˜a’¬ã‰Í“Œ,940-4,,
19384-0900-24.zip,202202141041,’†‹–€ŒSº˜a’¬ã‰Í“Œ,940-5,,
19384-0900-24.zip,202202141041,’†‹–€ŒSº˜a’¬ã‰Í“Œ,940-6,,
19384-0900-24.zip,202202141041,’†‹–€ŒSº˜a’¬ã‰Í“Œ,941-2,,
19384-0900-24.zip,202202141041,’†‹–€ŒSº˜a’¬ã‰Í“Œ,941-4,,
19384-0900-24.zip,202202141041,’†‹–€ŒSº˜a’¬ã‰Í“Œ,941-5,,
19384-0900-24.zip,202202141041,’†‹–€ŒSº˜a’¬ã‰Í“Œ,941-6,,
19384-0900-24.zip,202202141041,’†‹–€ŒSº˜a’¬ã‰Í“Œ,947-2,,
19384-0900-24.zip,202202141041,’†‹–€ŒSº˜a’¬ã‰Í“Œ,947-4,,
19384-0900-24.zip,202202141041,’†‹–€ŒSº˜a’¬ã‰Í“Œ,947-5,,
19384-0900-24.zip,202202141041,’†‹–€ŒSº˜a’¬ã‰Í“Œ,947-6,,
19384-0900-24.zip,202202141041,’†‹–€ŒSº˜a’¬ã‰Í“Œ,947-7,,
19384-0900-24.zip,202202141041,’†‹–€ŒSº˜a’¬ã‰Í“Œ,947-8,,
19384-0900-24.zip,202202141041,’†‹–€ŒSº˜a’¬ã‰Í“Œ,947-10,,
19384-0900-24.zip,202202141041,’†‹–€ŒSº˜a’¬ã‰Í“Œ,948-2,,
19384-0900-24.zip,202202141041,’†‹–€ŒSº˜a’¬ã‰Í“Œ,950-2,,
19384-0900-24.zip,202202141041,’†‹–€ŒSº˜a’¬ã‰Í“Œ,950-4,,
19384-0900-24.zip,202202141041,’†‹–€ŒSº˜a’¬ã‰Í“Œ,950-5,,
19384-0900-24.zip,202202141041,’†‹–€ŒSº˜a’¬ã‰Í“Œ,950-6,,
19384-0900-24.zip,202202141041,’†‹–€ŒSº˜a’¬ã‰Í“Œ,950-7,,
19384-0900-24.zip,202202141041,’†‹–€ŒSº˜a’¬ã‰Í“Œ,952-3,,
19384-0900-24.zip,202202141041,’†‹–€ŒSº˜a’¬ã‰Í“Œ,952-6,,
19384-0900-24.zip,202202141041,’†‹–€ŒSº˜a’¬ã‰Í“Œ,“¹-693,,
19384-0900-24.zip,202202141041,’†‹–€ŒSº˜a’¬ã‰Í“Œ,“¹-695,,
19384-0900-24.zip,202202141041,’†‹–€ŒSº˜a’¬ã‰Í“Œ,“¹-704,,
19384-0900-24.zip,202202141041,’†‹–€ŒSº˜a’¬ã‰Í“Œ,“¹-706,,
19384-0900-24.zip,202202141041,’†‹–€ŒSº˜a’¬ã‰Í“Œ,“¹-707,,
19384-0900-24.zip,202202141041,’†‹–€ŒSº˜a’¬ã‰Í“Œ,…-1,,
19384-0900-24.zip,202202141041,’†‹–€ŒSº˜a’¬ã‰Í“Œ,…-7,,
19384-0900-24.zip,202202141041,’†‹–€ŒSº˜a’¬ã‰Í“Œ,…-62,,
19384-0900-24.zip,202202141041,’†‹–€ŒSº˜a’¬ã‰Í“Œ,…-889,,
19384-0900-24.zip,202202141041,’†‹–€ŒSº˜a’¬ã‰Í“Œ,…-891,,
19384-0900-24.zip,202202141041,’†‹–€ŒSº˜a’¬ã‰Í“Œ,…-898,,
19384-0900-24.zip,202202141041,’†‹–€ŒSº˜a’¬ã‰Í“Œ,…-899,,
19384-0900-24.zip,202202141041,’†‹–€ŒSº˜a’¬ã‰Í“Œ,…-904,,
19384-0900-24.zip,202202141041,’†‹–€ŒSº˜a’¬ã‰Í“Œ,…-907,,
19384-0900-24.zip,202202141041,’†‹–€ŒSº˜a’¬ã‰Í“Œ,…-908,,
19384-0900-24.zip,202202141041,’†‹–€ŒSº˜a’¬ã‰Í“Œ,…-909,,
19384-0900-24.zip,202202141041,’†‹–€ŒSº˜a’¬ã‰Í“Œ,923-3,,
19384-0900-24.zip,202202141041,’†‹–€ŒSº˜a’¬ã‰Í“Œ,923-1,,
19384-0900-24.zip,202202141041,’†‹–€ŒSº˜a’¬ã‰Í“Œ,932-2,,
19384-0900-24.zip,202202141041,’†‹–€ŒSº˜a’¬ã‰Í“Œ,932-1,,
19384-0900-24.zip,202202141041,’†‹–€ŒSº˜a’¬ã‰Í“Œ,928-4,,
19384-0900-24.zip,202202141041,’†‹–€ŒSº˜a’¬ã‰Í“Œ,924-3,,
19384-0900-24.zip,202202141041,’†‹–€ŒSº˜a’¬ã‰Í“Œ,923-6,,
19384-0900-24.zip,202202141041,’†‹–€ŒSº˜a’¬ã‰Í“Œ,924-1,,
19384-0900-24.zip,202202141041,’†‹–€ŒSº˜a’¬ã‰Í“Œ,924-5,,
19384-0900-24.zip,202202141041,’†‹–€ŒSº˜a’¬ã‰Í“Œ,924-6,,
19384-0900-24.zip,202202141041,’†‹–€ŒSº˜a’¬ã‰Í“Œ,“¹-2,,
19384-0900-24.zip,202202141041,’†‹–€ŒSº˜a’¬ã‰Í“Œ,924-2,,
19384-0900-24.zip,202202141041,’†‹–€ŒSº˜a’¬ã‰Í“Œ,924-4,,
19384-0900-24.zip,202202141041,’†‹–€ŒSº˜a’¬ã‰Í“Œ,947-9,,
19384-0900-24.zip,202202141041,’†‹–€ŒSº˜a’¬ã‰Í“Œ,…-894,,
19384-0900-24.zip,202202141041,’†‹–€ŒSº˜a’¬ã‰Í“Œ,923-9,,
19384-0900-24.zip,202202141041,’†‹–€ŒSº˜a’¬ã‰Í“Œ,923-12,,
19384-0900-24.zip,202202141041,’†‹–€ŒSº˜a’¬ã‰Í“Œ,923-5,,
19384-0900-24.zip,202202141041,’†‹–€ŒSº˜a’¬ã‰Í“Œ,923-2,,
19384-0900-24.zip,202202141041,’†‹–€ŒSº˜a’¬ã‰Í“Œ,533-4,,
19384-0900-24.zip,202202141041,’†‹–€ŒSº˜a’¬ã‰Í“Œ,533-1,,
19384-0900-24.zip,202202141041,’†‹–€ŒSº˜a’¬ã‰Í“Œ,533-5,,
19384-0900-24.zip,202202141041,’†‹–€ŒSº˜a’¬ã‰Í“Œ,…-48,,
19384-0900-24.zip,202202141041,’†‹–€ŒSº˜a’¬ã‰Í“Œ,410-2,,
19384-0900-24.zip,202202141041,’†‹–€ŒSº˜a’¬ã‰Í“Œ,332-1,,
19384-0900-24.zip,202202141041,’†‹–€ŒSº˜a’¬ã‰Í“Œ,332-2,,
19384-0900-24.zip,202202141041,’†‹–€ŒSº˜a’¬ã‰Í“Œ,395-9,,
19384-0900-24.zip,202202141041,’†‹–€ŒSº˜a’¬ã‰Í“Œ,395-1,,
19384-0900-24.zip,202202141041,’†‹–€ŒSº˜a’¬ã‰Í“Œ,395-10,,
19384-0900-24.zip,202202141041,’†‹–€ŒSº˜a’¬ã‰Í“Œ,395-3,,
19384-0900-24.zip,202202141041,’†‹–€ŒSº˜a’¬ã‰Í“Œ,332-4,,
19384-0900-24.zip,202202141041,’†‹–€ŒSº˜a’¬ã‰Í“Œ,333-4,,
19384-0900-24.zip,202202141041,’†‹–€ŒSº˜a’¬ã‰Í“Œ,333-1,,
19384-0900-24.zip,202202141041,’†‹–€ŒSº˜a’¬ã‰Í“Œ,347-1,,
19384-0900-24.zip,202202141041,’†‹–€ŒSº˜a’¬ã‰Í“Œ,347-3,,
19384-0900-24.zip,202202141041,’†‹–€ŒSº˜a’¬ã‰Í“Œ,347-2,,
19384-0900-24.zip,202202141041,’†‹–€ŒSº˜a’¬ã‰Í“Œ,420-4,,
19384-0900-24.zip,202202141041,’†‹–€ŒSº˜a’¬ã‰Í“Œ,420-5,,
19384-0900-24.zip,202202141041,’†‹–€ŒSº˜a’¬ã‰Í“Œ,420-1,,
19384-0900-24.zip,202202141041,’†‹–€ŒSº˜a’¬ã‰Í“Œ,418-7,,
19384-0900-24.zip,202202141041,’†‹–€ŒSº˜a’¬ã‰Í“Œ,418-8,,
19384-0900-24.zip,202202141041,’†‹–€ŒSº˜a’¬ã‰Í“Œ,418-5,,
19384-0900-24.zip,202202141041,’†‹–€ŒSº˜a’¬ã‰Í“Œ,“¹-19,,
19384-0900-24.zip,202202141041,’†‹–€ŒSº˜a’¬ã‰Í“Œ,422-3,,
19384-0900-24.zip,202202141041,’†‹–€ŒSº˜a’¬ã‰Í“Œ,422-1,,
19384-0900-24.zip,202202141041,’†‹–€ŒSº˜a’¬ã‰Í“Œ,422-2,,
19384-0900-24.zip,202202141041,’†‹–€ŒSº˜a’¬ã‰Í“Œ,…-45,,
19384-0900-24.zip,202202141041,’†‹–€ŒSº˜a’¬ã‰Í“Œ,361-2,,
19384-0900-24.zip,202202141041,’†‹–€ŒSº˜a’¬ã‰Í“Œ,361-1,,
19384-0900-24.zip,202202141041,’†‹–€ŒSº˜a’¬ã‰Í“Œ,362-3,,
19384-0900-24.zip,202202141041,’†‹–€ŒSº˜a’¬ã‰Í“Œ,362-1,,
19384-0900-24.zip,202202141041,’†‹–€ŒSº˜a’¬ã‰Í“Œ,362-2,,
19384-0900-24.zip,202202141041,’†‹–€ŒSº˜a’¬ã‰Í“Œ,“¹-8,,
19384-0900-24.zip,202202141041,’†‹–€ŒSº˜a’¬ã‰Í“Œ,…-29,,
19384-0900-24.zip,202202141041,’†‹–€ŒSº˜a’¬ã‰Í“Œ,335-1,,
19384-0900-24.zip,202202141041,’†‹–€ŒSº˜a’¬ã‰Í“Œ,392-1,,
19384-0900-24.zip,202202141041,’†‹–€ŒSº˜a’¬ã‰Í“Œ,335-3,,
19384-0900-24.zip,202202141041,’†‹–€ŒSº˜a’¬ã‰Í“Œ,335-4,,
19384-0900-24.zip,202202141041,’†‹–€ŒSº˜a’¬ã‰Í“Œ,392-4,,
19384-0900-24.zip,202202141041,’†‹–€ŒSº˜a’¬ã‰Í“Œ,392-2,,
19384-0900-24.zip,202202141041,’†‹–€ŒSº˜a’¬ã‰Í“Œ,390-3,,
19384-0900-24.zip,202202141041,’†‹–€ŒSº˜a’¬ã‰Í“Œ,391-7,,
19384-0900-24.zip,202202141041,’†‹–€ŒSº˜a’¬ã‰Í“Œ,391-10,,
19384-0900-24.zip,202202141041,’†‹–€ŒSº˜a’¬ã‰Í“Œ,391-1,,
19384-0900-24.zip,202202141041,’†‹–€ŒSº˜a’¬ã‰Í“Œ,391-9,,
19384-0900-24.zip,202202141041,’†‹–€ŒSº˜a’¬ã‰Í“Œ,391-8,,
19384-0900-24.zip,202202141041,’†‹–€ŒSº˜a’¬ã‰Í“Œ,391-3,,
19384-0900-24.zip,202202141041,’†‹–€ŒSº˜a’¬ã‰Í“Œ,391-11,,
19384-0900-24.zip,202202141041,’†‹–€ŒSº˜a’¬ã‰Í“Œ,391-6,,
19384-0900-24.zip,202202141041,’†‹–€ŒSº˜a’¬ã‰Í“Œ,391-2,,
19384-0900-24.zip,202202141041,’†‹–€ŒSº˜a’¬ã‰Í“Œ,…-29-1,,
19384-0900-24.zip,202202141041,’†‹–€ŒSº˜a’¬ã‰Í“Œ,393-14,,
19384-0900-24.zip,202202141041,’†‹–€ŒSº˜a’¬ã‰Í“Œ,393-5,,
19384-0900-24.zip,202202141041,’†‹–€ŒSº˜a’¬ã‰Í“Œ,395-6,,
19384-0900-24.zip,202202141041,’†‹–€ŒSº˜a’¬ã‰Í“Œ,393-13,,
19384-0900-24.zip,202202141041,’†‹–€ŒSº˜a’¬ã‰Í“Œ,393-4,,
19384-0900-24.zip,202202141041,’†‹–€ŒSº˜a’¬ã‰Í“Œ,395-5,,
19384-0900-24.zip,202202141041,’†‹–€ŒSº˜a’¬ã‰Í“Œ,393-12,,
19384-0900-24.zip,202202141041,’†‹–€ŒSº˜a’¬ã‰Í“Œ,393-3,,
19384-0900-24.zip,202202141041,’†‹–€ŒSº˜a’¬ã‰Í“Œ,393-9,,
19384-0900-24.zip,202202141041,’†‹–€ŒSº˜a’¬ã‰Í“Œ,334-4,,
19384-0900-24.zip,202202141041,’†‹–€ŒSº˜a’¬ã‰Í“Œ,334-1,,
19384-0900-24.zip,202202141041,’†‹–€ŒSº˜a’¬ã‰Í“Œ,334-2,,
19384-0900-24.zip,202202141041,’†‹–€ŒSº˜a’¬ã‰Í“Œ,334-3,,
19384-0900-24.zip,202202141041,’†‹–€ŒSº˜a’¬ã‰Í“Œ,333-2,,
19384-0900-24.zip,202202141041,’†‹–€ŒSº˜a’¬ã‰Í“Œ,543-87,,
19384-0900-24.zip,202202141041,’†‹–€ŒSº˜a’¬ã‰Í“Œ,344-2,,
19384-0900-24.zip,202202141041,’†‹–€ŒSº˜a’¬ã‰Í“Œ,344-3,,
19384-0900-24.zip,202202141041,’†‹–€ŒSº˜a’¬ã‰Í“Œ,“¹-28,,
19384-0900-24.zip,202202141041,’†‹–€ŒSº˜a’¬ã‰Í“Œ,543-75,,
19384-0900-24.zip,202202141041,’†‹–€ŒSº˜a’¬ã‰Í“Œ,543-88,,
19384-0900-24.zip,202202141041,’†‹–€ŒSº˜a’¬ã‰Í“Œ,543-104,,
19384-0900-24.zip,202202141041,’†‹–€ŒSº˜a’¬ã‰Í“Œ,415-7,,
19384-0900-24.zip,202202141041,’†‹–€ŒSº˜a’¬ã‰Í“Œ,415-4,,
19384-0900-24.zip,202202141041,’†‹–€ŒSº˜a’¬ã‰Í“Œ,411-9,,
19384-0900-24.zip,202202141041,’†‹–€ŒSº˜a’¬ã‰Í“Œ,411-5,,
19384-0900-24.zip,202202141041,’†‹–€ŒSº˜a’¬ã‰Í“Œ,411-4,,
19384-0900-24.zip,202202141041,’†‹–€ŒSº˜a’¬ã‰Í“Œ,415-5,,
19384-0900-24.zip,202202141041,’†‹–€ŒSº˜a’¬ã‰Í“Œ,411-1,,
19384-0900-24.zip,202202141041,’†‹–€ŒSº˜a’¬ã‰Í“Œ,411-8,,
19384-0900-24.zip,202202141041,’†‹–€ŒSº˜a’¬ã‰Í“Œ,411-6,,
19384-0900-24.zip,202202141041,’†‹–€ŒSº˜a’¬ã‰Í“Œ,411-3,,
19384-0900-24.zip,202202141041,’†‹–€ŒSº˜a’¬ã‰Í“Œ,879-1,,
19384-0900-24.zip,202202141041,’†‹–€ŒSº˜a’¬ã‰Í“Œ,879-10,,
19384-0900-24.zip,202202141041,’†‹–€ŒSº˜a’¬ã‰Í“Œ,882-3,,
19384-0900-24.zip,202202141041,’†‹–€ŒSº˜a’¬ã‰Í“Œ,741-2,,
19384-0900-24.zip,202202141041,’†‹–€ŒSº˜a’¬ã‰Í“Œ,741-3,,
19384-0900-24.zip,202202141041,’†‹–€ŒSº˜a’¬ã‰Í“Œ,741-1,,
19384-0900-24.zip,202202141041,’†‹–€ŒSº˜a’¬ã‰Í“Œ,…-8,,
19384-0900-24.zip,202202141041,’†‹–€ŒSº˜a’¬ã‰Í“Œ,“¹-714,,
19384-0900-24.zip,202202141041,’†‹–€ŒSº˜a’¬ã‰Í“Œ,879-17,,
19384-0900-24.zip,202202141041,’†‹–€ŒSº˜a’¬ã‰Í“Œ,879-9,,
19384-0900-24.zip,202202141041,’†‹–€ŒSº˜a’¬ã‰Í“Œ,879-16,,
19384-0900-24.zip,202202141041,’†‹–€ŒSº˜a’¬ã‰Í“Œ,881-7,,
19384-0900-24.zip,202202141041,’†‹–€ŒSº˜a’¬ã‰Í“Œ,“¹-710,,
19384-0900-24.zip,202202141041,’†‹–€ŒSº˜a’¬ã‰Í“Œ,879-15,,
19384-0900-24.zip,202202141041,’†‹–€ŒSº˜a’¬ã‰Í“Œ,881-1,,
19384-0900-24.zip,202202141041,’†‹–€ŒSº˜a’¬ã‰Í“Œ,“¹-718,,
19384-0900-24.zip,202202141041,’†‹–€ŒSº˜a’¬ã‰Í“Œ,“¹-698,,
19384-0900-24.zip,202202141041,’†‹–€ŒSº˜a’¬ã‰Í“Œ,881-6,,
19384-0900-24.zip,202202141041,’†‹–€ŒSº˜a’¬ã‰Í“Œ,879-18,,
19384-0900-24.zip,202202141041,’†‹–€ŒSº˜a’¬ã‰Í“Œ,925-1,,
19384-0900-24.zip,202202141041,’†‹–€ŒSº˜a’¬ã‰Í“Œ,925-5,,
19384-0900-24.zip,202202141041,’†‹–€ŒSº˜a’¬ã‰Í“Œ,925-6,,
19384-0900-24.zip,202202141041,’†‹–€ŒSº˜a’¬ã‰Í“Œ,…-61,,
19384-0900-24.zip,202202141041,’†‹–€ŒSº˜a’¬ã‰Í“Œ,925-3,,
19384-0900-24.zip,202202141041,’†‹–€ŒSº˜a’¬ã‰Í“Œ,925-4,,
19384-0900-24.zip,202202141041,’†‹–€ŒSº˜a’¬ã‰Í“Œ,551-20,,
19384-0900-24.zip,202202141041,’†‹–€ŒSº˜a’¬ã‰Í“Œ,551-1,,
19384-0900-24.zip,202202141041,’†‹–€ŒSº˜a’¬ã‰Í“Œ,551-21,,
19384-0900-24.zip,202202141041,’†‹–€ŒSº˜a’¬ã‰Í“Œ,551-3,,
19384-0900-24.zip,202202141041,’†‹–€ŒSº˜a’¬ã‰Í“Œ,“¹-16,,
19384-0900-24.zip,202202141041,’†‹–€ŒSº˜a’¬ã‰Í“Œ,“¹-12,,
19384-0900-24.zip,202202141041,’†‹–€ŒSº˜a’¬ã‰Í“Œ,…-335,,
19384-0900-24.zip,202202141041,’†‹–€ŒSº˜a’¬ã‰Í“Œ,…-13,,
19384-0900-24.zip,202202141041,’†‹–€ŒSº˜a’¬ã‰Í“Œ,551-9,,
19384-0900-24.zip,202202141041,’†‹–€ŒSº˜a’¬ã‰Í“Œ,551-11,,
19384-0900-24.zip,202202141041,’†‹–€ŒSº˜a’¬ã‰Í“Œ,342-1,,
19384-0900-24.zip,202202141041,’†‹–€ŒSº˜a’¬ã‰Í“Œ,342-2,,
19384-0900-24.zip,202202141041,’†‹–€ŒSº˜a’¬ã‰Í“Œ,339-1,,
19384-0900-24.zip,202202141041,’†‹–€ŒSº˜a’¬ã‰Í“Œ,339-3,,
19384-0900-24.zip,202202141041,’†‹–€ŒSº˜a’¬ã‰Í“Œ,339-2,,
19384-0900-24.zip,202202141041,’†‹–€ŒSº˜a’¬ã‰Í“Œ,“¹-1,,
19384-0900-24.zip,202202141041,’†‹–€ŒSº˜a’¬ã‰Í“Œ,543-186,,
19384-0900-24.zip,202202141041,’†‹–€ŒSº˜a’¬ã‰Í“Œ,543-187,,
19384-0900-24.zip,202202141041,’†‹–€ŒSº˜a’¬ã‰Í“Œ,543-99,,
19384-0900-24.zip,202202141041,’†‹–€ŒSº˜a’¬ã‰Í“Œ,543-188,,
19384-0900-24.zip,202202141041,’†‹–€ŒSº˜a’¬ã‰Í“Œ,543-191,,
19384-0900-24.zip,202202141041,’†‹–€ŒSº˜a’¬ã‰Í“Œ,543-102,,
19384-0900-24.zip,202202141041,’†‹–€ŒSº˜a’¬ã‰Í“Œ,543-100,,
19384-0900-24.zip,202202141041,’†‹–€ŒSº˜a’¬ã‰Í“Œ,543-189,,
19384-0900-24.zip,202202141041,’†‹–€ŒSº˜a’¬ã‰Í“Œ,543-101,,
19384-0900-24.zip,202202141041,’†‹–€ŒSº˜a’¬ã‰Í“Œ,543-190,,
19384-0900-24.zip,202202141041,’†‹–€ŒSº˜a’¬ã‰Í“Œ,“¹-700,,
19384-0900-24.zip,202202141041,’†‹–€ŒSº˜a’¬ã‰Í“Œ,252-5,,
19384-0900-24.zip,202202141041,’†‹–€ŒSº˜a’¬ã‰Í“Œ,252-2,,
19384-0900-24.zip,202202141041,’†‹–€ŒSº˜a’¬ã‰Í“Œ,250-1,,
19384-0900-24.zip,202202141041,’†‹–€ŒSº˜a’¬ã‰Í“Œ,252-3,,
19384-0900-24.zip,202202141041,’†‹–€ŒSº˜a’¬ã‰Í“Œ,351,,
19384-0900-24.zip,202202141041,’†‹–€ŒSº˜a’¬ã‰Í“Œ,736-1,,
19384-0900-24.zip,202202141041,’†‹–€ŒSº˜a’¬ã‰Í“Œ,407-1,,
19384-0900-24.zip,202202141041,’†‹–€ŒSº˜a’¬ã‰Í“Œ,349-1,,
19384-0900-24.zip,202202141041,’†‹–€ŒSº˜a’¬ã‰Í“Œ,349-9,,
19384-0900-24.zip,202202141041,’†‹–€ŒSº˜a’¬ã‰Í“Œ,349-8,,
19384-0900-24.zip,202202141041,’†‹–€ŒSº˜a’¬ã‰Í“Œ,350-1,,
19384-0900-24.zip,202202141041,’†‹–€ŒSº˜a’¬ã‰Í“Œ,350-3,,
19384-0900-24.zip,202202141041,’†‹–€ŒSº˜a’¬ã‰Í“Œ,350-2,,
19384-0900-24.zip,202202141041,’†‹–€ŒSº˜a’¬ã‰Í“Œ,350-5,,
19384-0900-24.zip,202202141041,’†‹–€ŒSº˜a’¬ã‰Í“Œ,419-1,,
19384-0900-24.zip,202202141041,’†‹–€ŒSº˜a’¬ã‰Í“Œ,419-5,,
19384-0900-24.zip,202202141041,’†‹–€ŒSº˜a’¬ã‰Í“Œ,419-4,,
19384-0900-24.zip,202202141041,’†‹–€ŒSº˜a’¬ã‰Í“Œ,“¹-20,,
19384-0900-24.zip,202202141041,’†‹–€ŒSº˜a’¬ã‰Í“Œ,“¹-21,,
19384-0900-24.zip,202202141041,’†‹–€ŒSº˜a’¬ã‰Í“Œ,419-7,,
19384-0900-24.zip,202202141041,’†‹–€ŒSº˜a’¬ã‰Í“Œ,456-9,,
19384-0900-24.zip,202202141041,’†‹–€ŒSº˜a’¬ã‰Í“Œ,420-3,,
19384-0900-24.zip,202202141041,’†‹–€ŒSº˜a’¬ã‰Í“Œ,420-7,,
19384-0900-24.zip,202202141041,’†‹–€ŒSº˜a’¬ã‰Í“Œ,420-8,,
19384-0900-24.zip,202202141041,’†‹–€ŒSº˜a’¬ã‰Í“Œ,420-6,,
19384-0900-24.zip,202202141041,’†‹–€ŒSº˜a’¬ã‰Í“Œ,419-3,,
19384-0900-24.zip,202202141041,’†‹–€ŒSº˜a’¬ã‰Í“Œ,419-6,,
19384-0900-24.zip,202202141041,’†‹–€ŒSº˜a’¬ã‰Í“Œ,“¹-21a,,
19384-0900-24.zip,202202141041,’†‹–€ŒSº˜a’¬ã‰Í“Œ,916-13,,
19384-0900-24.zip,202202141041,’†‹–€ŒSº˜a’¬ã‰Í“Œ,891-3,,
19384-0900-24.zip,202202141041,’†‹–€ŒSº˜a’¬ã‰Í“Œ,890-1,,
19384-0900-24.zip,202202141041,’†‹–€ŒSº˜a’¬ã‰Í“Œ,916-16,,
19384-0900-24.zip,202202141041,’†‹–€ŒSº˜a’¬ã‰Í“Œ,916-15,,
19384-0900-24.zip,202202141041,’†‹–€ŒSº˜a’¬ã‰Í“Œ,916-19,,
19384-0900-24.zip,202202141041,’†‹–€ŒSº˜a’¬ã‰Í“Œ,916-18,,
19384-0900-24.zip,202202141041,’†‹–€ŒSº˜a’¬ã‰Í“Œ,916-17,,
19384-0900-24.zip,202202141041,’†‹–€ŒSº˜a’¬ã‰Í“Œ,916-14,,
19384-0900-24.zip,202202141041,’†‹–€ŒSº˜a’¬ã‰Í“Œ,916-7,,
19384-0900-24.zip,202202141041,’†‹–€ŒSº˜a’¬ã‰Í“Œ,916-11,,
19384-0900-24.zip,202202141041,’†‹–€ŒSº˜a’¬ã‰Í“Œ,“¹-689,,
19384-0900-24.zip,202202141041,’†‹–€ŒSº˜a’¬ã‰Í“Œ,“¹-689-1,,
19384-0900-24.zip,202202141041,’†‹–€ŒSº˜a’¬ã‰Í“Œ,…-56,,
19384-0900-24.zip,202202141041,’†‹–€ŒSº˜a’¬ã‰Í“Œ,886-1,,
19384-0900-24.zip,202202141041,’†‹–€ŒSº˜a’¬ã‰Í“Œ,891-9,,
19384-0900-24.zip,202202141041,’†‹–€ŒSº˜a’¬ã‰Í“Œ,891-8,,
19384-0900-24.zip,202202141041,’†‹–€ŒSº˜a’¬ã‰Í“Œ,891-7,,
19384-0900-24.zip,202202141041,’†‹–€ŒSº˜a’¬ã‰Í“Œ,891-1,,
19384-0900-24.zip,202202141041,’†‹–€ŒSº˜a’¬ã‰Í“Œ,891-4,,
19384-0900-24.zip,202202141041,’†‹–€ŒSº˜a’¬ã‰Í“Œ,891-10,,
19384-0900-24.zip,202202141041,’†‹–€ŒSº˜a’¬ã‰Í“Œ,891-11,,
19384-0900-24.zip,202202141041,’†‹–€ŒSº˜a’¬ã‰Í“Œ,891-2,,
19384-0900-24.zip,202202141041,’†‹–€ŒSº˜a’¬ã‰Í“Œ,914-2,,
19384-0900-24.zip,202202141041,’†‹–€ŒSº˜a’¬ã‰Í“Œ,916-6,,
19384-0900-24.zip,202202141041,’†‹–€ŒSº˜a’¬ã‰Í“Œ,“¹-689-2,,
19384-0900-24.zip,202202141041,’†‹–€ŒSº˜a’¬ã‰Í“Œ,“¹-689-3,,
19384-0900-24.zip,202202141041,’†‹–€ŒSº˜a’¬ã‰Í“Œ,…-22-3,,
19384-0900-24.zip,202202141041,’†‹–€ŒSº˜a’¬ã‰Í“Œ,“¹-690-3,,
19384-0900-24.zip,202202141041,’†‹–€ŒSº˜a’¬ã‰Í“Œ,…-17-2,,
19384-0900-24.zip,202202141041,’†‹–€ŒSº˜a’¬ã‰Í“Œ,247-1,,
19384-0900-24.zip,202202141041,’†‹–€ŒSº˜a’¬ã‰Í“Œ,350-4,,
19384-0900-24.zip,202202141041,’†‹–€ŒSº˜a’¬ã‰Í“Œ,357-2,,
19384-0900-24.zip,202202141041,’†‹–€ŒSº˜a’¬ã‰Í“Œ,269-2,,
19384-0900-24.zip,202202141041,’†‹–€ŒSº˜a’¬ã‰Í“Œ,“¹-690-4,,
19384-0900-24.zip,202202141041,’†‹–€ŒSº˜a’¬ã‰Í“Œ,…-896-2,,
19384-0900-24.zip,202202141041,’†‹–€ŒSº˜a’¬ã‰Í“Œ,543-193,,
19384-0900-24.zip,202202141041,’†‹–€ŒSº˜a’¬ã‰Í“Œ,543-98,,
19384-0900-24.zip,202202141041,’†‹–€ŒSº˜a’¬ã‰Í“Œ,543-192,,
19384-0900-24.zip,202202141041,’†‹–€ŒSº˜a’¬ã‰Í“Œ,…-4,,
19384-0900-24.zip,202202141041,’†‹–€ŒSº˜a’¬ã‰Í“Œ,543-97,,
19384-0900-24.zip,202202141041,’†‹–€ŒSº˜a’¬ã‰Í“Œ,543-194,,
19384-0900-24.zip,202202141041,’†‹–€ŒSº˜a’¬ã‰Í“Œ,543-1,,
19384-0900-24.zip,202202141041,’†‹–€ŒSº˜a’¬ã‰Í“Œ,483-1,,
19384-0900-24.zip,202202141041,’†‹–€ŒSº˜a’¬ã‰Í“Œ,523-6,,
19384-0900-24.zip,202202141041,’†‹–€ŒSº˜a’¬ã‰Í“Œ,483-3,,
19384-0900-24.zip,202202141041,’†‹–€ŒSº˜a’¬ã‰Í“Œ,337,,
19384-0900-24.zip,202202141041,’†‹–€ŒSº˜a’¬ã‰Í“Œ,337-2,,
19384-0900-24.zip,202202141041,’†‹–€ŒSº˜a’¬ã‰Í“Œ,“¹-713-2,,
19384-0900-24.zip,202202141041,’†‹–€ŒSº˜a’¬ã‰Í“Œ,390-1,,
19384-0900-24.zip,202202141041,’†‹–€ŒSº˜a’¬ã‰Í“Œ,…-14,,
19384-0900-24.zip,202202141041,’†‹–€ŒSº˜a’¬ã‰Í“Œ,515-5,,
19384-0900-24.zip,202202141041,’†‹–€ŒSº˜a’¬ã‰Í“Œ,513-1,,
19384-0900-24.zip,202202141041,’†‹–€ŒSº˜a’¬ã‰Í“Œ,513-3,,
19384-0900-24.zip,202202141041,’†‹–€ŒSº˜a’¬ã‰Í“Œ,513-4,,
19384-0900-24.zip,202202141041,’†‹–€ŒSº˜a’¬ã‰Í“Œ,513-5,,
19384-0900-24.zip,202202141041,’†‹–€ŒSº˜a’¬ã‰Í“Œ,515-4,,
19384-0900-24.zip,202202141041,’†‹–€ŒSº˜a’¬ã‰Í“Œ,515-7,,
19384-0900-24.zip,202202141041,’†‹–€ŒSº˜a’¬ã‰Í“Œ,515-2,,
19384-0900-24.zip,202202141041,’†‹–€ŒSº˜a’¬ã‰Í“Œ,…-50,,
19384-0900-24.zip,202202141041,’†‹–€ŒSº˜a’¬ã‰Í“Œ,557-13,,
19384-0900-24.zip,202202141041,’†‹–€ŒSº˜a’¬ã‰Í“Œ,513-2,,
19384-0900-24.zip,202202141041,’†‹–€ŒSº˜a’¬ã‰Í“Œ,929-1,,
19384-0900-24.zip,202202141041,’†‹–€ŒSº˜a’¬ã‰Í“Œ,929-4,,
19384-0900-24.zip,202202141041,’†‹–€ŒSº˜a’¬ã‰Í“Œ,929-2,,
19384-0900-25.zip,202202141041,’†‹–€ŒSº˜a’¬¼ğ,5001,,
19384-0900-25.zip,202202141041,’†‹–€ŒSº˜a’¬¼ğ,5002,,
19384-0900-25.zip,202202141041,’†‹–€ŒSº˜a’¬¼ğ,5003-1,,
19384-0900-25.zip,202202141041,’†‹–€ŒSº˜a’¬¼ğ,5003-2,,
19384-0900-25.zip,202202141041,’†‹–€ŒSº˜a’¬¼ğ,5003-3,,
19384-0900-25.zip,202202141041,’†‹–€ŒSº˜a’¬¼ğ,5003-4,,
19384-0900-25.zip,202202141041,’†‹–€ŒSº˜a’¬¼ğ,5003-5,,
19384-0900-25.zip,202202141041,’†‹–€ŒSº˜a’¬¼ğ,5004,,
19384-0900-25.zip,202202141041,’†‹–€ŒSº˜a’¬¼ğ,5005,,
19384-0900-25.zip,202202141041,’†‹–€ŒSº˜a’¬¼ğ,5006,,
19384-0900-25.zip,202202141041,’†‹–€ŒSº˜a’¬¼ğ,5007,,
19384-0900-25.zip,202202141041,’†‹–€ŒSº˜a’¬¼ğ,5008,,
19384-0900-25.zip,202202141041,’†‹–€ŒSº˜a’¬¼ğ,5009,,
19384-0900-25.zip,202202141041,’†‹–€ŒSº˜a’¬¼ğ,5010,,
19384-0900-25.zip,202202141041,’†‹–€ŒSº˜a’¬¼ğ,5011,,
19384-0900-25.zip,202202141041,’†‹–€ŒSº˜a’¬¼ğ,5012,,
19384-0900-25.zip,202202141041,’†‹–€ŒSº˜a’¬¼ğ,5013,,
19384-0900-25.zip,202202141041,’†‹–€ŒSº˜a’¬¼ğ,5014,,
19384-0900-25.zip,202202141041,’†‹–€ŒSº˜a’¬¼ğ,5015,,
19384-0900-25.zip,202202141041,’†‹–€ŒSº˜a’¬¼ğ,5317,,
19384-0900-25.zip,202202141041,’†‹–€ŒSº˜a’¬¼ğ,5318,,
19384-0900-25.zip,202202141041,’†‹–€ŒSº˜a’¬¼ğ,5319,,
19384-0900-25.zip,202202141041,’†‹–€ŒSº˜a’¬¼ğ,5320,,
19384-0900-25.zip,202202141041,’†‹–€ŒSº˜a’¬¼ğ,5321,,
19384-0900-25.zip,202202141041,’†‹–€ŒSº˜a’¬¼ğ,5322,,
19384-0900-25.zip,202202141041,’†‹–€ŒSº˜a’¬¼ğ,5249,,
19384-0900-25.zip,202202141041,’†‹–€ŒSº˜a’¬¼ğ,5250,,
19384-0900-25.zip,202202141041,’†‹–€ŒSº˜a’¬¼ğ,5252,,
19384-0900-25.zip,202202141041,’†‹–€ŒSº˜a’¬¼ğ,5254,,
19384-0900-25.zip,202202141041,’†‹–€ŒSº˜a’¬¼ğ,5255,,
19384-0900-25.zip,202202141041,’†‹–€ŒSº˜a’¬¼ğ,5257,,
19384-0900-25.zip,202202141041,’†‹–€ŒSº˜a’¬¼ğ,5258,,
19384-0900-25.zip,202202141041,’†‹–€ŒSº˜a’¬¼ğ,5259,,
19384-0900-25.zip,202202141041,’†‹–€ŒSº˜a’¬¼ğ,5260,,
19384-0900-25.zip,202202141041,’†‹–€ŒSº˜a’¬¼ğ,5261,,
19384-0900-25.zip,202202141041,’†‹–€ŒSº˜a’¬¼ğ,5262,,
19384-0900-25.zip,202202141041,’†‹–€ŒSº˜a’¬¼ğ,5263,,
19384-0900-25.zip,202202141041,’†‹–€ŒSº˜a’¬¼ğ,5264,,
19384-0900-25.zip,202202141041,’†‹–€ŒSº˜a’¬¼ğ,5265,,
19384-0900-25.zip,202202141041,’†‹–€ŒSº˜a’¬¼ğ,5382,,
19384-0900-25.zip,202202141041,’†‹–€ŒSº˜a’¬¼ğ,5384,,
19384-0900-25.zip,202202141041,’†‹–€ŒSº˜a’¬¼ğ,5385,,
19384-0900-25.zip,202202141041,’†‹–€ŒSº˜a’¬¼ğ,5192,,
19384-0900-25.zip,202202141041,’†‹–€ŒSº˜a’¬¼ğ,5194,,
19384-0900-25.zip,202202141041,’†‹–€ŒSº˜a’¬¼ğ,5195,,
19384-0900-25.zip,202202141041,’†‹–€ŒSº˜a’¬¼ğ,5197,,
19384-0900-25.zip,202202141041,’†‹–€ŒSº˜a’¬¼ğ,5198,,
19384-0900-25.zip,202202141041,’†‹–€ŒSº˜a’¬¼ğ,5199,,
19384-0900-25.zip,202202141041,’†‹–€ŒSº˜a’¬¼ğ,5200,,
19384-0900-25.zip,202202141041,’†‹–€ŒSº˜a’¬¼ğ,5201,,
19384-0900-25.zip,202202141041,’†‹–€ŒSº˜a’¬¼ğ,5202,,
19384-0900-25.zip,202202141041,’†‹–€ŒSº˜a’¬¼ğ,5203,,
19384-0900-25.zip,202202141041,’†‹–€ŒSº˜a’¬¼ğ,5204,,
19384-0900-25.zip,202202141041,’†‹–€ŒSº˜a’¬¼ğ,5205,,
19384-0900-25.zip,202202141041,’†‹–€ŒSº˜a’¬¼ğ,5206,,
19384-0900-25.zip,202202141041,’†‹–€ŒSº˜a’¬¼ğ,5207,,
19384-0900-25.zip,202202141041,’†‹–€ŒSº˜a’¬¼ğ,5208,,
19384-0900-25.zip,202202141041,’†‹–€ŒSº˜a’¬¼ğ,5209,,
19384-0900-25.zip,202202141041,’†‹–€ŒSº˜a’¬¼ğ,5210,,
19384-0900-25.zip,202202141041,’†‹–€ŒSº˜a’¬¼ğ,5211,,
19384-0900-25.zip,202202141041,’†‹–€ŒSº˜a’¬¼ğ,5212,,
19384-0900-25.zip,202202141041,’†‹–€ŒSº˜a’¬¼ğ,5213,,
19384-0900-25.zip,202202141041,’†‹–€ŒSº˜a’¬¼ğ,5214,,
19384-0900-25.zip,202202141041,’†‹–€ŒSº˜a’¬¼ğ,5215,,
19384-0900-25.zip,202202141041,’†‹–€ŒSº˜a’¬¼ğ,5216,,
19384-0900-25.zip,202202141041,’†‹–€ŒSº˜a’¬¼ğ,5217,,
19384-0900-25.zip,202202141041,’†‹–€ŒSº˜a’¬¼ğ,5218,,
19384-0900-25.zip,202202141041,’†‹–€ŒSº˜a’¬¼ğ,5219-1,,
19384-0900-25.zip,202202141041,’†‹–€ŒSº˜a’¬¼ğ,5219-2,,
19384-0900-25.zip,202202141041,’†‹–€ŒSº˜a’¬¼ğ,5220,,
19384-0900-25.zip,202202141041,’†‹–€ŒSº˜a’¬¼ğ,5221,,
19384-0900-25.zip,202202141041,’†‹–€ŒSº˜a’¬¼ğ,5222,,
19384-0900-25.zip,202202141041,’†‹–€ŒSº˜a’¬¼ğ,5223,,
19384-0900-25.zip,202202141041,’†‹–€ŒSº˜a’¬¼ğ,5224,,
19384-0900-25.zip,202202141041,’†‹–€ŒSº˜a’¬¼ğ,5225,,
19384-0900-25.zip,202202141041,’†‹–€ŒSº˜a’¬¼ğ,5226,,
19384-0900-25.zip,202202141041,’†‹–€ŒSº˜a’¬¼ğ,5229,,
19384-0900-25.zip,202202141041,’†‹–€ŒSº˜a’¬¼ğ,5230,,
19384-0900-25.zip,202202141041,’†‹–€ŒSº˜a’¬¼ğ,5231,,
19384-0900-25.zip,202202141041,’†‹–€ŒSº˜a’¬¼ğ,5232,,
19384-0900-25.zip,202202141041,’†‹–€ŒSº˜a’¬¼ğ,5233,,
19384-0900-25.zip,202202141041,’†‹–€ŒSº˜a’¬¼ğ,5234,,
19384-0900-25.zip,202202141041,’†‹–€ŒSº˜a’¬¼ğ,5235,,
19384-0900-25.zip,202202141041,’†‹–€ŒSº˜a’¬¼ğ,5236,,
19384-0900-25.zip,202202141041,’†‹–€ŒSº˜a’¬¼ğ,5237,,
19384-0900-25.zip,202202141041,’†‹–€ŒSº˜a’¬¼ğ,5238,,
19384-0900-25.zip,202202141041,’†‹–€ŒSº˜a’¬¼ğ,5239,,
19384-0900-25.zip,202202141041,’†‹–€ŒSº˜a’¬¼ğ,5240,,
19384-0900-25.zip,202202141041,’†‹–€ŒSº˜a’¬¼ğ,5242,,
19384-0900-25.zip,202202141041,’†‹–€ŒSº˜a’¬¼ğ,5243,,
19384-0900-25.zip,202202141041,’†‹–€ŒSº˜a’¬¼ğ,5244,,
19384-0900-25.zip,202202141041,’†‹–€ŒSº˜a’¬¼ğ,5245,,
19384-0900-25.zip,202202141041,’†‹–€ŒSº˜a’¬¼ğ,5246,,
19384-0900-25.zip,202202141041,’†‹–€ŒSº˜a’¬¼ğ,5247-2,,
19384-0900-25.zip,202202141041,’†‹–€ŒSº˜a’¬¼ğ,5374,,
19384-0900-25.zip,202202141041,’†‹–€ŒSº˜a’¬¼ğ,5376,,
19384-0900-25.zip,202202141041,’†‹–€ŒSº˜a’¬¼ğ,5378,,
19384-0900-25.zip,202202141041,’†‹–€ŒSº˜a’¬¼ğ,5379,,
19384-0900-25.zip,202202141041,’†‹–€ŒSº˜a’¬¼ğ,5380,,
19384-0900-25.zip,202202141041,’†‹–€ŒSº˜a’¬¼ğ,5381,,
19384-0900-25.zip,202202141041,’†‹–€ŒSº˜a’¬¼ğ,5267,,
19384-0900-25.zip,202202141041,’†‹–€ŒSº˜a’¬¼ğ,5268,,
19384-0900-25.zip,202202141041,’†‹–€ŒSº˜a’¬¼ğ,5269,,
19384-0900-25.zip,202202141041,’†‹–€ŒSº˜a’¬¼ğ,5270,,
19384-0900-25.zip,202202141041,’†‹–€ŒSº˜a’¬¼ğ,5273,,
19384-0900-25.zip,202202141041,’†‹–€ŒSº˜a’¬¼ğ,5274,,
19384-0900-25.zip,202202141041,’†‹–€ŒSº˜a’¬¼ğ,5275,,
19384-0900-25.zip,202202141041,’†‹–€ŒSº˜a’¬¼ğ,5276,,
19384-0900-25.zip,202202141041,’†‹–€ŒSº˜a’¬¼ğ,5277,,
19384-0900-25.zip,202202141041,’†‹–€ŒSº˜a’¬¼ğ,5278,,
19384-0900-25.zip,202202141041,’†‹–€ŒSº˜a’¬¼ğ,5279,,
19384-0900-25.zip,202202141041,’†‹–€ŒSº˜a’¬¼ğ,5280-1,,
19384-0900-25.zip,202202141041,’†‹–€ŒSº˜a’¬¼ğ,5280-2,,
19384-0900-25.zip,202202141041,’†‹–€ŒSº˜a’¬¼ğ,5281,,
19384-0900-25.zip,202202141041,’†‹–€ŒSº˜a’¬¼ğ,5282,,
19384-0900-25.zip,202202141041,’†‹–€ŒSº˜a’¬¼ğ,5283,,
19384-0900-25.zip,202202141041,’†‹–€ŒSº˜a’¬¼ğ,5284,,
19384-0900-25.zip,202202141041,’†‹–€ŒSº˜a’¬¼ğ,5285,,
19384-0900-25.zip,202202141041,’†‹–€ŒSº˜a’¬¼ğ,5286,,
19384-0900-25.zip,202202141041,’†‹–€ŒSº˜a’¬¼ğ,5289,,
19384-0900-25.zip,202202141041,’†‹–€ŒSº˜a’¬¼ğ,5290,,
19384-0900-25.zip,202202141041,’†‹–€ŒSº˜a’¬¼ğ,5387,,
19384-0900-25.zip,202202141041,’†‹–€ŒSº˜a’¬¼ğ,5388,,
19384-0900-25.zip,202202141041,’†‹–€ŒSº˜a’¬¼ğ,5389,,
19384-0900-25.zip,202202141041,’†‹–€ŒSº˜a’¬¼ğ,5390,,
19384-0900-25.zip,202202141041,’†‹–€ŒSº˜a’¬¼ğ,5391,,
19384-0900-25.zip,202202141041,’†‹–€ŒSº˜a’¬¼ğ,5392,,
19384-0900-25.zip,202202141041,’†‹–€ŒSº˜a’¬¼ğ,5393,,
19384-0900-25.zip,202202141041,’†‹–€ŒSº˜a’¬¼ğ,3618-7W2,,
19384-0900-25.zip,202202141041,’†‹–€ŒSº˜a’¬¼ğ,5291,,
19384-0900-25.zip,202202141041,’†‹–€ŒSº˜a’¬¼ğ,5292,,
19384-0900-25.zip,202202141041,’†‹–€ŒSº˜a’¬¼ğ,5293,,
19384-0900-25.zip,202202141041,’†‹–€ŒSº˜a’¬¼ğ,5294,,
19384-0900-25.zip,202202141041,’†‹–€ŒSº˜a’¬¼ğ,5295-1,,
19384-0900-25.zip,202202141041,’†‹–€ŒSº˜a’¬¼ğ,5295-2,,
19384-0900-25.zip,202202141041,’†‹–€ŒSº˜a’¬¼ğ,5296,,
19384-0900-25.zip,202202141041,’†‹–€ŒSº˜a’¬¼ğ,5297,,
19384-0900-25.zip,202202141041,’†‹–€ŒSº˜a’¬¼ğ,5298,,
19384-0900-25.zip,202202141041,’†‹–€ŒSº˜a’¬¼ğ,5299,,
19384-0900-25.zip,202202141041,’†‹–€ŒSº˜a’¬¼ğ,5300,,
19384-0900-25.zip,202202141041,’†‹–€ŒSº˜a’¬¼ğ,5301,,
19384-0900-25.zip,202202141041,’†‹–€ŒSº˜a’¬¼ğ,5302,,
19384-0900-25.zip,202202141041,’†‹–€ŒSº˜a’¬¼ğ,5303,,
19384-0900-25.zip,202202141041,’†‹–€ŒSº˜a’¬¼ğ,5304,,
19384-0900-25.zip,202202141041,’†‹–€ŒSº˜a’¬¼ğ,5305,,
19384-0900-25.zip,202202141041,’†‹–€ŒSº˜a’¬¼ğ,5306,,
19384-0900-25.zip,202202141041,’†‹–€ŒSº˜a’¬¼ğ,5307-1,,
19384-0900-25.zip,202202141041,’†‹–€ŒSº˜a’¬¼ğ,5307-2,,
19384-0900-25.zip,202202141041,’†‹–€ŒSº˜a’¬¼ğ,5307-3,,
19384-0900-25.zip,202202141041,’†‹–€ŒSº˜a’¬¼ğ,5308,,
19384-0900-25.zip,202202141041,’†‹–€ŒSº˜a’¬¼ğ,5309-1,,
19384-0900-25.zip,202202141041,’†‹–€ŒSº˜a’¬¼ğ,5309-2,,
19384-0900-25.zip,202202141041,’†‹–€ŒSº˜a’¬¼ğ,5310,,
19384-0900-25.zip,202202141041,’†‹–€ŒSº˜a’¬¼ğ,5311,,
19384-0900-25.zip,202202141041,’†‹–€ŒSº˜a’¬¼ğ,5312,,
19384-0900-25.zip,202202141041,’†‹–€ŒSº˜a’¬¼ğ,5313,,
19384-0900-25.zip,202202141041,’†‹–€ŒSº˜a’¬¼ğ,5314,,
19384-0900-25.zip,202202141041,’†‹–€ŒSº˜a’¬¼ğ,5315,,
19384-0900-25.zip,202202141041,’†‹–€ŒSº˜a’¬¼ğ,5316,,
19384-0900-25.zip,202202141041,’†‹–€ŒSº˜a’¬¼ğ,5394,,
19384-0900-25.zip,202202141041,’†‹–€ŒSº˜a’¬¼ğ,5395,,
19384-0900-25.zip,202202141041,’†‹–€ŒSº˜a’¬¼ğ,5396,,
19384-0900-25.zip,202202141041,’†‹–€ŒSº˜a’¬¼ğ,5397,,
19384-0900-25.zip,202202141041,’†‹–€ŒSº˜a’¬¼ğ,5399-1,,
19384-0900-25.zip,202202141041,’†‹–€ŒSº˜a’¬¼ğ,5400,,
19384-0900-25.zip,202202141041,’†‹–€ŒSº˜a’¬¼ğ,5401,,
19384-0900-25.zip,202202141041,’†‹–€ŒSº˜a’¬¼ğ,5402,,
19384-0900-25.zip,202202141041,’†‹–€ŒSº˜a’¬¼ğ,5403,,
19384-0900-25.zip,202202141041,’†‹–€ŒSº˜a’¬¼ğ,5404,,
19384-0900-25.zip,202202141041,’†‹–€ŒSº˜a’¬¼ğ,5405,,
19384-0900-25.zip,202202141041,’†‹–€ŒSº˜a’¬¼ğ,5406,,
19384-0900-25.zip,202202141041,’†‹–€ŒSº˜a’¬¼ğ,5407,,
19384-0900-25.zip,202202141041,’†‹–€ŒSº˜a’¬¼ğ,5408,,
19384-0900-25.zip,202202141041,’†‹–€ŒSº˜a’¬¼ğ,5409,,
19384-0900-25.zip,202202141041,’†‹–€ŒSº˜a’¬¼ğ,5157,,
19384-0900-25.zip,202202141041,’†‹–€ŒSº˜a’¬¼ğ,5158,,
19384-0900-25.zip,202202141041,’†‹–€ŒSº˜a’¬¼ğ,5159,,
19384-0900-25.zip,202202141041,’†‹–€ŒSº˜a’¬¼ğ,5160,,
19384-0900-25.zip,202202141041,’†‹–€ŒSº˜a’¬¼ğ,5161,,
19384-0900-25.zip,202202141041,’†‹–€ŒSº˜a’¬¼ğ,5162,,
19384-0900-25.zip,202202141041,’†‹–€ŒSº˜a’¬¼ğ,5163,,
19384-0900-25.zip,202202141041,’†‹–€ŒSº˜a’¬¼ğ,5164,,
19384-0900-25.zip,202202141041,’†‹–€ŒSº˜a’¬¼ğ,5165,,
19384-0900-25.zip,202202141041,’†‹–€ŒSº˜a’¬¼ğ,5166,,
19384-0900-25.zip,202202141041,’†‹–€ŒSº˜a’¬¼ğ,5167,,
19384-0900-25.zip,202202141041,’†‹–€ŒSº˜a’¬¼ğ,5168,,
19384-0900-25.zip,202202141041,’†‹–€ŒSº˜a’¬¼ğ,5169,,
19384-0900-25.zip,202202141041,’†‹–€ŒSº˜a’¬¼ğ,5170,,
19384-0900-25.zip,202202141041,’†‹–€ŒSº˜a’¬¼ğ,5171,,
19384-0900-25.zip,202202141041,’†‹–€ŒSº˜a’¬¼ğ,5172,,
19384-0900-25.zip,202202141041,’†‹–€ŒSº˜a’¬¼ğ,5173,,
19384-0900-25.zip,202202141041,’†‹–€ŒSº˜a’¬¼ğ,5174,,
19384-0900-25.zip,202202141041,’†‹–€ŒSº˜a’¬¼ğ,5175,,
19384-0900-25.zip,202202141041,’†‹–€ŒSº˜a’¬¼ğ,5176,,
19384-0900-25.zip,202202141041,’†‹–€ŒSº˜a’¬¼ğ,5177,,
19384-0900-25.zip,202202141041,’†‹–€ŒSº˜a’¬¼ğ,5178,,
19384-0900-25.zip,202202141041,’†‹–€ŒSº˜a’¬¼ğ,5179,,
19384-0900-25.zip,202202141041,’†‹–€ŒSº˜a’¬¼ğ,5180,,
19384-0900-25.zip,202202141041,’†‹–€ŒSº˜a’¬¼ğ,5181,,
19384-0900-25.zip,202202141041,’†‹–€ŒSº˜a’¬¼ğ,5182,,
19384-0900-25.zip,202202141041,’†‹–€ŒSº˜a’¬¼ğ,5183,,
19384-0900-25.zip,202202141041,’†‹–€ŒSº˜a’¬¼ğ,5184,,
19384-0900-25.zip,202202141041,’†‹–€ŒSº˜a’¬¼ğ,5185,,
19384-0900-25.zip,202202141041,’†‹–€ŒSº˜a’¬¼ğ,5186,,
19384-0900-25.zip,202202141041,’†‹–€ŒSº˜a’¬¼ğ,5187,,
19384-0900-25.zip,202202141041,’†‹–€ŒSº˜a’¬¼ğ,5188,,
19384-0900-25.zip,202202141041,’†‹–€ŒSº˜a’¬¼ğ,5189,,
19384-0900-25.zip,202202141041,’†‹–€ŒSº˜a’¬¼ğ,5368,,
19384-0900-25.zip,202202141041,’†‹–€ŒSº˜a’¬¼ğ,5369,,
19384-0900-25.zip,202202141041,’†‹–€ŒSº˜a’¬¼ğ,5370,,
19384-0900-25.zip,202202141041,’†‹–€ŒSº˜a’¬¼ğ,5371,,
19384-0900-25.zip,202202141041,’†‹–€ŒSº˜a’¬¼ğ,5372,,
19384-0900-25.zip,202202141041,’†‹–€ŒSº˜a’¬¼ğ,5373,,
19384-0900-25.zip,202202141041,’†‹–€ŒSº˜a’¬¼ğ,5016,,
19384-0900-25.zip,202202141041,’†‹–€ŒSº˜a’¬¼ğ,5017,,
19384-0900-25.zip,202202141041,’†‹–€ŒSº˜a’¬¼ğ,5018,,
19384-0900-25.zip,202202141041,’†‹–€ŒSº˜a’¬¼ğ,5019,,
19384-0900-25.zip,202202141041,’†‹–€ŒSº˜a’¬¼ğ,5020,,
19384-0900-25.zip,202202141041,’†‹–€ŒSº˜a’¬¼ğ,5021,,
19384-0900-25.zip,202202141041,’†‹–€ŒSº˜a’¬¼ğ,5022,,
19384-0900-25.zip,202202141041,’†‹–€ŒSº˜a’¬¼ğ,5023,,
19384-0900-25.zip,202202141041,’†‹–€ŒSº˜a’¬¼ğ,5024,,
19384-0900-25.zip,202202141041,’†‹–€ŒSº˜a’¬¼ğ,5025,,
19384-0900-25.zip,202202141041,’†‹–€ŒSº˜a’¬¼ğ,5026,,
19384-0900-25.zip,202202141041,’†‹–€ŒSº˜a’¬¼ğ,5027,,
19384-0900-25.zip,202202141041,’†‹–€ŒSº˜a’¬¼ğ,5028,,
19384-0900-25.zip,202202141041,’†‹–€ŒSº˜a’¬¼ğ,5029,,
19384-0900-25.zip,202202141041,’†‹–€ŒSº˜a’¬¼ğ,5030,,
19384-0900-25.zip,202202141041,’†‹–€ŒSº˜a’¬¼ğ,5031,,
19384-0900-25.zip,202202141041,’†‹–€ŒSº˜a’¬¼ğ,5032,,
19384-0900-25.zip,202202141041,’†‹–€ŒSº˜a’¬¼ğ,5033,,
19384-0900-25.zip,202202141041,’†‹–€ŒSº˜a’¬¼ğ,5034,,
19384-0900-25.zip,202202141041,’†‹–€ŒSº˜a’¬¼ğ,5035,,
19384-0900-25.zip,202202141041,’†‹–€ŒSº˜a’¬¼ğ,5036,,
19384-0900-25.zip,202202141041,’†‹–€ŒSº˜a’¬¼ğ,5037,,
19384-0900-25.zip,202202141041,’†‹–€ŒSº˜a’¬¼ğ,5038,,
19384-0900-25.zip,202202141041,’†‹–€ŒSº˜a’¬¼ğ,5039,,
19384-0900-25.zip,202202141041,’†‹–€ŒSº˜a’¬¼ğ,5040,,
19384-0900-25.zip,202202141041,’†‹–€ŒSº˜a’¬¼ğ,5041,,
19384-0900-25.zip,202202141041,’†‹–€ŒSº˜a’¬¼ğ,5042,,
19384-0900-25.zip,202202141041,’†‹–€ŒSº˜a’¬¼ğ,5043,,
19384-0900-25.zip,202202141041,’†‹–€ŒSº˜a’¬¼ğ,5044,,
19384-0900-25.zip,202202141041,’†‹–€ŒSº˜a’¬¼ğ,5045,,
19384-0900-25.zip,202202141041,’†‹–€ŒSº˜a’¬¼ğ,5046,,
19384-0900-25.zip,202202141041,’†‹–€ŒSº˜a’¬¼ğ,5047,,
19384-0900-25.zip,202202141041,’†‹–€ŒSº˜a’¬¼ğ,5048,,
19384-0900-25.zip,202202141041,’†‹–€ŒSº˜a’¬¼ğ,5049,,
19384-0900-25.zip,202202141041,’†‹–€ŒSº˜a’¬¼ğ,5050,,
19384-0900-25.zip,202202141041,’†‹–€ŒSº˜a’¬¼ğ,5051,,
19384-0900-25.zip,202202141041,’†‹–€ŒSº˜a’¬¼ğ,5052,,
19384-0900-25.zip,202202141041,’†‹–€ŒSº˜a’¬¼ğ,5053,,
19384-0900-25.zip,202202141041,’†‹–€ŒSº˜a’¬¼ğ,5054,,
19384-0900-25.zip,202202141041,’†‹–€ŒSº˜a’¬¼ğ,5055,,
19384-0900-25.zip,202202141041,’†‹–€ŒSº˜a’¬¼ğ,5057,,
19384-0900-25.zip,202202141041,’†‹–€ŒSº˜a’¬¼ğ,5058,,
19384-0900-25.zip,202202141041,’†‹–€ŒSº˜a’¬¼ğ,5059,,
19384-0900-25.zip,202202141041,’†‹–€ŒSº˜a’¬¼ğ,5060,,
19384-0900-25.zip,202202141041,’†‹–€ŒSº˜a’¬¼ğ,5061,,
19384-0900-25.zip,202202141041,’†‹–€ŒSº˜a’¬¼ğ,5062,,
19384-0900-25.zip,202202141041,’†‹–€ŒSº˜a’¬¼ğ,5063,,
19384-0900-25.zip,202202141041,’†‹–€ŒSº˜a’¬¼ğ,5064,,
19384-0900-25.zip,202202141041,’†‹–€ŒSº˜a’¬¼ğ,5065,,
19384-0900-25.zip,202202141041,’†‹–€ŒSº˜a’¬¼ğ,5066,,
19384-0900-25.zip,202202141041,’†‹–€ŒSº˜a’¬¼ğ,5067,,
19384-0900-25.zip,202202141041,’†‹–€ŒSº˜a’¬¼ğ,5068,,
19384-0900-25.zip,202202141041,’†‹–€ŒSº˜a’¬¼ğ,5069,,
19384-0900-25.zip,202202141041,’†‹–€ŒSº˜a’¬¼ğ,5070,,
19384-0900-25.zip,202202141041,’†‹–€ŒSº˜a’¬¼ğ,5071,,
19384-0900-25.zip,202202141041,’†‹–€ŒSº˜a’¬¼ğ,5072,,
19384-0900-25.zip,202202141041,’†‹–€ŒSº˜a’¬¼ğ,5073,,
19384-0900-25.zip,202202141041,’†‹–€ŒSº˜a’¬¼ğ,5074,,
19384-0900-25.zip,202202141041,’†‹–€ŒSº˜a’¬¼ğ,5075,,
19384-0900-25.zip,202202141041,’†‹–€ŒSº˜a’¬¼ğ,5076,,
19384-0900-25.zip,202202141041,’†‹–€ŒSº˜a’¬¼ğ,5077,,
19384-0900-25.zip,202202141041,’†‹–€ŒSº˜a’¬¼ğ,5078,,
19384-0900-25.zip,202202141041,’†‹–€ŒSº˜a’¬¼ğ,5079,,
19384-0900-25.zip,202202141041,’†‹–€ŒSº˜a’¬¼ğ,5080,,
19384-0900-25.zip,202202141041,’†‹–€ŒSº˜a’¬¼ğ,5081,,
19384-0900-25.zip,202202141041,’†‹–€ŒSº˜a’¬¼ğ,5082,,
19384-0900-25.zip,202202141041,’†‹–€ŒSº˜a’¬¼ğ,5083,,
19384-0900-25.zip,202202141041,’†‹–€ŒSº˜a’¬¼ğ,5084,,
19384-0900-25.zip,202202141041,’†‹–€ŒSº˜a’¬¼ğ,5085,,
19384-0900-25.zip,202202141041,’†‹–€ŒSº˜a’¬¼ğ,5086,,
19384-0900-25.zip,202202141041,’†‹–€ŒSº˜a’¬¼ğ,5087,,
19384-0900-25.zip,202202141041,’†‹–€ŒSº˜a’¬¼ğ,5088,,
19384-0900-25.zip,202202141041,’†‹–€ŒSº˜a’¬¼ğ,5089,,
19384-0900-25.zip,202202141041,’†‹–€ŒSº˜a’¬¼ğ,5090,,
19384-0900-25.zip,202202141041,’†‹–€ŒSº˜a’¬¼ğ,5091,,
19384-0900-25.zip,202202141041,’†‹–€ŒSº˜a’¬¼ğ,5092,,
19384-0900-25.zip,202202141041,’†‹–€ŒSº˜a’¬¼ğ,5093,,
19384-0900-25.zip,202202141041,’†‹–€ŒSº˜a’¬¼ğ,5094,,
19384-0900-25.zip,202202141041,’†‹–€ŒSº˜a’¬¼ğ,5095,,
19384-0900-25.zip,202202141041,’†‹–€ŒSº˜a’¬¼ğ,5096,,
19384-0900-25.zip,202202141041,’†‹–€ŒSº˜a’¬¼ğ,5097,,
19384-0900-25.zip,202202141041,’†‹–€ŒSº˜a’¬¼ğ,5098,,
19384-0900-25.zip,202202141041,’†‹–€ŒSº˜a’¬¼ğ,5099,,
19384-0900-25.zip,202202141041,’†‹–€ŒSº˜a’¬¼ğ,5100,,
19384-0900-25.zip,202202141041,’†‹–€ŒSº˜a’¬¼ğ,5101,,
19384-0900-25.zip,202202141041,’†‹–€ŒSº˜a’¬¼ğ,5102,,
19384-0900-25.zip,202202141041,’†‹–€ŒSº˜a’¬¼ğ,5103,,
19384-0900-25.zip,202202141041,’†‹–€ŒSº˜a’¬¼ğ,5104,,
19384-0900-25.zip,202202141041,’†‹–€ŒSº˜a’¬¼ğ,5105,,
19384-0900-25.zip,202202141041,’†‹–€ŒSº˜a’¬¼ğ,5106,,
19384-0900-25.zip,202202141041,’†‹–€ŒSº˜a’¬¼ğ,5107,,
19384-0900-25.zip,202202141041,’†‹–€ŒSº˜a’¬¼ğ,5108,,
19384-0900-25.zip,202202141041,’†‹–€ŒSº˜a’¬¼ğ,5109,,
19384-0900-25.zip,202202141041,’†‹–€ŒSº˜a’¬¼ğ,5110,,
19384-0900-25.zip,202202141041,’†‹–€ŒSº˜a’¬¼ğ,5111,,
19384-0900-25.zip,202202141041,’†‹–€ŒSº˜a’¬¼ğ,5112-1,,
19384-0900-25.zip,202202141041,’†‹–€ŒSº˜a’¬¼ğ,5112-2,,
19384-0900-25.zip,202202141041,’†‹–€ŒSº˜a’¬¼ğ,5113,,
19384-0900-25.zip,202202141041,’†‹–€ŒSº˜a’¬¼ğ,5114,,
19384-0900-25.zip,202202141041,’†‹–€ŒSº˜a’¬¼ğ,5115,,
19384-0900-25.zip,202202141041,’†‹–€ŒSº˜a’¬¼ğ,5116,,
19384-0900-25.zip,202202141041,’†‹–€ŒSº˜a’¬¼ğ,5117,,
19384-0900-25.zip,202202141041,’†‹–€ŒSº˜a’¬¼ğ,5118,,
19384-0900-25.zip,202202141041,’†‹–€ŒSº˜a’¬¼ğ,5119,,
19384-0900-25.zip,202202141041,’†‹–€ŒSº˜a’¬¼ğ,5122,,
19384-0900-25.zip,202202141041,’†‹–€ŒSº˜a’¬¼ğ,5123,,
19384-0900-25.zip,202202141041,’†‹–€ŒSº˜a’¬¼ğ,5124,,
19384-0900-25.zip,202202141041,’†‹–€ŒSº˜a’¬¼ğ,5125,,
19384-0900-25.zip,202202141041,’†‹–€ŒSº˜a’¬¼ğ,5126,,
19384-0900-25.zip,202202141041,’†‹–€ŒSº˜a’¬¼ğ,5127,,
19384-0900-25.zip,202202141041,’†‹–€ŒSº˜a’¬¼ğ,5128,,
19384-0900-25.zip,202202141041,’†‹–€ŒSº˜a’¬¼ğ,5129,,
19384-0900-25.zip,202202141041,’†‹–€ŒSº˜a’¬¼ğ,5130,,
19384-0900-25.zip,202202141041,’†‹–€ŒSº˜a’¬¼ğ,5131,,
19384-0900-25.zip,202202141041,’†‹–€ŒSº˜a’¬¼ğ,5132,,
19384-0900-25.zip,202202141041,’†‹–€ŒSº˜a’¬¼ğ,5133,,
19384-0900-25.zip,202202141041,’†‹–€ŒSº˜a’¬¼ğ,5134,,
19384-0900-25.zip,202202141041,’†‹–€ŒSº˜a’¬¼ğ,5135,,
19384-0900-25.zip,202202141041,’†‹–€ŒSº˜a’¬¼ğ,5136,,
19384-0900-25.zip,202202141041,’†‹–€ŒSº˜a’¬¼ğ,5137,,
19384-0900-25.zip,202202141041,’†‹–€ŒSº˜a’¬¼ğ,5138,,
19384-0900-25.zip,202202141041,’†‹–€ŒSº˜a’¬¼ğ,5139,,
19384-0900-25.zip,202202141041,’†‹–€ŒSº˜a’¬¼ğ,5140,,
19384-0900-25.zip,202202141041,’†‹–€ŒSº˜a’¬¼ğ,5141,,
19384-0900-25.zip,202202141041,’†‹–€ŒSº˜a’¬¼ğ,5142,,
19384-0900-25.zip,202202141041,’†‹–€ŒSº˜a’¬¼ğ,5143-4,,
19384-0900-25.zip,202202141041,’†‹–€ŒSº˜a’¬¼ğ,5143-5,,
19384-0900-25.zip,202202141041,’†‹–€ŒSº˜a’¬¼ğ,5146,,
19384-0900-25.zip,202202141041,’†‹–€ŒSº˜a’¬¼ğ,5147,,
19384-0900-25.zip,202202141041,’†‹–€ŒSº˜a’¬¼ğ,5148,,
19384-0900-25.zip,202202141041,’†‹–€ŒSº˜a’¬¼ğ,5149,,
19384-0900-25.zip,202202141041,’†‹–€ŒSº˜a’¬¼ğ,5150,,
19384-0900-25.zip,202202141041,’†‹–€ŒSº˜a’¬¼ğ,5151,,
19384-0900-25.zip,202202141041,’†‹–€ŒSº˜a’¬¼ğ,5152,,
19384-0900-25.zip,202202141041,’†‹–€ŒSº˜a’¬¼ğ,5153,,
19384-0900-25.zip,202202141041,’†‹–€ŒSº˜a’¬¼ğ,5154,,
19384-0900-25.zip,202202141041,’†‹–€ŒSº˜a’¬¼ğ,5155,,
19384-0900-25.zip,202202141041,’†‹–€ŒSº˜a’¬¼ğ,5323,,
19384-0900-25.zip,202202141041,’†‹–€ŒSº˜a’¬¼ğ,5324,,
19384-0900-25.zip,202202141041,’†‹–€ŒSº˜a’¬¼ğ,5325,,
19384-0900-25.zip,202202141041,’†‹–€ŒSº˜a’¬¼ğ,5326,,
19384-0900-25.zip,202202141041,’†‹–€ŒSº˜a’¬¼ğ,5327,,
19384-0900-25.zip,202202141041,’†‹–€ŒSº˜a’¬¼ğ,5328,,
19384-0900-25.zip,202202141041,’†‹–€ŒSº˜a’¬¼ğ,5329,,
19384-0900-25.zip,202202141041,’†‹–€ŒSº˜a’¬¼ğ,5330,,
19384-0900-25.zip,202202141041,’†‹–€ŒSº˜a’¬¼ğ,5331,,
19384-0900-25.zip,202202141041,’†‹–€ŒSº˜a’¬¼ğ,5332,,
19384-0900-25.zip,202202141041,’†‹–€ŒSº˜a’¬¼ğ,5333,,
19384-0900-25.zip,202202141041,’†‹–€ŒSº˜a’¬¼ğ,5334,,
19384-0900-25.zip,202202141041,’†‹–€ŒSº˜a’¬¼ğ,5335,,
19384-0900-25.zip,202202141041,’†‹–€ŒSº˜a’¬¼ğ,5336,,
19384-0900-25.zip,202202141041,’†‹–€ŒSº˜a’¬¼ğ,5337,,
19384-0900-25.zip,202202141041,’†‹–€ŒSº˜a’¬¼ğ,5338,,
19384-0900-25.zip,202202141041,’†‹–€ŒSº˜a’¬¼ğ,5339,,
19384-0900-25.zip,202202141041,’†‹–€ŒSº˜a’¬¼ğ,5340,,
19384-0900-25.zip,202202141041,’†‹–€ŒSº˜a’¬¼ğ,5341,,
19384-0900-25.zip,202202141041,’†‹–€ŒSº˜a’¬¼ğ,5342,,
19384-0900-25.zip,202202141041,’†‹–€ŒSº˜a’¬¼ğ,5343,,
19384-0900-25.zip,202202141041,’†‹–€ŒSº˜a’¬¼ğ,5344,,
19384-0900-25.zip,202202141041,’†‹–€ŒSº˜a’¬¼ğ,5345,,
19384-0900-25.zip,202202141041,’†‹–€ŒSº˜a’¬¼ğ,5346,,
19384-0900-25.zip,202202141041,’†‹–€ŒSº˜a’¬¼ğ,5347,,
19384-0900-25.zip,202202141041,’†‹–€ŒSº˜a’¬¼ğ,5348,,
19384-0900-25.zip,202202141041,’†‹–€ŒSº˜a’¬¼ğ,5349,,
19384-0900-25.zip,202202141041,’†‹–€ŒSº˜a’¬¼ğ,5350,,
19384-0900-25.zip,202202141041,’†‹–€ŒSº˜a’¬¼ğ,5351,,
19384-0900-25.zip,202202141041,’†‹–€ŒSº˜a’¬¼ğ,5353,,
19384-0900-25.zip,202202141041,’†‹–€ŒSº˜a’¬¼ğ,5354,,
19384-0900-25.zip,202202141041,’†‹–€ŒSº˜a’¬¼ğ,5355,,
19384-0900-25.zip,202202141041,’†‹–€ŒSº˜a’¬¼ğ,5356,,
19384-0900-25.zip,202202141041,’†‹–€ŒSº˜a’¬¼ğ,5357,,
19384-0900-25.zip,202202141041,’†‹–€ŒSº˜a’¬¼ğ,5358,,
19384-0900-25.zip,202202141041,’†‹–€ŒSº˜a’¬¼ğ,5359,,
19384-0900-25.zip,202202141041,’†‹–€ŒSº˜a’¬¼ğ,5360,,
19384-0900-25.zip,202202141041,’†‹–€ŒSº˜a’¬¼ğ,5361,,
19384-0900-25.zip,202202141041,’†‹–€ŒSº˜a’¬¼ğ,5362,,
19384-0900-25.zip,202202141041,’†‹–€ŒSº˜a’¬¼ğ,5363,,
19384-0900-25.zip,202202141041,’†‹–€ŒSº˜a’¬¼ğ,5364,,
19384-0900-25.zip,202202141041,’†‹–€ŒSº˜a’¬¼ğ,5365,,
19384-0900-25.zip,202202141041,’†‹–€ŒSº˜a’¬¼ğ,5366,,
19384-0900-25.zip,202202141041,’†‹–€ŒSº˜a’¬¼ğ,5367,,
19384-0900-25.zip,202202141041,’†‹–€ŒSº˜a’¬,’n‹æŠO-3327956,,
19384-0900-25.zip,202202141041,’†‹–€ŒSº˜a’¬,’n‹æŠO-3327957,,
19384-0900-25.zip,202202141041,’†‹–€ŒSº˜a’¬,’n‹æŠO-3327958,,
19384-0900-25.zip,202202141041,’†‹–€ŒSº˜a’¬,’n‹æŠO-3327959,,
19384-0900-25.zip,202202141041,’†‹–€ŒSº˜a’¬,’n‹æŠO-3327961,,
19384-0900-25.zip,202202141041,’†‹–€ŒSº˜a’¬,’n‹æŠO-3327962,,
19384-0900-25.zip,202202141041,’†‹–€ŒSº˜a’¬,’n‹æŠO-3327963,,
19384-0900-25.zip,202202141041,’†‹–€ŒSº˜a’¬,’n‹æŠO-3327964,,
19384-0900-25.zip,202202141041,’†‹–€ŒSº˜a’¬,’n‹æŠO-3327965,,
19384-0900-25.zip,202202141041,’†‹–€ŒSº˜a’¬,’n‹æŠO-3327966,,
19384-0900-25.zip,202202141041,’†‹–€ŒSº˜a’¬,’n‹æŠO-3327967,,
19384-0900-25.zip,202202141041,’†‹–€ŒSº˜a’¬,’n‹æŠO-3327968,,
19384-0900-25.zip,202202141041,’†‹–€ŒSº˜a’¬,’n‹æŠO-3327969,,
19384-0900-25.zip,202202141041,’†‹–€ŒSº˜a’¬,’n‹æŠO-3327970,,
19384-0900-25.zip,202202141041,’†‹–€ŒSº˜a’¬,’n‹æŠO-3327971,,
19384-0900-25.zip,202202141041,’†‹–€ŒSº˜a’¬,’n‹æŠO-3327972,,
19384-0900-25.zip,202202141041,’†‹–€ŒSº˜a’¬,’n‹æŠO-3327973,,
19384-0900-25.zip,202202141041,’†‹–€ŒSº˜a’¬,’n‹æŠO-3327974,,
19384-0900-25.zip,202202141041,’†‹–€ŒSº˜a’¬,’n‹æŠO-3327975,,
19384-0900-25.zip,202202141041,’†‹–€ŒSº˜a’¬,’n‹æŠO-3327976,,
19384-0900-25.zip,202202141041,’†‹–€ŒSº˜a’¬,’n‹æŠO-3327977,,
19384-0900-25.zip,202202141041,’†‹–€ŒSº˜a’¬¼ğ,5143-1,,
19384-0900-25.zip,202202141041,’†‹–€ŒSº˜a’¬¼ğ,5143-6,,
19384-0900-25.zip,202202141041,’†‹–€ŒSº˜a’¬¼ğ,5145,,
19384-0900-25.zip,202202141041,’†‹–€ŒSº˜a’¬¼ğ,5143-2,,
19384-0900-25.zip,202202141041,’†‹–€ŒSº˜a’¬¼ğ,5266-5,,
19384-0900-25.zip,202202141041,’†‹–€ŒSº˜a’¬¼ğ,5266-4,,
19384-0900-25.zip,202202141041,’†‹–€ŒSº˜a’¬¼ğ,5266-3,,
19384-0900-25.zip,202202141041,’†‹–€ŒSº˜a’¬¼ğ,5256,,
19384-0900-25.zip,202202141041,’†‹–€ŒSº˜a’¬¼ğ,5266-2,,
19384-0900-25.zip,202202141041,’†‹–€ŒSº˜a’¬¼ğ,5266-6,,
19384-0900-25.zip,202202141041,’†‹–€ŒSº˜a’¬¼ğ,5251,,
19384-0900-25.zip,202202141041,’†‹–€ŒSº˜a’¬¼ğ,5386,,
19384-0900-25.zip,202202141041,’†‹–€ŒSº˜a’¬¼ğ,5121-2,,
19384-0900-25.zip,202202141041,’†‹–€ŒSº˜a’¬¼ğ,5121-1,,
19384-0900-25.zip,202202141041,’†‹–€ŒSº˜a’¬¼ğ,5352,,
19384-0900-25.zip,202202141041,’†‹–€ŒSº˜a’¬¼ğ,5120,,
19384-0900-25.zip,202202141041,’†‹–€ŒSº˜a’¬¼ğ,5253-1,,
19384-0900-25.zip,202202141041,’†‹–€ŒSº˜a’¬¼ğ,5253-2,,
19384-0900-25.zip,202202141041,’†‹–€ŒSº˜a’¬¼ğ,5383,,
19384-0900-25.zip,202202141041,’†‹–€ŒSº˜a’¬¼ğ,5266-1,,
19384-0900-25.zip,202202141041,’†‹–€ŒSº˜a’¬¼ğ,5191-1,,
19384-0900-25.zip,202202141041,’†‹–€ŒSº˜a’¬¼ğ,5191-2,,
19384-0900-25.zip,202202141041,’†‹–€ŒSº˜a’¬¼ğ,5193-2,,
19384-0900-25.zip,202202141041,’†‹–€ŒSº˜a’¬¼ğ,5190-1,,
19384-0900-25.zip,202202141041,’†‹–€ŒSº˜a’¬¼ğ,5190-2,,
19384-0900-25.zip,202202141041,’†‹–€ŒSº˜a’¬,’n‹æŠO-3327960,,
19384-0900-25.zip,202202141041,’†‹–€ŒSº˜a’¬¼ğ,5193-3,,
19384-0900-25.zip,202202141041,’†‹–€ŒSº˜a’¬¼ğ,5193-1,,
19384-0900-25.zip,202202141041,’†‹–€ŒSº˜a’¬¼ğ,5193-4,,
19384-0900-25.zip,202202141041,’†‹–€ŒSº˜a’¬¼ğ,5196,,
19384-0900-25.zip,202202141041,’†‹–€ŒSº˜a’¬¼ğ,5375,,
19384-0900-25.zip,202202141041,’†‹–€ŒSº˜a’¬¼ğ,5247-1,,
19384-0900-25.zip,202202141041,’†‹–€ŒSº˜a’¬¼ğ,5247-3,,
19384-0900-25.zip,202202141041,’†‹–€ŒSº˜a’¬¼ğ,5377,,
19384-0900-25.zip,202202141041,’†‹–€ŒSº˜a’¬¼ğ,5248,,
19384-0900-26.zip,202202141041,’†‹–€ŒSº˜a’¬‰Í¼,1382,,
19384-0900-26.zip,202202141041,’†‹–€ŒSº˜a’¬‰Í¼,1383-1,,
19384-0900-26.zip,202202141041,’†‹–€ŒSº˜a’¬‰Í¼,1383-2,,
19384-0900-26.zip,202202141041,’†‹–€ŒSº˜a’¬‰Í¼,1384,,
19384-0900-26.zip,202202141041,’†‹–€ŒSº˜a’¬‰Í¼,1385-1,,
19384-0900-26.zip,202202141041,’†‹–€ŒSº˜a’¬‰Í¼,1385-2,,
19384-0900-26.zip,202202141041,’†‹–€ŒSº˜a’¬‰Í¼,1385-3,,
19384-0900-26.zip,202202141041,’†‹–€ŒSº˜a’¬‰Í¼,1385-4,,
19384-0900-26.zip,202202141041,’†‹–€ŒSº˜a’¬‰Í¼,1386-1,,
19384-0900-26.zip,202202141041,’†‹–€ŒSº˜a’¬‰Í¼,1386-2,,
19384-0900-26.zip,202202141041,’†‹–€ŒSº˜a’¬‰Í¼,1386-3,,
19384-0900-26.zip,202202141041,’†‹–€ŒSº˜a’¬‰Í¼,1386-4,,
19384-0900-26.zip,202202141041,’†‹–€ŒSº˜a’¬‰Í¼,1386-5,,
19384-0900-26.zip,202202141041,’†‹–€ŒSº˜a’¬‰Í¼,1387,,
19384-0900-26.zip,202202141041,’†‹–€ŒSº˜a’¬‰Í¼,1388,,
19384-0900-26.zip,202202141041,’†‹–€ŒSº˜a’¬‰Í¼,1389,,
19384-0900-26.zip,202202141041,’†‹–€ŒSº˜a’¬‰Í¼,1390,,
19384-0900-26.zip,202202141041,’†‹–€ŒSº˜a’¬‰Í¼,1391,,
19384-0900-26.zip,202202141041,’†‹–€ŒSº˜a’¬‰Í¼,1392,,
19384-0900-26.zip,202202141041,’†‹–€ŒSº˜a’¬‰Í¼,1393,,
19384-0900-26.zip,202202141041,’†‹–€ŒSº˜a’¬‰Í¼,1394,,
19384-0900-26.zip,202202141041,’†‹–€ŒSº˜a’¬‰Í¼,1395,,
19384-0900-26.zip,202202141041,’†‹–€ŒSº˜a’¬‰Í¼,1396,,
19384-0900-26.zip,202202141041,’†‹–€ŒSº˜a’¬‰Í¼,1397,,
19384-0900-26.zip,202202141041,’†‹–€ŒSº˜a’¬‰Í¼,1398,,
19384-0900-26.zip,202202141041,’†‹–€ŒSº˜a’¬‰Í¼,1399,,
19384-0900-26.zip,202202141041,’†‹–€ŒSº˜a’¬‰Í¼,1400,,
19384-0900-26.zip,202202141041,’†‹–€ŒSº˜a’¬‰Í¼,1401,,
19384-0900-26.zip,202202141041,’†‹–€ŒSº˜a’¬‰Í¼,1402,,
19384-0900-26.zip,202202141041,’†‹–€ŒSº˜a’¬‰Í¼,1403,,
19384-0900-26.zip,202202141041,’†‹–€ŒSº˜a’¬‰Í¼,1404,,
19384-0900-26.zip,202202141041,’†‹–€ŒSº˜a’¬‰Í¼,1405,,
19384-0900-26.zip,202202141041,’†‹–€ŒSº˜a’¬‰Í¼,1406,,
19384-0900-26.zip,202202141041,’†‹–€ŒSº˜a’¬‰Í¼,1407,,
19384-0900-26.zip,202202141041,’†‹–€ŒSº˜a’¬‰Í¼,1408,,
19384-0900-26.zip,202202141041,’†‹–€ŒSº˜a’¬‰Í¼,1409,,
19384-0900-26.zip,202202141041,’†‹–€ŒSº˜a’¬‰Í¼,1410,,
19384-0900-26.zip,202202141041,’†‹–€ŒSº˜a’¬‰Í¼,1411,,
19384-0900-26.zip,202202141041,’†‹–€ŒSº˜a’¬‰Í¼,1412,,
19384-0900-26.zip,202202141041,’†‹–€ŒSº˜a’¬‰Í¼,1413,,
19384-0900-26.zip,202202141041,’†‹–€ŒSº˜a’¬‰Í¼,1414,,
19384-0900-26.zip,202202141041,’†‹–€ŒSº˜a’¬‰Í¼,1415,,
19384-0900-26.zip,202202141041,’†‹–€ŒSº˜a’¬‰Í¼,1416,,
19384-0900-26.zip,202202141041,’†‹–€ŒSº˜a’¬‰Í¼,1417,,
19384-0900-26.zip,202202141041,’†‹–€ŒSº˜a’¬‰Í¼,1418,,
19384-0900-26.zip,202202141041,’†‹–€ŒSº˜a’¬‰Í¼,1419,,
19384-0900-26.zip,202202141041,’†‹–€ŒSº˜a’¬‰Í¼,1420,,
19384-0900-26.zip,202202141041,’†‹–€ŒSº˜a’¬‰Í¼,1421,,
19384-0900-26.zip,202202141041,’†‹–€ŒSº˜a’¬‰Í¼,1422,,
19384-0900-26.zip,202202141041,’†‹–€ŒSº˜a’¬‰Í¼,1423,,
19384-0900-26.zip,202202141041,’†‹–€ŒSº˜a’¬‰Í¼,1424,,
19384-0900-26.zip,202202141041,’†‹–€ŒSº˜a’¬‰Í¼,1425,,
19384-0900-26.zip,202202141041,’†‹–€ŒSº˜a’¬‰Í¼,1426,,
19384-0900-26.zip,202202141041,’†‹–€ŒSº˜a’¬‰Í¼,1427,,
19384-0900-26.zip,202202141041,’†‹–€ŒSº˜a’¬‰Í¼,1428,,
19384-0900-26.zip,202202141041,’†‹–€ŒSº˜a’¬‰Í¼,1429,,
19384-0900-26.zip,202202141041,’†‹–€ŒSº˜a’¬‰Í¼,1430,,
19384-0900-26.zip,202202141041,’†‹–€ŒSº˜a’¬‰Í¼,1431,,
19384-0900-26.zip,202202141041,’†‹–€ŒSº˜a’¬‰Í¼,1432,,
19384-0900-26.zip,202202141041,’†‹–€ŒSº˜a’¬‰Í¼,1433,,
19384-0900-26.zip,202202141041,’†‹–€ŒSº˜a’¬‰Í¼,1434,,
19384-0900-26.zip,202202141041,’†‹–€ŒSº˜a’¬‰Í¼,1435,,
19384-0900-26.zip,202202141041,’†‹–€ŒSº˜a’¬‰Í¼,1439,,
19384-0900-26.zip,202202141041,’†‹–€ŒSº˜a’¬‰Í¼,1440,,
19384-0900-26.zip,202202141041,’†‹–€ŒSº˜a’¬‰Í¼,1446,,
19384-0900-26.zip,202202141041,’†‹–€ŒSº˜a’¬‰Í¼,1437,,
19384-0900-26.zip,202202141041,’†‹–€ŒSº˜a’¬‰Í¼,1441,,
19384-0900-26.zip,202202141041,’†‹–€ŒSº˜a’¬‰Í¼,1442,,
19384-0900-26.zip,202202141041,’†‹–€ŒSº˜a’¬‰Í¼,1443,,
19384-0900-26.zip,202202141041,’†‹–€ŒSº˜a’¬‰Í¼,1447,,
19384-0900-26.zip,202202141041,’†‹–€ŒSº˜a’¬‰Í¼,1300,,
19384-0900-26.zip,202202141041,’†‹–€ŒSº˜a’¬‰Í¼,1301,,
19384-0900-26.zip,202202141041,’†‹–€ŒSº˜a’¬‰Í¼,1303,,
19384-0900-26.zip,202202141041,’†‹–€ŒSº˜a’¬‰Í¼,1304,,
19384-0900-26.zip,202202141041,’†‹–€ŒSº˜a’¬‰Í¼,1305,,
19384-0900-26.zip,202202141041,’†‹–€ŒSº˜a’¬‰Í¼,1306,,
19384-0900-26.zip,202202141041,’†‹–€ŒSº˜a’¬‰Í¼,1307,,
19384-0900-26.zip,202202141041,’†‹–€ŒSº˜a’¬‰Í¼,1308,,
19384-0900-26.zip,202202141041,’†‹–€ŒSº˜a’¬‰Í¼,1309,,
19384-0900-26.zip,202202141041,’†‹–€ŒSº˜a’¬‰Í¼,1310,,
19384-0900-26.zip,202202141041,’†‹–€ŒSº˜a’¬‰Í¼,1311,,
19384-0900-26.zip,202202141041,’†‹–€ŒSº˜a’¬‰Í¼,1312,,
19384-0900-26.zip,202202141041,’†‹–€ŒSº˜a’¬‰Í¼,1315,,
19384-0900-26.zip,202202141041,’†‹–€ŒSº˜a’¬‰Í¼,1316,,
19384-0900-26.zip,202202141041,’†‹–€ŒSº˜a’¬‰Í¼,1317,,
19384-0900-26.zip,202202141041,’†‹–€ŒSº˜a’¬‰Í¼,1318,,
19384-0900-26.zip,202202141041,’†‹–€ŒSº˜a’¬‰Í¼,1319,,
19384-0900-26.zip,202202141041,’†‹–€ŒSº˜a’¬‰Í¼,1320,,
19384-0900-26.zip,202202141041,’†‹–€ŒSº˜a’¬‰Í¼,1321,,
19384-0900-26.zip,202202141041,’†‹–€ŒSº˜a’¬‰Í¼,1322,,
19384-0900-26.zip,202202141041,’†‹–€ŒSº˜a’¬‰Í¼,1323,,
19384-0900-26.zip,202202141041,’†‹–€ŒSº˜a’¬‰Í¼,1324,,
19384-0900-26.zip,202202141041,’†‹–€ŒSº˜a’¬‰Í¼,1325,,
19384-0900-26.zip,202202141041,’†‹–€ŒSº˜a’¬‰Í¼,1326,,
19384-0900-26.zip,202202141041,’†‹–€ŒSº˜a’¬‰Í¼,1327,,
19384-0900-26.zip,202202141041,’†‹–€ŒSº˜a’¬‰Í¼,1328,,
19384-0900-26.zip,202202141041,’†‹–€ŒSº˜a’¬‰Í¼,1329,,
19384-0900-26.zip,202202141041,’†‹–€ŒSº˜a’¬‰Í¼,1330,,
19384-0900-26.zip,202202141041,’†‹–€ŒSº˜a’¬‰Í¼,1331,,
19384-0900-26.zip,202202141041,’†‹–€ŒSº˜a’¬‰Í¼,1332,,
19384-0900-26.zip,202202141041,’†‹–€ŒSº˜a’¬‰Í¼,1333,,
19384-0900-26.zip,202202141041,’†‹–€ŒSº˜a’¬‰Í¼,1334,,
19384-0900-26.zip,202202141041,’†‹–€ŒSº˜a’¬‰Í¼,1335,,
19384-0900-26.zip,202202141041,’†‹–€ŒSº˜a’¬‰Í¼,1340,,
19384-0900-26.zip,202202141041,’†‹–€ŒSº˜a’¬‰Í¼,1341,,
19384-0900-26.zip,202202141041,’†‹–€ŒSº˜a’¬‰Í¼,1342,,
19384-0900-26.zip,202202141041,’†‹–€ŒSº˜a’¬‰Í¼,1343,,
19384-0900-26.zip,202202141041,’†‹–€ŒSº˜a’¬‰Í¼,1344,,
19384-0900-26.zip,202202141041,’†‹–€ŒSº˜a’¬‰Í¼,1345,,
19384-0900-26.zip,202202141041,’†‹–€ŒSº˜a’¬‰Í¼,1347,,
19384-0900-26.zip,202202141041,’†‹–€ŒSº˜a’¬‰Í¼,1348,,
19384-0900-26.zip,202202141041,’†‹–€ŒSº˜a’¬‰Í¼,1349,,
19384-0900-26.zip,202202141041,’†‹–€ŒSº˜a’¬‰Í¼,1350,,
19384-0900-26.zip,202202141041,’†‹–€ŒSº˜a’¬‰Í¼,1351,,
19384-0900-26.zip,202202141041,’†‹–€ŒSº˜a’¬‰Í¼,1352,,
19384-0900-26.zip,202202141041,’†‹–€ŒSº˜a’¬‰Í¼,1353,,
19384-0900-26.zip,202202141041,’†‹–€ŒSº˜a’¬‰Í¼,1355,,
19384-0900-26.zip,202202141041,’†‹–€ŒSº˜a’¬‰Í¼,1356,,
19384-0900-26.zip,202202141041,’†‹–€ŒSº˜a’¬‰Í¼,1357-1,,
19384-0900-26.zip,202202141041,’†‹–€ŒSº˜a’¬‰Í¼,1357-2,,
19384-0900-26.zip,202202141041,’†‹–€ŒSº˜a’¬‰Í¼,1358,,
19384-0900-26.zip,202202141041,’†‹–€ŒSº˜a’¬‰Í¼,1359,,
19384-0900-26.zip,202202141041,’†‹–€ŒSº˜a’¬‰Í¼,1360,,
19384-0900-26.zip,202202141041,’†‹–€ŒSº˜a’¬‰Í¼,1361,,
19384-0900-26.zip,202202141041,’†‹–€ŒSº˜a’¬‰Í¼,1362,,
19384-0900-26.zip,202202141041,’†‹–€ŒSº˜a’¬‰Í¼,1363,,
19384-0900-26.zip,202202141041,’†‹–€ŒSº˜a’¬‰Í¼,1364,,
19384-0900-26.zip,202202141041,’†‹–€ŒSº˜a’¬‰Í¼,1365,,
19384-0900-26.zip,202202141041,’†‹–€ŒSº˜a’¬‰Í¼,1366,,
19384-0900-26.zip,202202141041,’†‹–€ŒSº˜a’¬‰Í¼,1367,,
19384-0900-26.zip,202202141041,’†‹–€ŒSº˜a’¬‰Í¼,1368,,
19384-0900-26.zip,202202141041,’†‹–€ŒSº˜a’¬‰Í¼,1377,,
19384-0900-26.zip,202202141041,’†‹–€ŒSº˜a’¬‰Í¼,1346,,
19384-0900-26.zip,202202141041,’†‹–€ŒSº˜a’¬‰Í¼,1369,,
19384-0900-26.zip,202202141041,’†‹–€ŒSº˜a’¬‰Í¼,1374,,
19384-0900-26.zip,202202141041,’†‹–€ŒSº˜a’¬‰Í¼,1376,,
19384-0900-26.zip,202202141041,’†‹–€ŒSº˜a’¬‰Í¼,1378,,
19384-0900-26.zip,202202141041,’†‹–€ŒSº˜a’¬‰Í¼,1379,,
19384-0900-26.zip,202202141041,’†‹–€ŒSº˜a’¬‰Í¼,1380,,
19384-0900-26.zip,202202141041,’†‹–€ŒSº˜a’¬‰Í¼,1450,,
19384-0900-26.zip,202202141041,’†‹–€ŒSº˜a’¬‰Í¼,1451,,
19384-0900-26.zip,202202141041,’†‹–€ŒSº˜a’¬‰Í¼,1452,,
19384-0900-26.zip,202202141041,’†‹–€ŒSº˜a’¬‰Í¼,1453,,
19384-0900-26.zip,202202141041,’†‹–€ŒSº˜a’¬‰Í¼,1454,,
19384-0900-26.zip,202202141041,’†‹–€ŒSº˜a’¬‰Í¼,1455,,
19384-0900-26.zip,202202141041,’†‹–€ŒSº˜a’¬‰Í¼,1456,,
19384-0900-26.zip,202202141041,’†‹–€ŒSº˜a’¬‰Í¼,1457,,
19384-0900-26.zip,202202141041,’†‹–€ŒSº˜a’¬‰Í¼,1458,,
19384-0900-26.zip,202202141041,’†‹–€ŒSº˜a’¬‰Í¼,1460,,
19384-0900-26.zip,202202141041,’†‹–€ŒSº˜a’¬‰Í¼,1465,,
19384-0900-26.zip,202202141041,’†‹–€ŒSº˜a’¬‰Í¼,1469,,
19384-0900-26.zip,202202141041,’†‹–€ŒSº˜a’¬‰Í¼,1470,,
19384-0900-26.zip,202202141041,’†‹–€ŒSº˜a’¬‰Í¼,1473,,
19384-0900-26.zip,202202141041,’†‹–€ŒSº˜a’¬‰Í¼,1475,,
19384-0900-26.zip,202202141041,’†‹–€ŒSº˜a’¬‰Í¼,1476,,
19384-0900-26.zip,202202141041,’†‹–€ŒSº˜a’¬‰Í¼,1477,,
19384-0900-26.zip,202202141041,’†‹–€ŒSº˜a’¬‰Í¼,1478,,
19384-0900-26.zip,202202141041,’†‹–€ŒSº˜a’¬‰Í¼,1479,,
19384-0900-26.zip,202202141041,’†‹–€ŒSº˜a’¬‰Í¼,1480,,
19384-0900-26.zip,202202141041,’†‹–€ŒSº˜a’¬‰Í¼,1481,,
19384-0900-26.zip,202202141041,’†‹–€ŒSº˜a’¬‰Í¼,1482,,
19384-0900-26.zip,202202141041,’†‹–€ŒSº˜a’¬‰Í¼,1483,,
19384-0900-26.zip,202202141041,’†‹–€ŒSº˜a’¬‰Í¼,1484,,
19384-0900-26.zip,202202141041,’†‹–€ŒSº˜a’¬‰Í¼,1485,,
19384-0900-26.zip,202202141041,’†‹–€ŒSº˜a’¬‰Í¼,1486,,
19384-0900-26.zip,202202141041,’†‹–€ŒSº˜a’¬‰Í¼,1487,,
19384-0900-26.zip,202202141041,’†‹–€ŒSº˜a’¬‰Í¼,1488,,
19384-0900-26.zip,202202141041,’†‹–€ŒSº˜a’¬‰Í¼,1489,,
19384-0900-26.zip,202202141041,’†‹–€ŒSº˜a’¬‰Í¼,1490,,
19384-0900-26.zip,202202141041,’†‹–€ŒSº˜a’¬‰Í¼,1491,,
19384-0900-26.zip,202202141041,’†‹–€ŒSº˜a’¬‰Í¼,1492,,
19384-0900-26.zip,202202141041,’†‹–€ŒSº˜a’¬‰Í¼,1493,,
19384-0900-26.zip,202202141041,’†‹–€ŒSº˜a’¬‰Í¼,1494,,
19384-0900-26.zip,202202141041,’†‹–€ŒSº˜a’¬‰Í¼,1495,,
19384-0900-26.zip,202202141041,’†‹–€ŒSº˜a’¬‰Í¼,1496,,
19384-0900-26.zip,202202141041,’†‹–€ŒSº˜a’¬‰Í¼,1497,,
19384-0900-26.zip,202202141041,’†‹–€ŒSº˜a’¬‰Í¼,1498,,
19384-0900-26.zip,202202141041,’†‹–€ŒSº˜a’¬‰Í¼,1499,,
19384-0900-26.zip,202202141041,’†‹–€ŒSº˜a’¬‰Í¼,1500,,
19384-0900-26.zip,202202141041,’†‹–€ŒSº˜a’¬‰Í¼,1501,,
19384-0900-26.zip,202202141041,’†‹–€ŒSº˜a’¬‰Í¼,1502,,
19384-0900-26.zip,202202141041,’†‹–€ŒSº˜a’¬‰Í¼,1503,,
19384-0900-26.zip,202202141041,’†‹–€ŒSº˜a’¬‰Í¼,1504-1,,
19384-0900-26.zip,202202141041,’†‹–€ŒSº˜a’¬‰Í¼,1504-2,,
19384-0900-26.zip,202202141041,’†‹–€ŒSº˜a’¬‰Í¼,1505,,
19384-0900-26.zip,202202141041,’†‹–€ŒSº˜a’¬‰Í¼,1506,,
19384-0900-26.zip,202202141041,’†‹–€ŒSº˜a’¬‰Í¼,1511,,
19384-0900-26.zip,202202141041,’†‹–€ŒSº˜a’¬‰Í¼,1512,,
19384-0900-26.zip,202202141041,’†‹–€ŒSº˜a’¬‰Í¼,1513,,
19384-0900-26.zip,202202141041,’†‹–€ŒSº˜a’¬‰Í¼,1514,,
19384-0900-26.zip,202202141041,’†‹–€ŒSº˜a’¬‰Í¼,1515,,
19384-0900-26.zip,202202141041,’†‹–€ŒSº˜a’¬‰Í¼,1516,,
19384-0900-26.zip,202202141041,’†‹–€ŒSº˜a’¬‰Í¼,1462-1,,
19384-0900-26.zip,202202141041,’†‹–€ŒSº˜a’¬‰Í¼,1462-2,,
19384-0900-26.zip,202202141041,’†‹–€ŒSº˜a’¬‰Í¼,1508,,
19384-0900-26.zip,202202141041,’†‹–€ŒSº˜a’¬‰Í¼,1507,,
19384-0900-26.zip,202202141041,’†‹–€ŒSº˜a’¬‰Í¼,1461,,
19384-0900-26.zip,202202141041,’†‹–€ŒSº˜a’¬‰Í¼,1449-1,,
19384-0900-26.zip,202202141041,’†‹–€ŒSº˜a’¬‰Í¼,1449-2,,
19384-0900-26.zip,202202141041,’†‹–€ŒSº˜a’¬‰Í¼,1459,,
19384-0900-26.zip,202202141041,’†‹–€ŒSº˜a’¬‰Í¼,1474-1,,
19384-0900-26.zip,202202141041,’†‹–€ŒSº˜a’¬‰Í¼,1474-2,,
19384-0900-26.zip,202202141041,’†‹–€ŒSº˜a’¬‰Í¼,1466,,
19384-0900-26.zip,202202141041,’†‹–€ŒSº˜a’¬‰Í¼,1313-2,,
19384-0900-26.zip,202202141041,’†‹–€ŒSº˜a’¬‰Í¼,1313-1,,
19384-0900-26.zip,202202141041,’†‹–€ŒSº˜a’¬‰Í¼,1370,,
19384-0900-26.zip,202202141041,’†‹–€ŒSº˜a’¬‰Í¼,1314-2,,
19384-0900-26.zip,202202141041,’†‹–€ŒSº˜a’¬‰Í¼,1314-1,,
19384-0900-26.zip,202202141041,’†‹–€ŒSº˜a’¬‰Í¼,1302,,
19384-0900-26.zip,202202141041,’†‹–€ŒSº˜a’¬‰Í¼,1436-2,,
19384-0900-26.zip,202202141041,’†‹–€ŒSº˜a’¬‰Í¼,1436-5,,
19384-0900-26.zip,202202141041,’†‹–€ŒSº˜a’¬‰Í¼,1436-3,,
19384-0900-26.zip,202202141041,’†‹–€ŒSº˜a’¬‰Í¼,1436-4,,
19384-0900-26.zip,202202141041,’†‹–€ŒSº˜a’¬‰Í¼,1517,,
19384-0900-26.zip,202202141041,’†‹–€ŒSº˜a’¬‰Í¼,1448,,
19384-0900-26.zip,202202141041,’†‹–€ŒSº˜a’¬‰Í¼,1438,,
19384-0900-26.zip,202202141041,’†‹–€ŒSº˜a’¬‰Í¼,1436-1,,
19384-0900-26.zip,202202141041,’†‹–€ŒSº˜a’¬‰Í¼,1445,,
19384-0900-26.zip,202202141041,’†‹–€ŒSº˜a’¬‰Í¼,1509,,
19384-0900-26.zip,202202141041,’†‹–€ŒSº˜a’¬‰Í¼,1510,,
19384-0900-26.zip,202202141041,’†‹–€ŒSº˜a’¬‰Í¼,1462-4,,
19384-0900-26.zip,202202141041,’†‹–€ŒSº˜a’¬‰Í¼,1462-3,,
19384-0900-26.zip,202202141041,’†‹–€ŒSº˜a’¬‰Í¼,1464-2,,
19384-0900-26.zip,202202141041,’†‹–€ŒSº˜a’¬‰Í¼,1464-1,,
19384-0900-26.zip,202202141041,’†‹–€ŒSº˜a’¬‰Í¼,1463,,
19384-0900-26.zip,202202141041,’†‹–€ŒSº˜a’¬‰Í¼,1336-1,,
19384-0900-26.zip,202202141041,’†‹–€ŒSº˜a’¬‰Í¼,1336-4,,
19384-0900-26.zip,202202141041,’†‹–€ŒSº˜a’¬‰Í¼,1336-3,,
19384-0900-26.zip,202202141041,’†‹–€ŒSº˜a’¬‰Í¼,1336-2,,
19384-0900-26.zip,202202141041,’†‹–€ŒSº˜a’¬‰Í¼,1373,,
19384-0900-26.zip,202202141041,’†‹–€ŒSº˜a’¬‰Í¼,1372,,
19384-0900-26.zip,202202141041,’†‹–€ŒSº˜a’¬‰Í¼,1371,,
19384-0900-26.zip,202202141041,’†‹–€ŒSº˜a’¬‰Í¼,1381-3,,
19384-0900-26.zip,202202141041,’†‹–€ŒSº˜a’¬‰Í¼,1381-1,,
19384-0900-26.zip,202202141041,’†‹–€ŒSº˜a’¬‰Í¼,1444,,
19384-0900-26.zip,202202141041,’†‹–€ŒSº˜a’¬‰Í¼,1381-2,,
19384-0900-26.zip,202202141041,’†‹–€ŒSº˜a’¬‰Í¼,1472-2,,
19384-0900-26.zip,202202141041,’†‹–€ŒSº˜a’¬‰Í¼,1472,,
19384-0900-26.zip,202202141041,’†‹–€ŒSº˜a’¬‰Í¼,1471,,
19384-0900-26.zip,202202141041,’†‹–€ŒSº˜a’¬‰Í¼,1467,,
19384-0900-26.zip,202202141041,’†‹–€ŒSº˜a’¬‰Í¼,1338-1,,
19384-0900-26.zip,202202141041,’†‹–€ŒSº˜a’¬‰Í¼,1339,,
19384-0900-26.zip,202202141041,’†‹–€ŒSº˜a’¬‰Í¼,1354-1,,
19384-0900-26.zip,202202141041,’†‹–€ŒSº˜a’¬‰Í¼,1354-2,,
19384-0900-26.zip,202202141041,’†‹–€ŒSº˜a’¬‰Í¼,1354-3,,
19384-0900-26.zip,202202141041,’†‹–€ŒSº˜a’¬‰Í¼,1375,,
19384-0900-26.zip,202202141041,’†‹–€ŒSº˜a’¬‰Í¼,1338-2,,
19384-0900-27.zip,202202141041,’†‹–€ŒSº˜a’¬”Ñ‹ò,1500-1,,
19384-0900-27.zip,202202141041,’†‹–€ŒSº˜a’¬”Ñ‹ò,1500-2,,
19384-0900-27.zip,202202141041,’†‹–€ŒSº˜a’¬”Ñ‹ò,1501-1,,
19384-0900-27.zip,202202141041,’†‹–€ŒSº˜a’¬”Ñ‹ò,1501-2,,
19384-0900-27.zip,202202141041,’†‹–€ŒSº˜a’¬”Ñ‹ò,1501-3,,
19384-0900-27.zip,202202141041,’†‹–€ŒSº˜a’¬”Ñ‹ò,1502-1,,
19384-0900-27.zip,202202141041,’†‹–€ŒSº˜a’¬”Ñ‹ò,1502-2,,
19384-0900-27.zip,202202141041,’†‹–€ŒSº˜a’¬”Ñ‹ò,1502-3,,
19384-0900-27.zip,202202141041,’†‹–€ŒSº˜a’¬”Ñ‹ò,1502-4,,
19384-0900-27.zip,202202141041,’†‹–€ŒSº˜a’¬”Ñ‹ò,1502-5,,
19384-0900-27.zip,202202141041,’†‹–€ŒSº˜a’¬”Ñ‹ò,1502-6,,
19384-0900-27.zip,202202141041,’†‹–€ŒSº˜a’¬”Ñ‹ò,1503-1,,
19384-0900-27.zip,202202141041,’†‹–€ŒSº˜a’¬”Ñ‹ò,1503-2,,
19384-0900-27.zip,202202141041,’†‹–€ŒSº˜a’¬”Ñ‹ò,1503-3,,
19384-0900-27.zip,202202141041,’†‹–€ŒSº˜a’¬”Ñ‹ò,1503-4,,
19384-0900-27.zip,202202141041,’†‹–€ŒSº˜a’¬”Ñ‹ò,1503-5,,
19384-0900-27.zip,202202141041,’†‹–€ŒSº˜a’¬”Ñ‹ò,1503-6,,
19384-0900-27.zip,202202141041,’†‹–€ŒSº˜a’¬”Ñ‹ò,1503-7,,
19384-0900-27.zip,202202141041,’†‹–€ŒSº˜a’¬”Ñ‹ò,1503-8,,
19384-0900-27.zip,202202141041,’†‹–€ŒSº˜a’¬”Ñ‹ò,1503-9,,
19384-0900-27.zip,202202141041,’†‹–€ŒSº˜a’¬”Ñ‹ò,1503-10,,
19384-0900-27.zip,202202141041,’†‹–€ŒSº˜a’¬”Ñ‹ò,1503-11,,
19384-0900-27.zip,202202141041,’†‹–€ŒSº˜a’¬”Ñ‹ò,1503-12,,
19384-0900-27.zip,202202141041,’†‹–€ŒSº˜a’¬”Ñ‹ò,1503-13,,
19384-0900-27.zip,202202141041,’†‹–€ŒSº˜a’¬”Ñ‹ò,1503-14,,
19384-0900-27.zip,202202141041,’†‹–€ŒSº˜a’¬”Ñ‹ò,1503-15,,
19384-0900-27.zip,202202141041,’†‹–€ŒSº˜a’¬”Ñ‹ò,1503-16,,
19384-0900-27.zip,202202141041,’†‹–€ŒSº˜a’¬”Ñ‹ò,1503-17,,
19384-0900-27.zip,202202141041,’†‹–€ŒSº˜a’¬”Ñ‹ò,1503-18,,
19384-0900-27.zip,202202141041,’†‹–€ŒSº˜a’¬”Ñ‹ò,1503-19,,
19384-0900-27.zip,202202141041,’†‹–€ŒSº˜a’¬”Ñ‹ò,1503-20,,
19384-0900-27.zip,202202141041,’†‹–€ŒSº˜a’¬”Ñ‹ò,1503-21,,
19384-0900-27.zip,202202141041,’†‹–€ŒSº˜a’¬”Ñ‹ò,1503-22,,
19384-0900-27.zip,202202141041,’†‹–€ŒSº˜a’¬”Ñ‹ò,1504-1,,
19384-0900-27.zip,202202141041,’†‹–€ŒSº˜a’¬”Ñ‹ò,1504-2,,
19384-0900-27.zip,202202141041,’†‹–€ŒSº˜a’¬”Ñ‹ò,1504-3,,
19384-0900-27.zip,202202141041,’†‹–€ŒSº˜a’¬”Ñ‹ò,1504-4,,
19384-0900-27.zip,202202141041,’†‹–€ŒSº˜a’¬”Ñ‹ò,1504-5,,
19384-0900-27.zip,202202141041,’†‹–€ŒSº˜a’¬”Ñ‹ò,1504-6,,
19384-0900-27.zip,202202141041,’†‹–€ŒSº˜a’¬”Ñ‹ò,1504-7,,
19384-0900-27.zip,202202141041,’†‹–€ŒSº˜a’¬”Ñ‹ò,1504-8,,
19384-0900-27.zip,202202141041,’†‹–€ŒSº˜a’¬”Ñ‹ò,1504-9,,
19384-0900-27.zip,202202141041,’†‹–€ŒSº˜a’¬”Ñ‹ò,1504-10,,
19384-0900-27.zip,202202141041,’†‹–€ŒSº˜a’¬”Ñ‹ò,1504-11,,
19384-0900-27.zip,202202141041,’†‹–€ŒSº˜a’¬”Ñ‹ò,1504-12,,
19384-0900-27.zip,202202141041,’†‹–€ŒSº˜a’¬”Ñ‹ò,1504-13,,
19384-0900-27.zip,202202141041,’†‹–€ŒSº˜a’¬”Ñ‹ò,1504-14,,
19384-0900-27.zip,202202141041,’†‹–€ŒSº˜a’¬”Ñ‹ò,1504-15,,
19384-0900-27.zip,202202141041,’†‹–€ŒSº˜a’¬”Ñ‹ò,1504-16,,
19384-0900-27.zip,202202141041,’†‹–€ŒSº˜a’¬”Ñ‹ò,1504-17,,
19384-0900-27.zip,202202141041,’†‹–€ŒSº˜a’¬”Ñ‹ò,1504-18,,
19384-0900-27.zip,202202141041,’†‹–€ŒSº˜a’¬”Ñ‹ò,1504-19,,
19384-0900-27.zip,202202141041,’†‹–€ŒSº˜a’¬”Ñ‹ò,1504-20,,
19384-0900-27.zip,202202141041,’†‹–€ŒSº˜a’¬”Ñ‹ò,1504-21,,
19384-0900-27.zip,202202141041,’†‹–€ŒSº˜a’¬”Ñ‹ò,1504-22,,
19384-0900-27.zip,202202141041,’†‹–€ŒSº˜a’¬”Ñ‹ò,1505-1,,
19384-0900-27.zip,202202141041,’†‹–€ŒSº˜a’¬”Ñ‹ò,1505-2,,
19384-0900-27.zip,202202141041,’†‹–€ŒSº˜a’¬”Ñ‹ò,1505-3,,
19384-0900-27.zip,202202141041,’†‹–€ŒSº˜a’¬”Ñ‹ò,1505-4,,
19384-0900-27.zip,202202141041,’†‹–€ŒSº˜a’¬”Ñ‹ò,1505-5,,
19384-0900-27.zip,202202141041,’†‹–€ŒSº˜a’¬”Ñ‹ò,1505-6,,
19384-0900-27.zip,202202141041,’†‹–€ŒSº˜a’¬”Ñ‹ò,1505-7,,
19384-0900-27.zip,202202141041,’†‹–€ŒSº˜a’¬”Ñ‹ò,1505-8,,
19384-0900-27.zip,202202141041,’†‹–€ŒSº˜a’¬”Ñ‹ò,1505-9,,
19384-0900-27.zip,202202141041,’†‹–€ŒSº˜a’¬”Ñ‹ò,1505-10,,
19384-0900-27.zip,202202141041,’†‹–€ŒSº˜a’¬”Ñ‹ò,1505-11,,
19384-0900-27.zip,202202141041,’†‹–€ŒSº˜a’¬”Ñ‹ò,1506-1,,
19384-0900-27.zip,202202141041,’†‹–€ŒSº˜a’¬”Ñ‹ò,1506-2,,
19384-0900-27.zip,202202141041,’†‹–€ŒSº˜a’¬”Ñ‹ò,1506-3,,
19384-0900-27.zip,202202141041,’†‹–€ŒSº˜a’¬”Ñ‹ò,1506-4,,
19384-0900-27.zip,202202141041,’†‹–€ŒSº˜a’¬”Ñ‹ò,1506-5,,
19384-0900-27.zip,202202141041,’†‹–€ŒSº˜a’¬”Ñ‹ò,1506-6,,
19384-0900-27.zip,202202141041,’†‹–€ŒSº˜a’¬”Ñ‹ò,1506-7,,
19384-0900-27.zip,202202141041,’†‹–€ŒSº˜a’¬”Ñ‹ò,1506-8,,
19384-0900-27.zip,202202141041,’†‹–€ŒSº˜a’¬”Ñ‹ò,1506-9,,
19384-0900-27.zip,202202141041,’†‹–€ŒSº˜a’¬”Ñ‹ò,1506-10,,
19384-0900-27.zip,202202141041,’†‹–€ŒSº˜a’¬”Ñ‹ò,1506-11,,
19384-0900-27.zip,202202141041,’†‹–€ŒSº˜a’¬”Ñ‹ò,1506-12,,
19384-0900-27.zip,202202141041,’†‹–€ŒSº˜a’¬”Ñ‹ò,1507-1,,
19384-0900-27.zip,202202141041,’†‹–€ŒSº˜a’¬”Ñ‹ò,1507-2,,
19384-0900-27.zip,202202141041,’†‹–€ŒSº˜a’¬”Ñ‹ò,1507-3,,
19384-0900-27.zip,202202141041,’†‹–€ŒSº˜a’¬”Ñ‹ò,1507-4,,
19384-0900-27.zip,202202141041,’†‹–€ŒSº˜a’¬”Ñ‹ò,1507-5,,
19384-0900-27.zip,202202141041,’†‹–€ŒSº˜a’¬”Ñ‹ò,1507-6,,
19384-0900-27.zip,202202141041,’†‹–€ŒSº˜a’¬”Ñ‹ò,1507-7,,
19384-0900-27.zip,202202141041,’†‹–€ŒSº˜a’¬”Ñ‹ò,1507-8,,
19384-0900-27.zip,202202141041,’†‹–€ŒSº˜a’¬”Ñ‹ò,1507-9,,
19384-0900-27.zip,202202141041,’†‹–€ŒSº˜a’¬”Ñ‹ò,1507-10,,
19384-0900-27.zip,202202141041,’†‹–€ŒSº˜a’¬”Ñ‹ò,1507-11,,
19384-0900-27.zip,202202141041,’†‹–€ŒSº˜a’¬”Ñ‹ò,1507-12,,
19384-0900-27.zip,202202141041,’†‹–€ŒSº˜a’¬”Ñ‹ò,1508-1,,
19384-0900-27.zip,202202141041,’†‹–€ŒSº˜a’¬”Ñ‹ò,1508-2,,
19384-0900-27.zip,202202141041,’†‹–€ŒSº˜a’¬”Ñ‹ò,1508-3,,
19384-0900-27.zip,202202141041,’†‹–€ŒSº˜a’¬”Ñ‹ò,1508-4,,
19384-0900-27.zip,202202141041,’†‹–€ŒSº˜a’¬”Ñ‹ò,1508-5,,
19384-0900-27.zip,202202141041,’†‹–€ŒSº˜a’¬”Ñ‹ò,1508-6,,
19384-0900-27.zip,202202141041,’†‹–€ŒSº˜a’¬”Ñ‹ò,1508-7,,
19384-0900-27.zip,202202141041,’†‹–€ŒSº˜a’¬”Ñ‹ò,1508-8,,
19384-0900-27.zip,202202141041,’†‹–€ŒSº˜a’¬”Ñ‹ò,1508-9,,
19384-0900-27.zip,202202141041,’†‹–€ŒSº˜a’¬”Ñ‹ò,1508-10,,
19384-0900-27.zip,202202141041,’†‹–€ŒSº˜a’¬”Ñ‹ò,1509-1,,
19384-0900-27.zip,202202141041,’†‹–€ŒSº˜a’¬”Ñ‹ò,1509-2,,
19384-0900-27.zip,202202141041,’†‹–€ŒSº˜a’¬”Ñ‹ò,1509-3,,
19384-0900-27.zip,202202141041,’†‹–€ŒSº˜a’¬”Ñ‹ò,1509-4,,
19384-0900-27.zip,202202141041,’†‹–€ŒSº˜a’¬”Ñ‹ò,1509-5,,
19384-0900-27.zip,202202141041,’†‹–€ŒSº˜a’¬”Ñ‹ò,1509-6,,
19384-0900-27.zip,202202141041,’†‹–€ŒSº˜a’¬”Ñ‹ò,1509-7,,
19384-0900-27.zip,202202141041,’†‹–€ŒSº˜a’¬”Ñ‹ò,1509-8,,
19384-0900-27.zip,202202141041,’†‹–€ŒSº˜a’¬”Ñ‹ò,1510-1,,
19384-0900-27.zip,202202141041,’†‹–€ŒSº˜a’¬”Ñ‹ò,1510-2,,
19384-0900-27.zip,202202141041,’†‹–€ŒSº˜a’¬”Ñ‹ò,1510-3,,
19384-0900-27.zip,202202141041,’†‹–€ŒSº˜a’¬”Ñ‹ò,1510-4,,
19384-0900-27.zip,202202141041,’†‹–€ŒSº˜a’¬”Ñ‹ò,1510-5,,
19384-0900-27.zip,202202141041,’†‹–€ŒSº˜a’¬”Ñ‹ò,1510-6,,
19384-0900-27.zip,202202141041,’†‹–€ŒSº˜a’¬”Ñ‹ò,1510-7,,
19384-0900-27.zip,202202141041,’†‹–€ŒSº˜a’¬”Ñ‹ò,1510-8,,
19384-0900-27.zip,202202141041,’†‹–€ŒSº˜a’¬”Ñ‹ò,1511,,
19384-0900-27.zip,202202141041,’†‹–€ŒSº˜a’¬”Ñ‹ò,1512-1,,
19384-0900-27.zip,202202141041,’†‹–€ŒSº˜a’¬”Ñ‹ò,1512-2,,
19384-0900-27.zip,202202141041,’†‹–€ŒSº˜a’¬”Ñ‹ò,1512-3,,
19384-0900-27.zip,202202141041,’†‹–€ŒSº˜a’¬”Ñ‹ò,1512-4,,
19384-0900-27.zip,202202141041,’†‹–€ŒSº˜a’¬”Ñ‹ò,1512-5,,
19384-0900-27.zip,202202141041,’†‹–€ŒSº˜a’¬”Ñ‹ò,1513-1,,
19384-0900-27.zip,202202141041,’†‹–€ŒSº˜a’¬”Ñ‹ò,1513-2,,
19384-0900-27.zip,202202141041,’†‹–€ŒSº˜a’¬”Ñ‹ò,1513-3,,
19384-0900-27.zip,202202141041,’†‹–€ŒSº˜a’¬”Ñ‹ò,1513-4,,
19384-0900-27.zip,202202141041,’†‹–€ŒSº˜a’¬”Ñ‹ò,1513-5,,
19384-0900-27.zip,202202141041,’†‹–€ŒSº˜a’¬”Ñ‹ò,1514-1,,
19384-0900-27.zip,202202141041,’†‹–€ŒSº˜a’¬”Ñ‹ò,1514-2,,
19384-0900-27.zip,202202141041,’†‹–€ŒSº˜a’¬”Ñ‹ò,1514-3,,
19384-0900-27.zip,202202141041,’†‹–€ŒSº˜a’¬”Ñ‹ò,1514-4,,
19384-0900-27.zip,202202141041,’†‹–€ŒSº˜a’¬”Ñ‹ò,1514-5,,
19384-0900-27.zip,202202141041,’†‹–€ŒSº˜a’¬”Ñ‹ò,1514-6,,
19384-0900-27.zip,202202141041,’†‹–€ŒSº˜a’¬”Ñ‹ò,1514-7,,
19384-0900-27.zip,202202141041,’†‹–€ŒSº˜a’¬”Ñ‹ò,1514-8,,
19384-0900-27.zip,202202141041,’†‹–€ŒSº˜a’¬”Ñ‹ò,1514-9,,
19384-0900-27.zip,202202141041,’†‹–€ŒSº˜a’¬”Ñ‹ò,1514-10,,
19384-0900-27.zip,202202141041,’†‹–€ŒSº˜a’¬”Ñ‹ò,1514-11,,
19384-0900-27.zip,202202141041,’†‹–€ŒSº˜a’¬”Ñ‹ò,1514-12,,
19384-0900-27.zip,202202141041,’†‹–€ŒSº˜a’¬”Ñ‹ò,1514-13,,
19384-0900-27.zip,202202141041,’†‹–€ŒSº˜a’¬”Ñ‹ò,1515-1,,
19384-0900-27.zip,202202141041,’†‹–€ŒSº˜a’¬”Ñ‹ò,1515-2,,
19384-0900-27.zip,202202141041,’†‹–€ŒSº˜a’¬”Ñ‹ò,1515-3,,
19384-0900-27.zip,202202141041,’†‹–€ŒSº˜a’¬”Ñ‹ò,1515-4,,
19384-0900-27.zip,202202141041,’†‹–€ŒSº˜a’¬”Ñ‹ò,1515-5,,
19384-0900-27.zip,202202141041,’†‹–€ŒSº˜a’¬”Ñ‹ò,1515-6,,
19384-0900-27.zip,202202141041,’†‹–€ŒSº˜a’¬”Ñ‹ò,1515-7,,
19384-0900-27.zip,202202141041,’†‹–€ŒSº˜a’¬”Ñ‹ò,1515-8,,
19384-0900-27.zip,202202141041,’†‹–€ŒSº˜a’¬”Ñ‹ò,1515-9,,
19384-0900-27.zip,202202141041,’†‹–€ŒSº˜a’¬”Ñ‹ò,1515-10,,
19384-0900-27.zip,202202141041,’†‹–€ŒSº˜a’¬”Ñ‹ò,1515-11,,
19384-0900-27.zip,202202141041,’†‹–€ŒSº˜a’¬”Ñ‹ò,1515-12,,
19384-0900-27.zip,202202141041,’†‹–€ŒSº˜a’¬”Ñ‹ò,1515-13,,
19384-0900-27.zip,202202141041,’†‹–€ŒSº˜a’¬”Ñ‹ò,1516-1,,
19384-0900-27.zip,202202141041,’†‹–€ŒSº˜a’¬”Ñ‹ò,1516-2,,
19384-0900-27.zip,202202141041,’†‹–€ŒSº˜a’¬”Ñ‹ò,1516-3,,
19384-0900-27.zip,202202141041,’†‹–€ŒSº˜a’¬”Ñ‹ò,1516-4,,
19384-0900-27.zip,202202141041,’†‹–€ŒSº˜a’¬”Ñ‹ò,1516-5,,
19384-0900-27.zip,202202141041,’†‹–€ŒSº˜a’¬”Ñ‹ò,1516-7,,
19384-0900-27.zip,202202141041,’†‹–€ŒSº˜a’¬”Ñ‹ò,1516-8,,
19384-0900-27.zip,202202141041,’†‹–€ŒSº˜a’¬”Ñ‹ò,1516-9,,
19384-0900-27.zip,202202141041,’†‹–€ŒSº˜a’¬”Ñ‹ò,1516-11,,
19384-0900-27.zip,202202141041,’†‹–€ŒSº˜a’¬”Ñ‹ò,1516-12,,
19384-0900-27.zip,202202141041,’†‹–€ŒSº˜a’¬”Ñ‹ò,1516-13,,
19384-0900-27.zip,202202141041,’†‹–€ŒSº˜a’¬”Ñ‹ò,1517-1,,
19384-0900-27.zip,202202141041,’†‹–€ŒSº˜a’¬”Ñ‹ò,1517-2,,
19384-0900-27.zip,202202141041,’†‹–€ŒSº˜a’¬”Ñ‹ò,1517-3,,
19384-0900-27.zip,202202141041,’†‹–€ŒSº˜a’¬”Ñ‹ò,1518-1,,
19384-0900-27.zip,202202141041,’†‹–€ŒSº˜a’¬”Ñ‹ò,1518-2,,
19384-0900-27.zip,202202141041,’†‹–€ŒSº˜a’¬”Ñ‹ò,1518-3,,
19384-0900-27.zip,202202141041,’†‹–€ŒSº˜a’¬”Ñ‹ò,1518-4,,
19384-0900-27.zip,202202141041,’†‹–€ŒSº˜a’¬”Ñ‹ò,1518-5,,
19384-0900-27.zip,202202141041,’†‹–€ŒSº˜a’¬”Ñ‹ò,1518-6,,
19384-0900-27.zip,202202141041,’†‹–€ŒSº˜a’¬”Ñ‹ò,1518-7,,
19384-0900-27.zip,202202141041,’†‹–€ŒSº˜a’¬”Ñ‹ò,1518-8,,
19384-0900-27.zip,202202141041,’†‹–€ŒSº˜a’¬”Ñ‹ò,1518-9,,
19384-0900-27.zip,202202141041,’†‹–€ŒSº˜a’¬”Ñ‹ò,1518-10,,
19384-0900-27.zip,202202141041,’†‹–€ŒSº˜a’¬”Ñ‹ò,1518-11,,
19384-0900-27.zip,202202141041,’†‹–€ŒSº˜a’¬”Ñ‹ò,1518-12,,
19384-0900-27.zip,202202141041,’†‹–€ŒSº˜a’¬”Ñ‹ò,1518-13,,
19384-0900-27.zip,202202141041,’†‹–€ŒSº˜a’¬”Ñ‹ò,1518-14,,
19384-0900-27.zip,202202141041,’†‹–€ŒSº˜a’¬”Ñ‹ò,1518-15,,
19384-0900-27.zip,202202141041,’†‹–€ŒSº˜a’¬”Ñ‹ò,1519-1,,
19384-0900-27.zip,202202141041,’†‹–€ŒSº˜a’¬”Ñ‹ò,1519-2,,
19384-0900-27.zip,202202141041,’†‹–€ŒSº˜a’¬”Ñ‹ò,1519-3,,
19384-0900-27.zip,202202141041,’†‹–€ŒSº˜a’¬”Ñ‹ò,1519-4,,
19384-0900-27.zip,202202141041,’†‹–€ŒSº˜a’¬”Ñ‹ò,1519-5,,
19384-0900-27.zip,202202141041,’†‹–€ŒSº˜a’¬”Ñ‹ò,1519-6,,
19384-0900-27.zip,202202141041,’†‹–€ŒSº˜a’¬”Ñ‹ò,1519-7,,
19384-0900-27.zip,202202141041,’†‹–€ŒSº˜a’¬”Ñ‹ò,1519-8,,
19384-0900-27.zip,202202141041,’†‹–€ŒSº˜a’¬”Ñ‹ò,1519-9,,
19384-0900-27.zip,202202141041,’†‹–€ŒSº˜a’¬”Ñ‹ò,1519-10,,
19384-0900-27.zip,202202141041,’†‹–€ŒSº˜a’¬”Ñ‹ò,1519-11,,
19384-0900-27.zip,202202141041,’†‹–€ŒSº˜a’¬”Ñ‹ò,1519-12,,
19384-0900-27.zip,202202141041,’†‹–€ŒSº˜a’¬”Ñ‹ò,1519-13,,
19384-0900-27.zip,202202141041,’†‹–€ŒSº˜a’¬”Ñ‹ò,1519-14,,
19384-0900-27.zip,202202141041,’†‹–€ŒSº˜a’¬”Ñ‹ò,1519-15,,
19384-0900-27.zip,202202141041,’†‹–€ŒSº˜a’¬”Ñ‹ò,1519-16,,
19384-0900-27.zip,202202141041,’†‹–€ŒSº˜a’¬”Ñ‹ò,1519-17,,
19384-0900-27.zip,202202141041,’†‹–€ŒSº˜a’¬”Ñ‹ò,1519-18,,
19384-0900-27.zip,202202141041,’†‹–€ŒSº˜a’¬”Ñ‹ò,1519-19,,
19384-0900-27.zip,202202141041,’†‹–€ŒSº˜a’¬”Ñ‹ò,1519-20,,
19384-0900-27.zip,202202141041,’†‹–€ŒSº˜a’¬”Ñ‹ò,1519-21,,
19384-0900-27.zip,202202141041,’†‹–€ŒSº˜a’¬”Ñ‹ò,1519-22,,
19384-0900-27.zip,202202141041,’†‹–€ŒSº˜a’¬”Ñ‹ò,1520-1,,
19384-0900-27.zip,202202141041,’†‹–€ŒSº˜a’¬”Ñ‹ò,1520-2,,
19384-0900-27.zip,202202141041,’†‹–€ŒSº˜a’¬”Ñ‹ò,1520-3,,
19384-0900-27.zip,202202141041,’†‹–€ŒSº˜a’¬”Ñ‹ò,1520-4,,
19384-0900-27.zip,202202141041,’†‹–€ŒSº˜a’¬”Ñ‹ò,1520-5,,
19384-0900-27.zip,202202141041,’†‹–€ŒSº˜a’¬”Ñ‹ò,1520-6,,
19384-0900-27.zip,202202141041,’†‹–€ŒSº˜a’¬”Ñ‹ò,1520-7,,
19384-0900-27.zip,202202141041,’†‹–€ŒSº˜a’¬”Ñ‹ò,1520-8,,
19384-0900-27.zip,202202141041,’†‹–€ŒSº˜a’¬”Ñ‹ò,1520-9,,
19384-0900-27.zip,202202141041,’†‹–€ŒSº˜a’¬”Ñ‹ò,1520-10,,
19384-0900-27.zip,202202141041,’†‹–€ŒSº˜a’¬”Ñ‹ò,1520-11,,
19384-0900-27.zip,202202141041,’†‹–€ŒSº˜a’¬”Ñ‹ò,1520-12,,
19384-0900-27.zip,202202141041,’†‹–€ŒSº˜a’¬”Ñ‹ò,1520-13,,
19384-0900-27.zip,202202141041,’†‹–€ŒSº˜a’¬”Ñ‹ò,1520-14,,
19384-0900-27.zip,202202141041,’†‹–€ŒSº˜a’¬”Ñ‹ò,1520-15,,
19384-0900-27.zip,202202141041,’†‹–€ŒSº˜a’¬”Ñ‹ò,1520-16,,
19384-0900-27.zip,202202141041,’†‹–€ŒSº˜a’¬”Ñ‹ò,1520-17,,
19384-0900-27.zip,202202141041,’†‹–€ŒSº˜a’¬”Ñ‹ò,1520-18,,
19384-0900-27.zip,202202141041,’†‹–€ŒSº˜a’¬”Ñ‹ò,1520-19,,
19384-0900-27.zip,202202141041,’†‹–€ŒSº˜a’¬”Ñ‹ò,1520-20,,
19384-0900-27.zip,202202141041,’†‹–€ŒSº˜a’¬”Ñ‹ò,1520-21,,
19384-0900-27.zip,202202141041,’†‹–€ŒSº˜a’¬”Ñ‹ò,1520-22,,
19384-0900-27.zip,202202141041,’†‹–€ŒSº˜a’¬”Ñ‹ò,1520-23,,
19384-0900-27.zip,202202141041,’†‹–€ŒSº˜a’¬”Ñ‹ò,1520-24,,
19384-0900-27.zip,202202141041,’†‹–€ŒSº˜a’¬”Ñ‹ò,1520-25,,
19384-0900-27.zip,202202141041,’†‹–€ŒSº˜a’¬”Ñ‹ò,1521-1,,
19384-0900-27.zip,202202141041,’†‹–€ŒSº˜a’¬”Ñ‹ò,1521-2,,
19384-0900-27.zip,202202141041,’†‹–€ŒSº˜a’¬”Ñ‹ò,1521-3,,
19384-0900-27.zip,202202141041,’†‹–€ŒSº˜a’¬”Ñ‹ò,1521-4,,
19384-0900-27.zip,202202141041,’†‹–€ŒSº˜a’¬”Ñ‹ò,1521-5,,
19384-0900-27.zip,202202141041,’†‹–€ŒSº˜a’¬”Ñ‹ò,1521-6,,
19384-0900-27.zip,202202141041,’†‹–€ŒSº˜a’¬”Ñ‹ò,1521-7,,
19384-0900-27.zip,202202141041,’†‹–€ŒSº˜a’¬”Ñ‹ò,1521-8,,
19384-0900-27.zip,202202141041,’†‹–€ŒSº˜a’¬”Ñ‹ò,1521-9,,
19384-0900-27.zip,202202141041,’†‹–€ŒSº˜a’¬”Ñ‹ò,1521-10,,
19384-0900-27.zip,202202141041,’†‹–€ŒSº˜a’¬”Ñ‹ò,1522,,
19384-0900-27.zip,202202141041,’†‹–€ŒSº˜a’¬”Ñ‹ò,1522-16,,
19384-0900-27.zip,202202141041,’†‹–€ŒSº˜a’¬”Ñ‹ò,1523,,
19384-0900-27.zip,202202141041,’†‹–€ŒSº˜a’¬”Ñ‹ò,1524-1,,
19384-0900-27.zip,202202141041,’†‹–€ŒSº˜a’¬”Ñ‹ò,1524-2,,
19384-0900-27.zip,202202141041,’†‹–€ŒSº˜a’¬”Ñ‹ò,1524-3,,
19384-0900-27.zip,202202141041,’†‹–€ŒSº˜a’¬”Ñ‹ò,1524-4,,
19384-0900-27.zip,202202141041,’†‹–€ŒSº˜a’¬”Ñ‹ò,1524-5,,
19384-0900-27.zip,202202141041,’†‹–€ŒSº˜a’¬”Ñ‹ò,1524-6,,
19384-0900-27.zip,202202141041,’†‹–€ŒSº˜a’¬”Ñ‹ò,1524-7,,
19384-0900-27.zip,202202141041,’†‹–€ŒSº˜a’¬”Ñ‹ò,1524-8,,
19384-0900-27.zip,202202141041,’†‹–€ŒSº˜a’¬”Ñ‹ò,1524-9,,
19384-0900-27.zip,202202141041,’†‹–€ŒSº˜a’¬”Ñ‹ò,1524-10,,
19384-0900-27.zip,202202141041,’†‹–€ŒSº˜a’¬”Ñ‹ò,1524-11,,
19384-0900-27.zip,202202141041,’†‹–€ŒSº˜a’¬”Ñ‹ò,1524-12,,
19384-0900-27.zip,202202141041,’†‹–€ŒSº˜a’¬”Ñ‹ò,1525-1,,
19384-0900-27.zip,202202141041,’†‹–€ŒSº˜a’¬”Ñ‹ò,1525-2,,
19384-0900-27.zip,202202141041,’†‹–€ŒSº˜a’¬”Ñ‹ò,1525-3,,
19384-0900-27.zip,202202141041,’†‹–€ŒSº˜a’¬”Ñ‹ò,1526-1,,
19384-0900-27.zip,202202141041,’†‹–€ŒSº˜a’¬”Ñ‹ò,1526-2,,
19384-0900-27.zip,202202141041,’†‹–€ŒSº˜a’¬”Ñ‹ò,1526-3,,
19384-0900-27.zip,202202141041,’†‹–€ŒSº˜a’¬”Ñ‹ò,1526-4,,
19384-0900-27.zip,202202141041,’†‹–€ŒSº˜a’¬”Ñ‹ò,1526-5,,
19384-0900-27.zip,202202141041,’†‹–€ŒSº˜a’¬”Ñ‹ò,1526-6,,
19384-0900-27.zip,202202141041,’†‹–€ŒSº˜a’¬”Ñ‹ò,1527-1,,
19384-0900-27.zip,202202141041,’†‹–€ŒSº˜a’¬”Ñ‹ò,1527-3,,
19384-0900-27.zip,202202141041,’†‹–€ŒSº˜a’¬”Ñ‹ò,1527-4,,
19384-0900-27.zip,202202141041,’†‹–€ŒSº˜a’¬”Ñ‹ò,1527-5,,
19384-0900-27.zip,202202141041,’†‹–€ŒSº˜a’¬”Ñ‹ò,1528-1,,
19384-0900-27.zip,202202141041,’†‹–€ŒSº˜a’¬”Ñ‹ò,1528-2,,
19384-0900-27.zip,202202141041,’†‹–€ŒSº˜a’¬”Ñ‹ò,1528-3,,
19384-0900-27.zip,202202141041,’†‹–€ŒSº˜a’¬”Ñ‹ò,1528-4,,
19384-0900-27.zip,202202141041,’†‹–€ŒSº˜a’¬”Ñ‹ò,1528-5,,
19384-0900-27.zip,202202141041,’†‹–€ŒSº˜a’¬”Ñ‹ò,1528-6,,
19384-0900-27.zip,202202141041,’†‹–€ŒSº˜a’¬”Ñ‹ò,1528-7,,
19384-0900-27.zip,202202141041,’†‹–€ŒSº˜a’¬”Ñ‹ò,1528-8,,
19384-0900-27.zip,202202141041,’†‹–€ŒSº˜a’¬”Ñ‹ò,1528-9,,
19384-0900-27.zip,202202141041,’†‹–€ŒSº˜a’¬”Ñ‹ò,1529-1,,
19384-0900-27.zip,202202141041,’†‹–€ŒSº˜a’¬”Ñ‹ò,1529-2,,
19384-0900-27.zip,202202141041,’†‹–€ŒSº˜a’¬”Ñ‹ò,1529-3,,
19384-0900-27.zip,202202141041,’†‹–€ŒSº˜a’¬”Ñ‹ò,1529-4,,
19384-0900-27.zip,202202141041,’†‹–€ŒSº˜a’¬”Ñ‹ò,1529-5,,
19384-0900-27.zip,202202141041,’†‹–€ŒSº˜a’¬”Ñ‹ò,1529-6,,
19384-0900-27.zip,202202141041,’†‹–€ŒSº˜a’¬”Ñ‹ò,1529-7,,
19384-0900-27.zip,202202141041,’†‹–€ŒSº˜a’¬”Ñ‹ò,1529-8,,
19384-0900-27.zip,202202141041,’†‹–€ŒSº˜a’¬”Ñ‹ò,1529-9,,
19384-0900-27.zip,202202141041,’†‹–€ŒSº˜a’¬”Ñ‹ò,1530-1,,
19384-0900-27.zip,202202141041,’†‹–€ŒSº˜a’¬”Ñ‹ò,1530-2,,
19384-0900-27.zip,202202141041,’†‹–€ŒSº˜a’¬”Ñ‹ò,1530-3,,
19384-0900-27.zip,202202141041,’†‹–€ŒSº˜a’¬”Ñ‹ò,1530-4,,
19384-0900-27.zip,202202141041,’†‹–€ŒSº˜a’¬”Ñ‹ò,1530-5,,
19384-0900-27.zip,202202141041,’†‹–€ŒSº˜a’¬”Ñ‹ò,1530-6,,
19384-0900-27.zip,202202141041,’†‹–€ŒSº˜a’¬”Ñ‹ò,1531-1,,
19384-0900-27.zip,202202141041,’†‹–€ŒSº˜a’¬”Ñ‹ò,1531-2,,
19384-0900-27.zip,202202141041,’†‹–€ŒSº˜a’¬”Ñ‹ò,1532-1,,
19384-0900-27.zip,202202141041,’†‹–€ŒSº˜a’¬”Ñ‹ò,1532-2,,
19384-0900-27.zip,202202141041,’†‹–€ŒSº˜a’¬”Ñ‹ò,1532-3,,
19384-0900-27.zip,202202141041,’†‹–€ŒSº˜a’¬”Ñ‹ò,1532-4,,
19384-0900-27.zip,202202141041,’†‹–€ŒSº˜a’¬”Ñ‹ò,1532-5,,
19384-0900-27.zip,202202141041,’†‹–€ŒSº˜a’¬”Ñ‹ò,1532-6,,
19384-0900-27.zip,202202141041,’†‹–€ŒSº˜a’¬”Ñ‹ò,1532-7,,
19384-0900-27.zip,202202141041,’†‹–€ŒSº˜a’¬”Ñ‹ò,1532-8,,
19384-0900-27.zip,202202141041,’†‹–€ŒSº˜a’¬”Ñ‹ò,1532-9,,
19384-0900-27.zip,202202141041,’†‹–€ŒSº˜a’¬”Ñ‹ò,1532-10,,
19384-0900-27.zip,202202141041,’†‹–€ŒSº˜a’¬”Ñ‹ò,1532-11,,
19384-0900-27.zip,202202141041,’†‹–€ŒSº˜a’¬”Ñ‹ò,1533-1,,
19384-0900-27.zip,202202141041,’†‹–€ŒSº˜a’¬”Ñ‹ò,1533-2,,
19384-0900-27.zip,202202141041,’†‹–€ŒSº˜a’¬”Ñ‹ò,1533-3,,
19384-0900-27.zip,202202141041,’†‹–€ŒSº˜a’¬”Ñ‹ò,1533-4,,
19384-0900-27.zip,202202141041,’†‹–€ŒSº˜a’¬”Ñ‹ò,1533-5,,
19384-0900-27.zip,202202141041,’†‹–€ŒSº˜a’¬”Ñ‹ò,1533-6,,
19384-0900-27.zip,202202141041,’†‹–€ŒSº˜a’¬”Ñ‹ò,1533-7,,
19384-0900-27.zip,202202141041,’†‹–€ŒSº˜a’¬”Ñ‹ò,1533-8,,
19384-0900-27.zip,202202141041,’†‹–€ŒSº˜a’¬”Ñ‹ò,1533-9,,
19384-0900-27.zip,202202141041,’†‹–€ŒSº˜a’¬”Ñ‹ò,1533-10,,
19384-0900-27.zip,202202141041,’†‹–€ŒSº˜a’¬”Ñ‹ò,1533-11,,
19384-0900-27.zip,202202141041,’†‹–€ŒSº˜a’¬”Ñ‹ò,1533-12,,
19384-0900-27.zip,202202141041,’†‹–€ŒSº˜a’¬”Ñ‹ò,1533-13,,
19384-0900-27.zip,202202141041,’†‹–€ŒSº˜a’¬”Ñ‹ò,1533-14,,
19384-0900-27.zip,202202141041,’†‹–€ŒSº˜a’¬”Ñ‹ò,1534-1,,
19384-0900-27.zip,202202141041,’†‹–€ŒSº˜a’¬”Ñ‹ò,1534-2,,
19384-0900-27.zip,202202141041,’†‹–€ŒSº˜a’¬”Ñ‹ò,1534-3,,
19384-0900-27.zip,202202141041,’†‹–€ŒSº˜a’¬”Ñ‹ò,1534-4,,
19384-0900-27.zip,202202141041,’†‹–€ŒSº˜a’¬”Ñ‹ò,1534-5,,
19384-0900-27.zip,202202141041,’†‹–€ŒSº˜a’¬”Ñ‹ò,1534-6,,
19384-0900-27.zip,202202141041,’†‹–€ŒSº˜a’¬”Ñ‹ò,1534-7,,
19384-0900-27.zip,202202141041,’†‹–€ŒSº˜a’¬”Ñ‹ò,1535-1,,
19384-0900-27.zip,202202141041,’†‹–€ŒSº˜a’¬”Ñ‹ò,1535-2,,
19384-0900-27.zip,202202141041,’†‹–€ŒSº˜a’¬”Ñ‹ò,1535-3,,
19384-0900-27.zip,202202141041,’†‹–€ŒSº˜a’¬”Ñ‹ò,1535-4,,
19384-0900-27.zip,202202141041,’†‹–€ŒSº˜a’¬”Ñ‹ò,1535-5,,
19384-0900-27.zip,202202141041,’†‹–€ŒSº˜a’¬”Ñ‹ò,1535-6,,
19384-0900-27.zip,202202141041,’†‹–€ŒSº˜a’¬”Ñ‹ò,1535-7,,
19384-0900-27.zip,202202141041,’†‹–€ŒSº˜a’¬”Ñ‹ò,1535-8,,
19384-0900-27.zip,202202141041,’†‹–€ŒSº˜a’¬”Ñ‹ò,1535-9,,
19384-0900-27.zip,202202141041,’†‹–€ŒSº˜a’¬”Ñ‹ò,1535-10,,
19384-0900-27.zip,202202141041,’†‹–€ŒSº˜a’¬”Ñ‹ò,1535-11,,
19384-0900-27.zip,202202141041,’†‹–€ŒSº˜a’¬”Ñ‹ò,1535-12,,
19384-0900-27.zip,202202141041,’†‹–€ŒSº˜a’¬”Ñ‹ò,1535-13,,
19384-0900-27.zip,202202141041,’†‹–€ŒSº˜a’¬”Ñ‹ò,1535-14,,
19384-0900-27.zip,202202141041,’†‹–€ŒSº˜a’¬”Ñ‹ò,1535-15,,
19384-0900-27.zip,202202141041,’†‹–€ŒSº˜a’¬”Ñ‹ò,1536-1,,
19384-0900-27.zip,202202141041,’†‹–€ŒSº˜a’¬”Ñ‹ò,1536-2,,
19384-0900-27.zip,202202141041,’†‹–€ŒSº˜a’¬”Ñ‹ò,1537-1,,
19384-0900-27.zip,202202141041,’†‹–€ŒSº˜a’¬”Ñ‹ò,1537-2,,
19384-0900-27.zip,202202141041,’†‹–€ŒSº˜a’¬”Ñ‹ò,1537-3,,
19384-0900-27.zip,202202141041,’†‹–€ŒSº˜a’¬”Ñ‹ò,1537-4,,
19384-0900-27.zip,202202141041,’†‹–€ŒSº˜a’¬”Ñ‹ò,1537-5,,
19384-0900-27.zip,202202141041,’†‹–€ŒSº˜a’¬”Ñ‹ò,1538-1,,
19384-0900-27.zip,202202141041,’†‹–€ŒSº˜a’¬”Ñ‹ò,1538-2,,
19384-0900-27.zip,202202141041,’†‹–€ŒSº˜a’¬”Ñ‹ò,1538-3,,
19384-0900-27.zip,202202141041,’†‹–€ŒSº˜a’¬”Ñ‹ò,1538-4,,
19384-0900-27.zip,202202141041,’†‹–€ŒSº˜a’¬”Ñ‹ò,1538-5,,
19384-0900-27.zip,202202141041,’†‹–€ŒSº˜a’¬”Ñ‹ò,1538-6,,
19384-0900-27.zip,202202141041,’†‹–€ŒSº˜a’¬”Ñ‹ò,1538-7,,
19384-0900-27.zip,202202141041,’†‹–€ŒSº˜a’¬”Ñ‹ò,1538-8,,
19384-0900-27.zip,202202141041,’†‹–€ŒSº˜a’¬”Ñ‹ò,1538-9,,
19384-0900-27.zip,202202141041,’†‹–€ŒSº˜a’¬”Ñ‹ò,1538-10,,
19384-0900-27.zip,202202141041,’†‹–€ŒSº˜a’¬”Ñ‹ò,1539-1,,
19384-0900-27.zip,202202141041,’†‹–€ŒSº˜a’¬”Ñ‹ò,1539-2,,
19384-0900-27.zip,202202141041,’†‹–€ŒSº˜a’¬”Ñ‹ò,1539-3,,
19384-0900-27.zip,202202141041,’†‹–€ŒSº˜a’¬”Ñ‹ò,1539-4,,
19384-0900-27.zip,202202141041,’†‹–€ŒSº˜a’¬”Ñ‹ò,1540-1,,
19384-0900-27.zip,202202141041,’†‹–€ŒSº˜a’¬”Ñ‹ò,1540-2,,
19384-0900-27.zip,202202141041,’†‹–€ŒSº˜a’¬”Ñ‹ò,1540-3,,
19384-0900-27.zip,202202141041,’†‹–€ŒSº˜a’¬”Ñ‹ò,1540-4,,
19384-0900-27.zip,202202141041,’†‹–€ŒSº˜a’¬”Ñ‹ò,1541-1,,
19384-0900-27.zip,202202141041,’†‹–€ŒSº˜a’¬”Ñ‹ò,1541-2,,
19384-0900-27.zip,202202141041,’†‹–€ŒSº˜a’¬”Ñ‹ò,1541-3,,
19384-0900-27.zip,202202141041,’†‹–€ŒSº˜a’¬”Ñ‹ò,1541-4,,
19384-0900-27.zip,202202141041,’†‹–€ŒSº˜a’¬”Ñ‹ò,1542-1,,
19384-0900-27.zip,202202141041,’†‹–€ŒSº˜a’¬”Ñ‹ò,1542-2,,
19384-0900-27.zip,202202141041,’†‹–€ŒSº˜a’¬”Ñ‹ò,1542-3,,
19384-0900-27.zip,202202141041,’†‹–€ŒSº˜a’¬”Ñ‹ò,1542-4,,
19384-0900-27.zip,202202141041,’†‹–€ŒSº˜a’¬”Ñ‹ò,1542-5,,
19384-0900-27.zip,202202141041,’†‹–€ŒSº˜a’¬”Ñ‹ò,1542-6,,
19384-0900-27.zip,202202141041,’†‹–€ŒSº˜a’¬”Ñ‹ò,1542-7,,
19384-0900-27.zip,202202141041,’†‹–€ŒSº˜a’¬”Ñ‹ò,1542-8,,
19384-0900-27.zip,202202141041,’†‹–€ŒSº˜a’¬”Ñ‹ò,1542-9,,
19384-0900-27.zip,202202141041,’†‹–€ŒSº˜a’¬”Ñ‹ò,1542-10,,
19384-0900-27.zip,202202141041,’†‹–€ŒSº˜a’¬”Ñ‹ò,1543-1,,
19384-0900-27.zip,202202141041,’†‹–€ŒSº˜a’¬”Ñ‹ò,1543-2,,
19384-0900-27.zip,202202141041,’†‹–€ŒSº˜a’¬”Ñ‹ò,1543-3,,
19384-0900-27.zip,202202141041,’†‹–€ŒSº˜a’¬”Ñ‹ò,1543-4,,
19384-0900-27.zip,202202141041,’†‹–€ŒSº˜a’¬”Ñ‹ò,1543-5,,
19384-0900-27.zip,202202141041,’†‹–€ŒSº˜a’¬”Ñ‹ò,1543-6,,
19384-0900-27.zip,202202141041,’†‹–€ŒSº˜a’¬”Ñ‹ò,1543-7,,
19384-0900-27.zip,202202141041,’†‹–€ŒSº˜a’¬”Ñ‹ò,1543-8,,
19384-0900-27.zip,202202141041,’†‹–€ŒSº˜a’¬”Ñ‹ò,1544-1,,
19384-0900-27.zip,202202141041,’†‹–€ŒSº˜a’¬”Ñ‹ò,1544-2,,
19384-0900-27.zip,202202141041,’†‹–€ŒSº˜a’¬”Ñ‹ò,1544-3,,
19384-0900-27.zip,202202141041,’†‹–€ŒSº˜a’¬”Ñ‹ò,1544-4,,
19384-0900-27.zip,202202141041,’†‹–€ŒSº˜a’¬”Ñ‹ò,1544-5,,
19384-0900-27.zip,202202141041,’†‹–€ŒSº˜a’¬”Ñ‹ò,1544-6,,
19384-0900-27.zip,202202141041,’†‹–€ŒSº˜a’¬”Ñ‹ò,1544-7,,
19384-0900-27.zip,202202141041,’†‹–€ŒSº˜a’¬”Ñ‹ò,1544-8,,
19384-0900-27.zip,202202141041,’†‹–€ŒSº˜a’¬”Ñ‹ò,1544-9,,
19384-0900-27.zip,202202141041,’†‹–€ŒSº˜a’¬”Ñ‹ò,1544-10,,
19384-0900-27.zip,202202141041,’†‹–€ŒSº˜a’¬”Ñ‹ò,1544-11,,
19384-0900-27.zip,202202141041,’†‹–€ŒSº˜a’¬”Ñ‹ò,1544-12,,
19384-0900-27.zip,202202141041,’†‹–€ŒSº˜a’¬”Ñ‹ò,1544-13,,
19384-0900-27.zip,202202141041,’†‹–€ŒSº˜a’¬”Ñ‹ò,1544-14,,
19384-0900-27.zip,202202141041,’†‹–€ŒSº˜a’¬”Ñ‹ò,1544-15,,
19384-0900-27.zip,202202141041,’†‹–€ŒSº˜a’¬”Ñ‹ò,1544-16,,
19384-0900-27.zip,202202141041,’†‹–€ŒSº˜a’¬”Ñ‹ò,1545-1,,
19384-0900-27.zip,202202141041,’†‹–€ŒSº˜a’¬”Ñ‹ò,1545-2,,
19384-0900-27.zip,202202141041,’†‹–€ŒSº˜a’¬”Ñ‹ò,1545-3,,
19384-0900-27.zip,202202141041,’†‹–€ŒSº˜a’¬”Ñ‹ò,1545-4,,
19384-0900-27.zip,202202141041,’†‹–€ŒSº˜a’¬”Ñ‹ò,1546-1,,
19384-0900-27.zip,202202141041,’†‹–€ŒSº˜a’¬”Ñ‹ò,1546-2,,
19384-0900-27.zip,202202141041,’†‹–€ŒSº˜a’¬”Ñ‹ò,1546-3,,
19384-0900-27.zip,202202141041,’†‹–€ŒSº˜a’¬”Ñ‹ò,1546-4,,
19384-0900-27.zip,202202141041,’†‹–€ŒSº˜a’¬”Ñ‹ò,1546-5,,
19384-0900-27.zip,202202141041,’†‹–€ŒSº˜a’¬”Ñ‹ò,1546-6,,
19384-0900-27.zip,202202141041,’†‹–€ŒSº˜a’¬”Ñ‹ò,1546-7,,
19384-0900-27.zip,202202141041,’†‹–€ŒSº˜a’¬”Ñ‹ò,1546-8,,
19384-0900-27.zip,202202141041,’†‹–€ŒSº˜a’¬”Ñ‹ò,1546-9,,
19384-0900-27.zip,202202141041,’†‹–€ŒSº˜a’¬”Ñ‹ò,1547-1,,
19384-0900-27.zip,202202141041,’†‹–€ŒSº˜a’¬”Ñ‹ò,1547-2,,
19384-0900-27.zip,202202141041,’†‹–€ŒSº˜a’¬”Ñ‹ò,1547-3,,
19384-0900-27.zip,202202141041,’†‹–€ŒSº˜a’¬”Ñ‹ò,1547-4,,
19384-0900-27.zip,202202141041,’†‹–€ŒSº˜a’¬”Ñ‹ò,1547-5,,
19384-0900-27.zip,202202141041,’†‹–€ŒSº˜a’¬”Ñ‹ò,1547-6,,
19384-0900-27.zip,202202141041,’†‹–€ŒSº˜a’¬”Ñ‹ò,1547-7,,
19384-0900-27.zip,202202141041,’†‹–€ŒSº˜a’¬”Ñ‹ò,1547-8,,
19384-0900-27.zip,202202141041,’†‹–€ŒSº˜a’¬”Ñ‹ò,1547-9,,
19384-0900-27.zip,202202141041,’†‹–€ŒSº˜a’¬”Ñ‹ò,1548-1,,
19384-0900-27.zip,202202141041,’†‹–€ŒSº˜a’¬”Ñ‹ò,1548-2,,
19384-0900-27.zip,202202141041,’†‹–€ŒSº˜a’¬”Ñ‹ò,1548-3,,
19384-0900-27.zip,202202141041,’†‹–€ŒSº˜a’¬”Ñ‹ò,1548-4,,
19384-0900-27.zip,202202141041,’†‹–€ŒSº˜a’¬”Ñ‹ò,1548-5,,
19384-0900-27.zip,202202141041,’†‹–€ŒSº˜a’¬”Ñ‹ò,1548-6,,
19384-0900-27.zip,202202141041,’†‹–€ŒSº˜a’¬”Ñ‹ò,1548-7,,
19384-0900-27.zip,202202141041,’†‹–€ŒSº˜a’¬”Ñ‹ò,1548-8,,
19384-0900-27.zip,202202141041,’†‹–€ŒSº˜a’¬”Ñ‹ò,1548-9,,
19384-0900-27.zip,202202141041,’†‹–€ŒSº˜a’¬”Ñ‹ò,1550-1,,
19384-0900-27.zip,202202141041,’†‹–€ŒSº˜a’¬”Ñ‹ò,1550-2,,
19384-0900-27.zip,202202141041,’†‹–€ŒSº˜a’¬”Ñ‹ò,1550-3,,
19384-0900-27.zip,202202141041,’†‹–€ŒSº˜a’¬”Ñ‹ò,1550-4,,
19384-0900-27.zip,202202141041,’†‹–€ŒSº˜a’¬”Ñ‹ò,1550-5,,
19384-0900-27.zip,202202141041,’†‹–€ŒSº˜a’¬”Ñ‹ò,1550-6,,
19384-0900-27.zip,202202141041,’†‹–€ŒSº˜a’¬”Ñ‹ò,1550-7,,
19384-0900-27.zip,202202141041,’†‹–€ŒSº˜a’¬”Ñ‹ò,1550-8,,
19384-0900-27.zip,202202141041,’†‹–€ŒSº˜a’¬”Ñ‹ò,1550-9,,
19384-0900-27.zip,202202141041,’†‹–€ŒSº˜a’¬”Ñ‹ò,1550-10,,
19384-0900-27.zip,202202141041,’†‹–€ŒSº˜a’¬”Ñ‹ò,1550-11,,
19384-0900-27.zip,202202141041,’†‹–€ŒSº˜a’¬”Ñ‹ò,1550-12,,
19384-0900-27.zip,202202141041,’†‹–€ŒSº˜a’¬”Ñ‹ò,1550-13,,
19384-0900-27.zip,202202141041,’†‹–€ŒSº˜a’¬”Ñ‹ò,1550-14,,
19384-0900-27.zip,202202141041,’†‹–€ŒSº˜a’¬”Ñ‹ò,1550-15,,
19384-0900-27.zip,202202141041,’†‹–€ŒSº˜a’¬”Ñ‹ò,1550-16,,
19384-0900-27.zip,202202141041,’†‹–€ŒSº˜a’¬”Ñ‹ò,1550-17,,
19384-0900-27.zip,202202141041,’†‹–€ŒSº˜a’¬”Ñ‹ò,1550-18,,
19384-0900-27.zip,202202141041,’†‹–€ŒSº˜a’¬”Ñ‹ò,1550-19,,
19384-0900-27.zip,202202141041,’†‹–€ŒSº˜a’¬”Ñ‹ò,1550-20,,
19384-0900-27.zip,202202141041,’†‹–€ŒSº˜a’¬”Ñ‹ò,1550-21,,
19384-0900-27.zip,202202141041,’†‹–€ŒSº˜a’¬”Ñ‹ò,1550-22,,
19384-0900-27.zip,202202141041,’†‹–€ŒSº˜a’¬”Ñ‹ò,1551-1,,
19384-0900-27.zip,202202141041,’†‹–€ŒSº˜a’¬”Ñ‹ò,1551-2,,
19384-0900-27.zip,202202141041,’†‹–€ŒSº˜a’¬”Ñ‹ò,1551-3,,
19384-0900-27.zip,202202141041,’†‹–€ŒSº˜a’¬”Ñ‹ò,1551-4,,
19384-0900-27.zip,202202141041,’†‹–€ŒSº˜a’¬”Ñ‹ò,1551-5,,
19384-0900-27.zip,202202141041,’†‹–€ŒSº˜a’¬”Ñ‹ò,1551-6,,
19384-0900-27.zip,202202141041,’†‹–€ŒSº˜a’¬”Ñ‹ò,1551-7,,
19384-0900-27.zip,202202141041,’†‹–€ŒSº˜a’¬”Ñ‹ò,1551-8,,
19384-0900-27.zip,202202141041,’†‹–€ŒSº˜a’¬”Ñ‹ò,1551-9,,
19384-0900-27.zip,202202141041,’†‹–€ŒSº˜a’¬”Ñ‹ò,1551-10,,
19384-0900-27.zip,202202141041,’†‹–€ŒSº˜a’¬”Ñ‹ò,1551-11,,
19384-0900-27.zip,202202141041,’†‹–€ŒSº˜a’¬”Ñ‹ò,1551-12,,
19384-0900-27.zip,202202141041,’†‹–€ŒSº˜a’¬”Ñ‹ò,1551-13,,
19384-0900-27.zip,202202141041,’†‹–€ŒSº˜a’¬”Ñ‹ò,1551-14,,
19384-0900-27.zip,202202141041,’†‹–€ŒSº˜a’¬”Ñ‹ò,1551-15,,
19384-0900-27.zip,202202141041,’†‹–€ŒSº˜a’¬”Ñ‹ò,1551-16,,
19384-0900-27.zip,202202141041,’†‹–€ŒSº˜a’¬”Ñ‹ò,1552-1,,
19384-0900-27.zip,202202141041,’†‹–€ŒSº˜a’¬”Ñ‹ò,1552-2,,
19384-0900-27.zip,202202141041,’†‹–€ŒSº˜a’¬”Ñ‹ò,1552-3,,
19384-0900-27.zip,202202141041,’†‹–€ŒSº˜a’¬”Ñ‹ò,1552-4,,
19384-0900-27.zip,202202141041,’†‹–€ŒSº˜a’¬”Ñ‹ò,1552-5,,
19384-0900-27.zip,202202141041,’†‹–€ŒSº˜a’¬”Ñ‹ò,1552-6,,
19384-0900-27.zip,202202141041,’†‹–€ŒSº˜a’¬”Ñ‹ò,1552-7,,
19384-0900-27.zip,202202141041,’†‹–€ŒSº˜a’¬”Ñ‹ò,1552-8,,
19384-0900-27.zip,202202141041,’†‹–€ŒSº˜a’¬”Ñ‹ò,1552-9,,
19384-0900-27.zip,202202141041,’†‹–€ŒSº˜a’¬”Ñ‹ò,1552-10,,
19384-0900-27.zip,202202141041,’†‹–€ŒSº˜a’¬”Ñ‹ò,1552-11,,
19384-0900-27.zip,202202141041,’†‹–€ŒSº˜a’¬”Ñ‹ò,1552-12,,
19384-0900-27.zip,202202141041,’†‹–€ŒSº˜a’¬”Ñ‹ò,1552-13,,
19384-0900-27.zip,202202141041,’†‹–€ŒSº˜a’¬”Ñ‹ò,1552-14,,
19384-0900-27.zip,202202141041,’†‹–€ŒSº˜a’¬”Ñ‹ò,1552-15,,
19384-0900-27.zip,202202141041,’†‹–€ŒSº˜a’¬”Ñ‹ò,1552-17,,
19384-0900-27.zip,202202141041,’†‹–€ŒSº˜a’¬”Ñ‹ò,1552-18,,
19384-0900-27.zip,202202141041,’†‹–€ŒSº˜a’¬”Ñ‹ò,1553-2,,
19384-0900-27.zip,202202141041,’†‹–€ŒSº˜a’¬”Ñ‹ò,1553-3,,
19384-0900-27.zip,202202141041,’†‹–€ŒSº˜a’¬”Ñ‹ò,1553-4,,
19384-0900-27.zip,202202141041,’†‹–€ŒSº˜a’¬”Ñ‹ò,1553-5,,
19384-0900-27.zip,202202141041,’†‹–€ŒSº˜a’¬”Ñ‹ò,1553-7,,
19384-0900-27.zip,202202141041,’†‹–€ŒSº˜a’¬”Ñ‹ò,1553-8,,
19384-0900-27.zip,202202141041,’†‹–€ŒSº˜a’¬”Ñ‹ò,1553-9,,
19384-0900-27.zip,202202141041,’†‹–€ŒSº˜a’¬”Ñ‹ò,1553-10,,
19384-0900-27.zip,202202141041,’†‹–€ŒSº˜a’¬”Ñ‹ò,1553-11,,
19384-0900-27.zip,202202141041,’†‹–€ŒSº˜a’¬”Ñ‹ò,1553-12,,
19384-0900-27.zip,202202141041,’†‹–€ŒSº˜a’¬”Ñ‹ò,1553-14,,
19384-0900-27.zip,202202141041,’†‹–€ŒSº˜a’¬”Ñ‹ò,1553-15,,
19384-0900-27.zip,202202141041,’†‹–€ŒSº˜a’¬”Ñ‹ò,1553-16,,
19384-0900-27.zip,202202141041,’†‹–€ŒSº˜a’¬”Ñ‹ò,1554-1,,
19384-0900-27.zip,202202141041,’†‹–€ŒSº˜a’¬”Ñ‹ò,1554-2,,
19384-0900-27.zip,202202141041,’†‹–€ŒSº˜a’¬”Ñ‹ò,1554-3,,
19384-0900-27.zip,202202141041,’†‹–€ŒSº˜a’¬”Ñ‹ò,1554-6,,
19384-0900-27.zip,202202141041,’†‹–€ŒSº˜a’¬”Ñ‹ò,1554-7,,
19384-0900-27.zip,202202141041,’†‹–€ŒSº˜a’¬”Ñ‹ò,1554-8,,
19384-0900-27.zip,202202141041,’†‹–€ŒSº˜a’¬”Ñ‹ò,1554-9,,
19384-0900-27.zip,202202141041,’†‹–€ŒSº˜a’¬”Ñ‹ò,1555-1,,
19384-0900-27.zip,202202141041,’†‹–€ŒSº˜a’¬”Ñ‹ò,1555-2,,
19384-0900-27.zip,202202141041,’†‹–€ŒSº˜a’¬”Ñ‹ò,1555-3,,
19384-0900-27.zip,202202141041,’†‹–€ŒSº˜a’¬”Ñ‹ò,1555-4,,
19384-0900-27.zip,202202141041,’†‹–€ŒSº˜a’¬”Ñ‹ò,1555-5,,
19384-0900-27.zip,202202141041,’†‹–€ŒSº˜a’¬”Ñ‹ò,1555-6,,
19384-0900-27.zip,202202141041,’†‹–€ŒSº˜a’¬”Ñ‹ò,1555-7,,
19384-0900-27.zip,202202141041,’†‹–€ŒSº˜a’¬”Ñ‹ò,1555-8,,
19384-0900-27.zip,202202141041,’†‹–€ŒSº˜a’¬”Ñ‹ò,1555-9,,
19384-0900-27.zip,202202141041,’†‹–€ŒSº˜a’¬”Ñ‹ò,1555-10,,
19384-0900-27.zip,202202141041,’†‹–€ŒSº˜a’¬”Ñ‹ò,1556,,
19384-0900-27.zip,202202141041,’†‹–€ŒSº˜a’¬”Ñ‹ò,1557-1,,
19384-0900-27.zip,202202141041,’†‹–€ŒSº˜a’¬”Ñ‹ò,1557-2,,
19384-0900-27.zip,202202141041,’†‹–€ŒSº˜a’¬”Ñ‹ò,1557-3,,
19384-0900-27.zip,202202141041,’†‹–€ŒSº˜a’¬”Ñ‹ò,1557-4,,
19384-0900-27.zip,202202141041,’†‹–€ŒSº˜a’¬”Ñ‹ò,1557-5,,
19384-0900-27.zip,202202141041,’†‹–€ŒSº˜a’¬”Ñ‹ò,1557-6,,
19384-0900-27.zip,202202141041,’†‹–€ŒSº˜a’¬”Ñ‹ò,1557-7,,
19384-0900-27.zip,202202141041,’†‹–€ŒSº˜a’¬”Ñ‹ò,1557-8,,
19384-0900-27.zip,202202141041,’†‹–€ŒSº˜a’¬”Ñ‹ò,1557-9,,
19384-0900-27.zip,202202141041,’†‹–€ŒSº˜a’¬”Ñ‹ò,1557-10,,
19384-0900-27.zip,202202141041,’†‹–€ŒSº˜a’¬”Ñ‹ò,1557-11,,
19384-0900-27.zip,202202141041,’†‹–€ŒSº˜a’¬”Ñ‹ò,1557-12,,
19384-0900-27.zip,202202141041,’†‹–€ŒSº˜a’¬”Ñ‹ò,1558-1,,
19384-0900-27.zip,202202141041,’†‹–€ŒSº˜a’¬”Ñ‹ò,1558-2,,
19384-0900-27.zip,202202141041,’†‹–€ŒSº˜a’¬”Ñ‹ò,1558-3,,
19384-0900-27.zip,202202141041,’†‹–€ŒSº˜a’¬”Ñ‹ò,1558-4,,
19384-0900-27.zip,202202141041,’†‹–€ŒSº˜a’¬”Ñ‹ò,1558-5,,
19384-0900-27.zip,202202141041,’†‹–€ŒSº˜a’¬”Ñ‹ò,1558-6,,
19384-0900-27.zip,202202141041,’†‹–€ŒSº˜a’¬”Ñ‹ò,1558-7,,
19384-0900-27.zip,202202141041,’†‹–€ŒSº˜a’¬”Ñ‹ò,1558-8,,
19384-0900-27.zip,202202141041,’†‹–€ŒSº˜a’¬”Ñ‹ò,1558-9,,
19384-0900-27.zip,202202141041,’†‹–€ŒSº˜a’¬”Ñ‹ò,1559-1,,
19384-0900-27.zip,202202141041,’†‹–€ŒSº˜a’¬”Ñ‹ò,1559-2,,
19384-0900-27.zip,202202141041,’†‹–€ŒSº˜a’¬”Ñ‹ò,1559-3,,
19384-0900-27.zip,202202141041,’†‹–€ŒSº˜a’¬”Ñ‹ò,1559-4,,
19384-0900-27.zip,202202141041,’†‹–€ŒSº˜a’¬”Ñ‹ò,1559-5,,
19384-0900-27.zip,202202141041,’†‹–€ŒSº˜a’¬”Ñ‹ò,1559-6,,
19384-0900-27.zip,202202141041,’†‹–€ŒSº˜a’¬”Ñ‹ò,1559-7,,
19384-0900-27.zip,202202141041,’†‹–€ŒSº˜a’¬”Ñ‹ò,1559-8,,
19384-0900-27.zip,202202141041,’†‹–€ŒSº˜a’¬”Ñ‹ò,1559-9,,
19384-0900-27.zip,202202141041,’†‹–€ŒSº˜a’¬”Ñ‹ò,1559-10,,
19384-0900-27.zip,202202141041,’†‹–€ŒSº˜a’¬”Ñ‹ò,1560-1,,
19384-0900-27.zip,202202141041,’†‹–€ŒSº˜a’¬”Ñ‹ò,1560-2,,
19384-0900-27.zip,202202141041,’†‹–€ŒSº˜a’¬”Ñ‹ò,1560-3,,
19384-0900-27.zip,202202141041,’†‹–€ŒSº˜a’¬”Ñ‹ò,1560-4,,
19384-0900-27.zip,202202141041,’†‹–€ŒSº˜a’¬”Ñ‹ò,1560-5,,
19384-0900-27.zip,202202141041,’†‹–€ŒSº˜a’¬”Ñ‹ò,1560-6,,
19384-0900-27.zip,202202141041,’†‹–€ŒSº˜a’¬”Ñ‹ò,1560-7,,
19384-0900-27.zip,202202141041,’†‹–€ŒSº˜a’¬”Ñ‹ò,1560-8,,
19384-0900-27.zip,202202141041,’†‹–€ŒSº˜a’¬”Ñ‹ò,1560-9,,
19384-0900-27.zip,202202141041,’†‹–€ŒSº˜a’¬”Ñ‹ò,1560-10,,
19384-0900-27.zip,202202141041,’†‹–€ŒSº˜a’¬”Ñ‹ò,1560-11,,
19384-0900-27.zip,202202141041,’†‹–€ŒSº˜a’¬”Ñ‹ò,1560-12,,
19384-0900-27.zip,202202141041,’†‹–€ŒSº˜a’¬”Ñ‹ò,1560-13,,
19384-0900-27.zip,202202141041,’†‹–€ŒSº˜a’¬”Ñ‹ò,1561-1,,
19384-0900-27.zip,202202141041,’†‹–€ŒSº˜a’¬”Ñ‹ò,1561-2,,
19384-0900-27.zip,202202141041,’†‹–€ŒSº˜a’¬”Ñ‹ò,1561-3,,
19384-0900-27.zip,202202141041,’†‹–€ŒSº˜a’¬”Ñ‹ò,1561-4,,
19384-0900-27.zip,202202141041,’†‹–€ŒSº˜a’¬”Ñ‹ò,1561-5,,
19384-0900-27.zip,202202141041,’†‹–€ŒSº˜a’¬”Ñ‹ò,1561-6,,
19384-0900-27.zip,202202141041,’†‹–€ŒSº˜a’¬”Ñ‹ò,1561-7,,
19384-0900-27.zip,202202141041,’†‹–€ŒSº˜a’¬”Ñ‹ò,1561-8,,
19384-0900-27.zip,202202141041,’†‹–€ŒSº˜a’¬”Ñ‹ò,1561-9,,
19384-0900-27.zip,202202141041,’†‹–€ŒSº˜a’¬”Ñ‹ò,1561-10,,
19384-0900-27.zip,202202141041,’†‹–€ŒSº˜a’¬”Ñ‹ò,1561-11,,
19384-0900-27.zip,202202141041,’†‹–€ŒSº˜a’¬”Ñ‹ò,1562-1,,
19384-0900-27.zip,202202141041,’†‹–€ŒSº˜a’¬”Ñ‹ò,1562-2,,
19384-0900-27.zip,202202141041,’†‹–€ŒSº˜a’¬”Ñ‹ò,1562-3,,
19384-0900-27.zip,202202141041,’†‹–€ŒSº˜a’¬”Ñ‹ò,1562-4,,
19384-0900-27.zip,202202141041,’†‹–€ŒSº˜a’¬”Ñ‹ò,1562-5,,
19384-0900-27.zip,202202141041,’†‹–€ŒSº˜a’¬”Ñ‹ò,1562-6,,
19384-0900-27.zip,202202141041,’†‹–€ŒSº˜a’¬”Ñ‹ò,1562-7,,
19384-0900-27.zip,202202141041,’†‹–€ŒSº˜a’¬”Ñ‹ò,1562-8,,
19384-0900-27.zip,202202141041,’†‹–€ŒSº˜a’¬”Ñ‹ò,1562-9,,
19384-0900-27.zip,202202141041,’†‹–€ŒSº˜a’¬”Ñ‹ò,1562-10,,
19384-0900-27.zip,202202141041,’†‹–€ŒSº˜a’¬”Ñ‹ò,1562-11,,
19384-0900-27.zip,202202141041,’†‹–€ŒSº˜a’¬”Ñ‹ò,1563-1,,
19384-0900-27.zip,202202141041,’†‹–€ŒSº˜a’¬”Ñ‹ò,1563-2,,
19384-0900-27.zip,202202141041,’†‹–€ŒSº˜a’¬”Ñ‹ò,1563-3,,
19384-0900-27.zip,202202141041,’†‹–€ŒSº˜a’¬”Ñ‹ò,1563-4,,
19384-0900-27.zip,202202141041,’†‹–€ŒSº˜a’¬”Ñ‹ò,1563-5,,
19384-0900-27.zip,202202141041,’†‹–€ŒSº˜a’¬”Ñ‹ò,1563-6,,
19384-0900-27.zip,202202141041,’†‹–€ŒSº˜a’¬”Ñ‹ò,1563-7,,
19384-0900-27.zip,202202141041,’†‹–€ŒSº˜a’¬”Ñ‹ò,1563-8,,
19384-0900-27.zip,202202141041,’†‹–€ŒSº˜a’¬”Ñ‹ò,1563-9,,
19384-0900-27.zip,202202141041,’†‹–€ŒSº˜a’¬”Ñ‹ò,1563-10,,
19384-0900-27.zip,202202141041,’†‹–€ŒSº˜a’¬”Ñ‹ò,1563-11,,
19384-0900-27.zip,202202141041,’†‹–€ŒSº˜a’¬”Ñ‹ò,1563-12,,
19384-0900-27.zip,202202141041,’†‹–€ŒSº˜a’¬”Ñ‹ò,1564,,
19384-0900-27.zip,202202141041,’†‹–€ŒSº˜a’¬”Ñ‹ò,1565,,
19384-0900-27.zip,202202141041,’†‹–€ŒSº˜a’¬”Ñ‹ò,1566,,
19384-0900-27.zip,202202141041,’†‹–€ŒSº˜a’¬”Ñ‹ò,1567,,
19384-0900-27.zip,202202141041,’†‹–€ŒSº˜a’¬”Ñ‹ò,1568,,
19384-0900-27.zip,202202141041,’†‹–€ŒSº˜a’¬”Ñ‹ò,1569,,
19384-0900-27.zip,202202141041,’†‹–€ŒSº˜a’¬”Ñ‹ò,1570,,
19384-0900-27.zip,202202141041,’†‹–€ŒSº˜a’¬”Ñ‹ò,1571,,
19384-0900-27.zip,202202141041,’†‹–€ŒSº˜a’¬”Ñ‹ò,1572,,
19384-0900-27.zip,202202141041,’†‹–€ŒSº˜a’¬”Ñ‹ò,1573,,
19384-0900-27.zip,202202141041,’†‹–€ŒSº˜a’¬”Ñ‹ò,1575,,
19384-0900-27.zip,202202141041,’†‹–€ŒSº˜a’¬”Ñ‹ò,1576,,
19384-0900-27.zip,202202141041,’†‹–€ŒSº˜a’¬”Ñ‹ò,1577,,
19384-0900-27.zip,202202141041,’†‹–€ŒSº˜a’¬”Ñ‹ò,1578,,
19384-0900-27.zip,202202141041,’†‹–€ŒSº˜a’¬”Ñ‹ò,1579,,
19384-0900-27.zip,202202141041,’†‹–€ŒSº˜a’¬”Ñ‹ò,1580,,
19384-0900-27.zip,202202141041,’†‹–€ŒSº˜a’¬”Ñ‹ò,1581,,
19384-0900-27.zip,202202141041,’†‹–€ŒSº˜a’¬”Ñ‹ò,1582,,
19384-0900-27.zip,202202141041,’†‹–€ŒSº˜a’¬”Ñ‹ò,1583,,
19384-0900-27.zip,202202141041,’†‹–€ŒSº˜a’¬”Ñ‹ò,1584,,
19384-0900-27.zip,202202141041,’†‹–€ŒSº˜a’¬”Ñ‹ò,1585,,
19384-0900-27.zip,202202141041,’†‹–€ŒSº˜a’¬”Ñ‹ò,1586,,
19384-0900-27.zip,202202141041,’†‹–€ŒSº˜a’¬”Ñ‹ò,1587,,
19384-0900-27.zip,202202141041,’†‹–€ŒSº˜a’¬”Ñ‹ò,1588,,
19384-0900-27.zip,202202141041,’†‹–€ŒSº˜a’¬”Ñ‹ò,1589,,
19384-0900-27.zip,202202141041,’†‹–€ŒSº˜a’¬”Ñ‹ò,1590,,
19384-0900-27.zip,202202141041,’†‹–€ŒSº˜a’¬”Ñ‹ò,1591,,
19384-0900-27.zip,202202141041,’†‹–€ŒSº˜a’¬”Ñ‹ò,1593,,
19384-0900-27.zip,202202141041,’†‹–€ŒSº˜a’¬”Ñ‹ò,1594,,
19384-0900-27.zip,202202141041,’†‹–€ŒSº˜a’¬”Ñ‹ò,1595,,
19384-0900-27.zip,202202141041,’†‹–€ŒSº˜a’¬”Ñ‹ò,1596,,
19384-0900-27.zip,202202141041,’†‹–€ŒSº˜a’¬”Ñ‹ò,1597,,
19384-0900-27.zip,202202141041,’†‹–€ŒSº˜a’¬”Ñ‹ò,1598,,
19384-0900-27.zip,202202141041,’†‹–€ŒSº˜a’¬”Ñ‹ò,1599,,
19384-0900-27.zip,202202141041,’†‹–€ŒSº˜a’¬”Ñ‹ò,1600,,
19384-0900-27.zip,202202141041,’†‹–€ŒSº˜a’¬”Ñ‹ò,1601,,
19384-0900-27.zip,202202141041,’†‹–€ŒSº˜a’¬”Ñ‹ò,1602,,
19384-0900-27.zip,202202141041,’†‹–€ŒSº˜a’¬”Ñ‹ò,1603,,
19384-0900-27.zip,202202141041,’†‹–€ŒSº˜a’¬”Ñ‹ò,1604,,
19384-0900-27.zip,202202141041,’†‹–€ŒSº˜a’¬”Ñ‹ò,1605,,
19384-0900-27.zip,202202141041,’†‹–€ŒSº˜a’¬”Ñ‹ò,1606,,
19384-0900-27.zip,202202141041,’†‹–€ŒSº˜a’¬”Ñ‹ò,1607,,
19384-0900-27.zip,202202141041,’†‹–€ŒSº˜a’¬”Ñ‹ò,1608,,
19384-0900-27.zip,202202141041,’†‹–€ŒSº˜a’¬”Ñ‹ò,1609,,
19384-0900-27.zip,202202141041,’†‹–€ŒSº˜a’¬”Ñ‹ò,1610,,
19384-0900-27.zip,202202141041,’†‹–€ŒSº˜a’¬”Ñ‹ò,1611,,
19384-0900-27.zip,202202141041,’†‹–€ŒSº˜a’¬”Ñ‹ò,1612,,
19384-0900-27.zip,202202141041,’†‹–€ŒSº˜a’¬”Ñ‹ò,1613,,
19384-0900-27.zip,202202141041,’†‹–€ŒSº˜a’¬”Ñ‹ò,1614,,
19384-0900-27.zip,202202141041,’†‹–€ŒSº˜a’¬”Ñ‹ò,1615,,
19384-0900-27.zip,202202141041,’†‹–€ŒSº˜a’¬”Ñ‹ò,1616,,
19384-0900-27.zip,202202141041,’†‹–€ŒSº˜a’¬”Ñ‹ò,1617,,
19384-0900-27.zip,202202141041,’†‹–€ŒSº˜a’¬”Ñ‹ò,1618,,
19384-0900-27.zip,202202141041,’†‹–€ŒSº˜a’¬”Ñ‹ò,1619,,
19384-0900-27.zip,202202141041,’†‹–€ŒSº˜a’¬”Ñ‹ò,1621,,
19384-0900-27.zip,202202141041,’†‹–€ŒSº˜a’¬”Ñ‹ò,1622,,
19384-0900-27.zip,202202141041,’†‹–€ŒSº˜a’¬”Ñ‹ò,1623,,
19384-0900-27.zip,202202141041,’†‹–€ŒSº˜a’¬”Ñ‹ò,1624,,
19384-0900-27.zip,202202141041,’†‹–€ŒSº˜a’¬”Ñ‹ò,1625,,
19384-0900-27.zip,202202141041,’†‹–€ŒSº˜a’¬”Ñ‹ò,1626,,
19384-0900-27.zip,202202141041,’†‹–€ŒSº˜a’¬”Ñ‹ò,1627,,
19384-0900-27.zip,202202141041,’†‹–€ŒSº˜a’¬”Ñ‹ò,1628,,
19384-0900-27.zip,202202141041,’†‹–€ŒSº˜a’¬”Ñ‹ò,1629,,
19384-0900-27.zip,202202141041,’†‹–€ŒSº˜a’¬”Ñ‹ò,1630,,
19384-0900-27.zip,202202141041,’†‹–€ŒSº˜a’¬”Ñ‹ò,1631,,
19384-0900-27.zip,202202141041,’†‹–€ŒSº˜a’¬”Ñ‹ò,1632,,
19384-0900-27.zip,202202141041,’†‹–€ŒSº˜a’¬”Ñ‹ò,1633,,
19384-0900-27.zip,202202141041,’†‹–€ŒSº˜a’¬”Ñ‹ò,1634,,
19384-0900-27.zip,202202141041,’†‹–€ŒSº˜a’¬”Ñ‹ò,1635,,
19384-0900-27.zip,202202141041,’†‹–€ŒSº˜a’¬”Ñ‹ò,1636,,
19384-0900-27.zip,202202141041,’†‹–€ŒSº˜a’¬”Ñ‹ò,1637,,
19384-0900-27.zip,202202141041,’†‹–€ŒSº˜a’¬”Ñ‹ò,1638,,
19384-0900-27.zip,202202141041,’†‹–€ŒSº˜a’¬”Ñ‹ò,1639,,
19384-0900-27.zip,202202141041,’†‹–€ŒSº˜a’¬”Ñ‹ò,1640,,
19384-0900-27.zip,202202141041,’†‹–€ŒSº˜a’¬”Ñ‹ò,1641,,
19384-0900-27.zip,202202141041,’†‹–€ŒSº˜a’¬‰Í¼,1600-1,,
19384-0900-27.zip,202202141041,’†‹–€ŒSº˜a’¬‰Í¼,1600-2,,
19384-0900-27.zip,202202141041,’†‹–€ŒSº˜a’¬‰Í¼,1600-3,,
19384-0900-27.zip,202202141041,’†‹–€ŒSº˜a’¬‰Í¼,1600-4,,
19384-0900-27.zip,202202141041,’†‹–€ŒSº˜a’¬‰Í¼,1600-5,,
19384-0900-27.zip,202202141041,’†‹–€ŒSº˜a’¬‰Í¼,1600-6,,
19384-0900-27.zip,202202141041,’†‹–€ŒSº˜a’¬‰Í¼,1600-7,,
19384-0900-27.zip,202202141041,’†‹–€ŒSº˜a’¬‰Í¼,1600-8,,
19384-0900-27.zip,202202141041,’†‹–€ŒSº˜a’¬‰Í¼,1600-9,,
19384-0900-27.zip,202202141041,’†‹–€ŒSº˜a’¬‰Í¼,1600-10,,
19384-0900-27.zip,202202141041,’†‹–€ŒSº˜a’¬‰Í¼,1600-11,,
19384-0900-27.zip,202202141041,’†‹–€ŒSº˜a’¬‰Í¼,1600-12,,
19384-0900-27.zip,202202141041,’†‹–€ŒSº˜a’¬‰Í¼,1600-13,,
19384-0900-27.zip,202202141041,’†‹–€ŒSº˜a’¬‰Í¼,1600-14,,
19384-0900-27.zip,202202141041,’†‹–€ŒSº˜a’¬‰Í¼,1600-15,,
19384-0900-27.zip,202202141041,’†‹–€ŒSº˜a’¬‰Í¼,1600-16,,
19384-0900-27.zip,202202141041,’†‹–€ŒSº˜a’¬‰Í¼,1600-17,,
19384-0900-27.zip,202202141041,’†‹–€ŒSº˜a’¬‰Í¼,1600-18,,
19384-0900-27.zip,202202141041,’†‹–€ŒSº˜a’¬‰Í¼,1600-19,,
19384-0900-27.zip,202202141041,’†‹–€ŒSº˜a’¬‰Í¼,1600-20,,
19384-0900-27.zip,202202141041,’†‹–€ŒSº˜a’¬‰Í¼,1600-21,,
19384-0900-27.zip,202202141041,’†‹–€ŒSº˜a’¬‰Í¼,1600-22,,
19384-0900-27.zip,202202141041,’†‹–€ŒSº˜a’¬‰Í¼,1601-1,,
19384-0900-27.zip,202202141041,’†‹–€ŒSº˜a’¬‰Í¼,1601-2,,
19384-0900-27.zip,202202141041,’†‹–€ŒSº˜a’¬‰Í¼,1601-3,,
19384-0900-27.zip,202202141041,’†‹–€ŒSº˜a’¬‰Í¼,1601-4,,
19384-0900-27.zip,202202141041,’†‹–€ŒSº˜a’¬‰Í¼,1601-5,,
19384-0900-27.zip,202202141041,’†‹–€ŒSº˜a’¬‰Í¼,1601-6,,
19384-0900-27.zip,202202141041,’†‹–€ŒSº˜a’¬‰Í¼,1601-7,,
19384-0900-27.zip,202202141041,’†‹–€ŒSº˜a’¬‰Í¼,1601-8,,
19384-0900-27.zip,202202141041,’†‹–€ŒSº˜a’¬‰Í¼,1601-9,,
19384-0900-27.zip,202202141041,’†‹–€ŒSº˜a’¬‰Í¼,1601-10,,
19384-0900-27.zip,202202141041,’†‹–€ŒSº˜a’¬‰Í¼,1601-11,,
19384-0900-27.zip,202202141041,’†‹–€ŒSº˜a’¬‰Í¼,1601-12,,
19384-0900-27.zip,202202141041,’†‹–€ŒSº˜a’¬‰Í¼,1601-13,,
19384-0900-27.zip,202202141041,’†‹–€ŒSº˜a’¬‰Í¼,1601-14,,
19384-0900-27.zip,202202141041,’†‹–€ŒSº˜a’¬‰Í¼,1601-15,,
19384-0900-27.zip,202202141041,’†‹–€ŒSº˜a’¬‰Í¼,1601-16,,
19384-0900-27.zip,202202141041,’†‹–€ŒSº˜a’¬‰Í¼,1601-17,,
19384-0900-27.zip,202202141041,’†‹–€ŒSº˜a’¬‰Í¼,1601-18,,
19384-0900-27.zip,202202141041,’†‹–€ŒSº˜a’¬‰Í¼,1601-19,,
19384-0900-27.zip,202202141041,’†‹–€ŒSº˜a’¬‰Í¼,1601-20,,
19384-0900-27.zip,202202141041,’†‹–€ŒSº˜a’¬‰Í¼,1601-21,,
19384-0900-27.zip,202202141041,’†‹–€ŒSº˜a’¬‰Í¼,1601-22,,
19384-0900-27.zip,202202141041,’†‹–€ŒSº˜a’¬‰Í¼,1601-23,,
19384-0900-27.zip,202202141041,’†‹–€ŒSº˜a’¬‰Í¼,1601-24,,
19384-0900-27.zip,202202141041,’†‹–€ŒSº˜a’¬‰Í¼,1601-25,,
19384-0900-27.zip,202202141041,’†‹–€ŒSº˜a’¬‰Í¼,1601-26,,
19384-0900-27.zip,202202141041,’†‹–€ŒSº˜a’¬‰Í¼,1602-1,,
19384-0900-27.zip,202202141041,’†‹–€ŒSº˜a’¬‰Í¼,1602-2,,
19384-0900-27.zip,202202141041,’†‹–€ŒSº˜a’¬‰Í¼,1602-3,,
19384-0900-27.zip,202202141041,’†‹–€ŒSº˜a’¬‰Í¼,1602-4,,
19384-0900-27.zip,202202141041,’†‹–€ŒSº˜a’¬‰Í¼,1602-5,,
19384-0900-27.zip,202202141041,’†‹–€ŒSº˜a’¬‰Í¼,1602-6,,
19384-0900-27.zip,202202141041,’†‹–€ŒSº˜a’¬‰Í¼,1602-7,,
19384-0900-27.zip,202202141041,’†‹–€ŒSº˜a’¬‰Í¼,1602-8,,
19384-0900-27.zip,202202141041,’†‹–€ŒSº˜a’¬‰Í¼,1602-9,,
19384-0900-27.zip,202202141041,’†‹–€ŒSº˜a’¬‰Í¼,1602-10,,
19384-0900-27.zip,202202141041,’†‹–€ŒSº˜a’¬‰Í¼,1603-1,,
19384-0900-27.zip,202202141041,’†‹–€ŒSº˜a’¬‰Í¼,1603-2,,
19384-0900-27.zip,202202141041,’†‹–€ŒSº˜a’¬‰Í¼,1603-3,,
19384-0900-27.zip,202202141041,’†‹–€ŒSº˜a’¬‰Í¼,1603-4,,
19384-0900-27.zip,202202141041,’†‹–€ŒSº˜a’¬‰Í¼,1603-5,,
19384-0900-27.zip,202202141041,’†‹–€ŒSº˜a’¬‰Í¼,1603-6,,
19384-0900-27.zip,202202141041,’†‹–€ŒSº˜a’¬‰Í¼,1603-7,,
19384-0900-27.zip,202202141041,’†‹–€ŒSº˜a’¬‰Í¼,1603-8,,
19384-0900-27.zip,202202141041,’†‹–€ŒSº˜a’¬‰Í¼,1603-9,,
19384-0900-27.zip,202202141041,’†‹–€ŒSº˜a’¬‰Í¼,1603-10,,
19384-0900-27.zip,202202141041,’†‹–€ŒSº˜a’¬‰Í¼,1604-1,,
19384-0900-27.zip,202202141041,’†‹–€ŒSº˜a’¬‰Í¼,1604-2,,
19384-0900-27.zip,202202141041,’†‹–€ŒSº˜a’¬‰Í¼,1604-3,,
19384-0900-27.zip,202202141041,’†‹–€ŒSº˜a’¬‰Í¼,1604-4,,
19384-0900-27.zip,202202141041,’†‹–€ŒSº˜a’¬‰Í¼,1604-5,,
19384-0900-27.zip,202202141041,’†‹–€ŒSº˜a’¬‰Í¼,1604-6,,
19384-0900-27.zip,202202141041,’†‹–€ŒSº˜a’¬‰Í¼,1604-7,,
19384-0900-27.zip,202202141041,’†‹–€ŒSº˜a’¬‰Í¼,1604-8,,
19384-0900-27.zip,202202141041,’†‹–€ŒSº˜a’¬‰Í¼,1604-9,,
19384-0900-27.zip,202202141041,’†‹–€ŒSº˜a’¬‰Í¼,1605-1,,
19384-0900-27.zip,202202141041,’†‹–€ŒSº˜a’¬‰Í¼,1605-2,,
19384-0900-27.zip,202202141041,’†‹–€ŒSº˜a’¬‰Í¼,1605-3,,
19384-0900-27.zip,202202141041,’†‹–€ŒSº˜a’¬‰Í¼,1605-4,,
19384-0900-27.zip,202202141041,’†‹–€ŒSº˜a’¬‰Í¼,1605-5,,
19384-0900-27.zip,202202141041,’†‹–€ŒSº˜a’¬‰Í¼,1605-6,,
19384-0900-27.zip,202202141041,’†‹–€ŒSº˜a’¬‰Í¼,1605-7,,
19384-0900-27.zip,202202141041,’†‹–€ŒSº˜a’¬‰Í¼,1605-8,,
19384-0900-27.zip,202202141041,’†‹–€ŒSº˜a’¬‰Í¼,1605-9,,
19384-0900-27.zip,202202141041,’†‹–€ŒSº˜a’¬‰Í¼,1605-10,,
19384-0900-27.zip,202202141041,’†‹–€ŒSº˜a’¬‰Í¼,1605-11,,
19384-0900-27.zip,202202141041,’†‹–€ŒSº˜a’¬‰Í¼,1605-12,,
19384-0900-27.zip,202202141041,’†‹–€ŒSº˜a’¬‰Í¼,1605-13,,
19384-0900-27.zip,202202141041,’†‹–€ŒSº˜a’¬‰Í¼,1605-14,,
19384-0900-27.zip,202202141041,’†‹–€ŒSº˜a’¬‰Í¼,1605-15,,
19384-0900-27.zip,202202141041,’†‹–€ŒSº˜a’¬‰Í¼,1605-16,,
19384-0900-27.zip,202202141041,’†‹–€ŒSº˜a’¬‰Í¼,1605-17,,
19384-0900-27.zip,202202141041,’†‹–€ŒSº˜a’¬‰Í¼,1605-18,,
19384-0900-27.zip,202202141041,’†‹–€ŒSº˜a’¬‰Í¼,1606,,
19384-0900-27.zip,202202141041,’†‹–€ŒSº˜a’¬‰Í¼,1607-1,,
19384-0900-27.zip,202202141041,’†‹–€ŒSº˜a’¬‰Í¼,1607-2,,
19384-0900-27.zip,202202141041,’†‹–€ŒSº˜a’¬‰Í¼,1607-3,,
19384-0900-27.zip,202202141041,’†‹–€ŒSº˜a’¬‰Í¼,1607-4,,
19384-0900-27.zip,202202141041,’†‹–€ŒSº˜a’¬‰Í¼,1607-5,,
19384-0900-27.zip,202202141041,’†‹–€ŒSº˜a’¬‰Í¼,1607-6,,
19384-0900-27.zip,202202141041,’†‹–€ŒSº˜a’¬‰Í¼,1607-7,,
19384-0900-27.zip,202202141041,’†‹–€ŒSº˜a’¬‰Í¼,1607-8,,
19384-0900-27.zip,202202141041,’†‹–€ŒSº˜a’¬‰Í¼,1607-9,,
19384-0900-27.zip,202202141041,’†‹–€ŒSº˜a’¬‰Í¼,1607-10,,
19384-0900-27.zip,202202141041,’†‹–€ŒSº˜a’¬‰Í¼,1607-11,,
19384-0900-27.zip,202202141041,’†‹–€ŒSº˜a’¬‰Í¼,1607-12,,
19384-0900-27.zip,202202141041,’†‹–€ŒSº˜a’¬‰Í¼,1607-13,,
19384-0900-27.zip,202202141041,’†‹–€ŒSº˜a’¬‰Í¼,1607-14,,
19384-0900-27.zip,202202141041,’†‹–€ŒSº˜a’¬‰Í¼,1607-15,,
19384-0900-27.zip,202202141041,’†‹–€ŒSº˜a’¬‰Í¼,1608-1,,
19384-0900-27.zip,202202141041,’†‹–€ŒSº˜a’¬‰Í¼,1608-2,,
19384-0900-27.zip,202202141041,’†‹–€ŒSº˜a’¬‰Í¼,1609-1,,
19384-0900-27.zip,202202141041,’†‹–€ŒSº˜a’¬‰Í¼,1609-2,,
19384-0900-27.zip,202202141041,’†‹–€ŒSº˜a’¬‰Í¼,1610-1,,
19384-0900-27.zip,202202141041,’†‹–€ŒSº˜a’¬‰Í¼,1610-2,,
19384-0900-27.zip,202202141041,’†‹–€ŒSº˜a’¬‰Í¼,1610-3,,
19384-0900-27.zip,202202141041,’†‹–€ŒSº˜a’¬‰Í¼,1610-4,,
19384-0900-27.zip,202202141041,’†‹–€ŒSº˜a’¬‰Í¼,1610-5,,
19384-0900-27.zip,202202141041,’†‹–€ŒSº˜a’¬‰Í¼,1610-6,,
19384-0900-27.zip,202202141041,’†‹–€ŒSº˜a’¬‰Í¼,1610-7,,
19384-0900-27.zip,202202141041,’†‹–€ŒSº˜a’¬‰Í¼,1610-8,,
19384-0900-27.zip,202202141041,’†‹–€ŒSº˜a’¬‰Í¼,1610-9,,
19384-0900-27.zip,202202141041,’†‹–€ŒSº˜a’¬‰Í¼,1610-10,,
19384-0900-27.zip,202202141041,’†‹–€ŒSº˜a’¬‰Í¼,1610-11,,
19384-0900-27.zip,202202141041,’†‹–€ŒSº˜a’¬‰Í¼,1610-12,,
19384-0900-27.zip,202202141041,’†‹–€ŒSº˜a’¬‰Í¼,1610-13,,
19384-0900-27.zip,202202141041,’†‹–€ŒSº˜a’¬‰Í¼,1610-14,,
19384-0900-27.zip,202202141041,’†‹–€ŒSº˜a’¬‰Í¼,1610-15,,
19384-0900-27.zip,202202141041,’†‹–€ŒSº˜a’¬‰Í¼,1610-16,,
19384-0900-27.zip,202202141041,’†‹–€ŒSº˜a’¬‰Í¼,1610-17,,
19384-0900-27.zip,202202141041,’†‹–€ŒSº˜a’¬‰Í¼,1610-18,,
19384-0900-27.zip,202202141041,’†‹–€ŒSº˜a’¬‰Í¼,1611-1,,
19384-0900-27.zip,202202141041,’†‹–€ŒSº˜a’¬‰Í¼,1611-2,,
19384-0900-27.zip,202202141041,’†‹–€ŒSº˜a’¬‰Í¼,1611-3,,
19384-0900-27.zip,202202141041,’†‹–€ŒSº˜a’¬‰Í¼,1611-4,,
19384-0900-27.zip,202202141041,’†‹–€ŒSº˜a’¬‰Í¼,1611-5,,
19384-0900-27.zip,202202141041,’†‹–€ŒSº˜a’¬‰Í¼,1611-9,,
19384-0900-27.zip,202202141041,’†‹–€ŒSº˜a’¬‰Í¼,1611-10,,
19384-0900-27.zip,202202141041,’†‹–€ŒSº˜a’¬‰Í¼,1611-11,,
19384-0900-27.zip,202202141041,’†‹–€ŒSº˜a’¬‰Í¼,1611-12,,
19384-0900-27.zip,202202141041,’†‹–€ŒSº˜a’¬‰Í¼,1611-13,,
19384-0900-27.zip,202202141041,’†‹–€ŒSº˜a’¬‰Í¼,1611-15,,
19384-0900-27.zip,202202141041,’†‹–€ŒSº˜a’¬‰Í¼,1611-16,,
19384-0900-27.zip,202202141041,’†‹–€ŒSº˜a’¬‰Í¼,1611-17,,
19384-0900-27.zip,202202141041,’†‹–€ŒSº˜a’¬‰Í¼,1612-1,,
19384-0900-27.zip,202202141041,’†‹–€ŒSº˜a’¬‰Í¼,1612-2,,
19384-0900-27.zip,202202141041,’†‹–€ŒSº˜a’¬‰Í¼,1612-3,,
19384-0900-27.zip,202202141041,’†‹–€ŒSº˜a’¬‰Í¼,1612-5,,
19384-0900-27.zip,202202141041,’†‹–€ŒSº˜a’¬‰Í¼,1612-6,,
19384-0900-27.zip,202202141041,’†‹–€ŒSº˜a’¬‰Í¼,1612-7,,
19384-0900-27.zip,202202141041,’†‹–€ŒSº˜a’¬‰Í¼,1612-8,,
19384-0900-27.zip,202202141041,’†‹–€ŒSº˜a’¬‰Í¼,1613-1,,
19384-0900-27.zip,202202141041,’†‹–€ŒSº˜a’¬‰Í¼,1613-2,,
19384-0900-27.zip,202202141041,’†‹–€ŒSº˜a’¬‰Í¼,1613-3,,
19384-0900-27.zip,202202141041,’†‹–€ŒSº˜a’¬‰Í¼,1613-4,,
19384-0900-27.zip,202202141041,’†‹–€ŒSº˜a’¬‰Í¼,1613-5,,
19384-0900-27.zip,202202141041,’†‹–€ŒSº˜a’¬‰Í¼,1613-6,,
19384-0900-27.zip,202202141041,’†‹–€ŒSº˜a’¬‰Í¼,1614-1,,
19384-0900-27.zip,202202141041,’†‹–€ŒSº˜a’¬‰Í¼,1614-2,,
19384-0900-27.zip,202202141041,’†‹–€ŒSº˜a’¬‰Í¼,1614-3,,
19384-0900-27.zip,202202141041,’†‹–€ŒSº˜a’¬‰Í¼,1614-4,,
19384-0900-27.zip,202202141041,’†‹–€ŒSº˜a’¬‰Í¼,1614-5,,
19384-0900-27.zip,202202141041,’†‹–€ŒSº˜a’¬‰Í¼,1614-6,,
19384-0900-27.zip,202202141041,’†‹–€ŒSº˜a’¬‰Í¼,1614-7,,
19384-0900-27.zip,202202141041,’†‹–€ŒSº˜a’¬‰Í¼,1614-8,,
19384-0900-27.zip,202202141041,’†‹–€ŒSº˜a’¬‰Í¼,1614-9,,
19384-0900-27.zip,202202141041,’†‹–€ŒSº˜a’¬‰Í¼,1614-10,,
19384-0900-27.zip,202202141041,’†‹–€ŒSº˜a’¬‰Í¼,1615-3,,
19384-0900-27.zip,202202141041,’†‹–€ŒSº˜a’¬‰Í¼,1615-4,,
19384-0900-27.zip,202202141041,’†‹–€ŒSº˜a’¬‰Í¼,1615-6,,
19384-0900-27.zip,202202141041,’†‹–€ŒSº˜a’¬‰Í¼,1616-1,,
19384-0900-27.zip,202202141041,’†‹–€ŒSº˜a’¬‰Í¼,1616-2,,
19384-0900-27.zip,202202141041,’†‹–€ŒSº˜a’¬‰Í¼,1617-1,,
19384-0900-27.zip,202202141041,’†‹–€ŒSº˜a’¬‰Í¼,1617-2,,
19384-0900-27.zip,202202141041,’†‹–€ŒSº˜a’¬‰Í¼,1618,,
19384-0900-27.zip,202202141041,’†‹–€ŒSº˜a’¬‰Í¼,1619-2,,
19384-0900-27.zip,202202141041,’†‹–€ŒSº˜a’¬‰Í¼,1619-4,,
19384-0900-27.zip,202202141041,’†‹–€ŒSº˜a’¬‰Í¼,1620-1,,
19384-0900-27.zip,202202141041,’†‹–€ŒSº˜a’¬‰Í¼,1620-2,,
19384-0900-27.zip,202202141041,’†‹–€ŒSº˜a’¬‰Í¼,1620-3,,
19384-0900-27.zip,202202141041,’†‹–€ŒSº˜a’¬‰Í¼,1620-4,,
19384-0900-27.zip,202202141041,’†‹–€ŒSº˜a’¬‰Í¼,1620-5,,
19384-0900-27.zip,202202141041,’†‹–€ŒSº˜a’¬‰Í¼,1620-6,,
19384-0900-27.zip,202202141041,’†‹–€ŒSº˜a’¬‰Í¼,1620-7,,
19384-0900-27.zip,202202141041,’†‹–€ŒSº˜a’¬‰Í¼,1620-8,,
19384-0900-27.zip,202202141041,’†‹–€ŒSº˜a’¬‰Í¼,1620-9,,
19384-0900-27.zip,202202141041,’†‹–€ŒSº˜a’¬‰Í¼,1620-10,,
19384-0900-27.zip,202202141041,’†‹–€ŒSº˜a’¬‰Í¼,1620-11,,
19384-0900-27.zip,202202141041,’†‹–€ŒSº˜a’¬‰Í¼,1621-1,,
19384-0900-27.zip,202202141041,’†‹–€ŒSº˜a’¬‰Í¼,1621-2,,
19384-0900-27.zip,202202141041,’†‹–€ŒSº˜a’¬‰Í¼,1621-3,,
19384-0900-27.zip,202202141041,’†‹–€ŒSº˜a’¬‰Í¼,1621-4,,
19384-0900-27.zip,202202141041,’†‹–€ŒSº˜a’¬‰Í¼,1621-5,,
19384-0900-27.zip,202202141041,’†‹–€ŒSº˜a’¬‰Í¼,1621-6,,
19384-0900-27.zip,202202141041,’†‹–€ŒSº˜a’¬‰Í¼,1621-7,,
19384-0900-27.zip,202202141041,’†‹–€ŒSº˜a’¬‰Í¼,1621-8,,
19384-0900-27.zip,202202141041,’†‹–€ŒSº˜a’¬‰Í¼,1621-9,,
19384-0900-27.zip,202202141041,’†‹–€ŒSº˜a’¬‰Í¼,1622-1,,
19384-0900-27.zip,202202141041,’†‹–€ŒSº˜a’¬‰Í¼,1622-2,,
19384-0900-27.zip,202202141041,’†‹–€ŒSº˜a’¬‰Í¼,1622-3,,
19384-0900-27.zip,202202141041,’†‹–€ŒSº˜a’¬‰Í¼,1622-4,,
19384-0900-27.zip,202202141041,’†‹–€ŒSº˜a’¬‰Í¼,1622-7,,
19384-0900-27.zip,202202141041,’†‹–€ŒSº˜a’¬‰Í¼,1622-8,,
19384-0900-27.zip,202202141041,’†‹–€ŒSº˜a’¬‰Í¼,1622-9,,
19384-0900-27.zip,202202141041,’†‹–€ŒSº˜a’¬‰Í¼,1622-10,,
19384-0900-27.zip,202202141041,’†‹–€ŒSº˜a’¬‰Í¼,1622-11,,
19384-0900-27.zip,202202141041,’†‹–€ŒSº˜a’¬‰Í¼,1622-12,,
19384-0900-27.zip,202202141041,’†‹–€ŒSº˜a’¬‰Í¼,1623-1,,
19384-0900-27.zip,202202141041,’†‹–€ŒSº˜a’¬‰Í¼,1623-2,,
19384-0900-27.zip,202202141041,’†‹–€ŒSº˜a’¬‰Í¼,1623-3,,
19384-0900-27.zip,202202141041,’†‹–€ŒSº˜a’¬‰Í¼,1623-4,,
19384-0900-27.zip,202202141041,’†‹–€ŒSº˜a’¬‰Í¼,1624-1,,
19384-0900-27.zip,202202141041,’†‹–€ŒSº˜a’¬‰Í¼,1624-2,,
19384-0900-27.zip,202202141041,’†‹–€ŒSº˜a’¬‰Í¼,1624-3,,
19384-0900-27.zip,202202141041,’†‹–€ŒSº˜a’¬‰Í¼,1624-4,,
19384-0900-27.zip,202202141041,’†‹–€ŒSº˜a’¬‰Í¼,1624-5,,
19384-0900-27.zip,202202141041,’†‹–€ŒSº˜a’¬‰Í¼,1624-6,,
19384-0900-27.zip,202202141041,’†‹–€ŒSº˜a’¬‰Í¼,1624-7,,
19384-0900-27.zip,202202141041,’†‹–€ŒSº˜a’¬‰Í¼,1625-1,,
19384-0900-27.zip,202202141041,’†‹–€ŒSº˜a’¬‰Í¼,1625-2,,
19384-0900-27.zip,202202141041,’†‹–€ŒSº˜a’¬‰Í¼,1625-3,,
19384-0900-27.zip,202202141041,’†‹–€ŒSº˜a’¬‰Í¼,1625-4,,
19384-0900-27.zip,202202141041,’†‹–€ŒSº˜a’¬‰Í¼,1625-5,,
19384-0900-27.zip,202202141041,’†‹–€ŒSº˜a’¬‰Í¼,1625-6,,
19384-0900-27.zip,202202141041,’†‹–€ŒSº˜a’¬‰Í¼,1625-7,,
19384-0900-27.zip,202202141041,’†‹–€ŒSº˜a’¬‰Í¼,1625-8,,
19384-0900-27.zip,202202141041,’†‹–€ŒSº˜a’¬‰Í¼,1625-9,,
19384-0900-27.zip,202202141041,’†‹–€ŒSº˜a’¬‰Í¼,1625-10,,
19384-0900-27.zip,202202141041,’†‹–€ŒSº˜a’¬‰Í¼,1625-11,,
19384-0900-27.zip,202202141041,’†‹–€ŒSº˜a’¬‰Í¼,1625-12,,
19384-0900-27.zip,202202141041,’†‹–€ŒSº˜a’¬‰Í¼,1625-13,,
19384-0900-27.zip,202202141041,’†‹–€ŒSº˜a’¬‰Í¼,1625-14,,
19384-0900-27.zip,202202141041,’†‹–€ŒSº˜a’¬‰Í¼,1625-15,,
19384-0900-27.zip,202202141041,’†‹–€ŒSº˜a’¬‰Í¼,1625-16,,
19384-0900-27.zip,202202141041,’†‹–€ŒSº˜a’¬‰Í¼,1625-17,,
19384-0900-27.zip,202202141041,’†‹–€ŒSº˜a’¬‰Í¼,1625-18,,
19384-0900-27.zip,202202141041,’†‹–€ŒSº˜a’¬‰Í¼,1625-19,,
19384-0900-27.zip,202202141041,’†‹–€ŒSº˜a’¬‰Í¼,1625-20,,
19384-0900-27.zip,202202141041,’†‹–€ŒSº˜a’¬‰Í¼,1625-21,,
19384-0900-27.zip,202202141041,’†‹–€ŒSº˜a’¬‰Í¼,1625-22,,
19384-0900-27.zip,202202141041,’†‹–€ŒSº˜a’¬‰Í¼,1625-23,,
19384-0900-27.zip,202202141041,’†‹–€ŒSº˜a’¬‰Í¼,1625-24,,
19384-0900-27.zip,202202141041,’†‹–€ŒSº˜a’¬‰Í¼,1626-1,,
19384-0900-27.zip,202202141041,’†‹–€ŒSº˜a’¬‰Í¼,1626-2,,
19384-0900-27.zip,202202141041,’†‹–€ŒSº˜a’¬‰Í¼,1626-3,,
19384-0900-27.zip,202202141041,’†‹–€ŒSº˜a’¬‰Í¼,1626-4,,
19384-0900-27.zip,202202141041,’†‹–€ŒSº˜a’¬‰Í¼,1626-5,,
19384-0900-27.zip,202202141041,’†‹–€ŒSº˜a’¬‰Í¼,1626-6,,
19384-0900-27.zip,202202141041,’†‹–€ŒSº˜a’¬‰Í¼,1626-7,,
19384-0900-27.zip,202202141041,’†‹–€ŒSº˜a’¬‰Í¼,1626-8,,
19384-0900-27.zip,202202141041,’†‹–€ŒSº˜a’¬‰Í¼,1627-1,,
19384-0900-27.zip,202202141041,’†‹–€ŒSº˜a’¬‰Í¼,1627-2,,
19384-0900-27.zip,202202141041,’†‹–€ŒSº˜a’¬‰Í¼,1627-3,,
19384-0900-27.zip,202202141041,’†‹–€ŒSº˜a’¬‰Í¼,1628-1,,
19384-0900-27.zip,202202141041,’†‹–€ŒSº˜a’¬‰Í¼,1628-2,,
19384-0900-27.zip,202202141041,’†‹–€ŒSº˜a’¬‰Í¼,1628-4,,
19384-0900-27.zip,202202141041,’†‹–€ŒSº˜a’¬‰Í¼,1628-6,,
19384-0900-27.zip,202202141041,’†‹–€ŒSº˜a’¬‰Í¼,1628-7,,
19384-0900-27.zip,202202141041,’†‹–€ŒSº˜a’¬‰Í¼,1629-1,,
19384-0900-27.zip,202202141041,’†‹–€ŒSº˜a’¬‰Í¼,1629-2,,
19384-0900-27.zip,202202141041,’†‹–€ŒSº˜a’¬‰Í¼,1629-3,,
19384-0900-27.zip,202202141041,’†‹–€ŒSº˜a’¬‰Í¼,1629-4,,
19384-0900-27.zip,202202141041,’†‹–€ŒSº˜a’¬‰Í¼,1629-5,,
19384-0900-27.zip,202202141041,’†‹–€ŒSº˜a’¬‰Í¼,1629-6,,
19384-0900-27.zip,202202141041,’†‹–€ŒSº˜a’¬‰Í¼,1629-7,,
19384-0900-27.zip,202202141041,’†‹–€ŒSº˜a’¬‰Í¼,1629-8,,
19384-0900-27.zip,202202141041,’†‹–€ŒSº˜a’¬‰Í¼,1629-9,,
19384-0900-27.zip,202202141041,’†‹–€ŒSº˜a’¬‰Í¼,1629-10,,
19384-0900-27.zip,202202141041,’†‹–€ŒSº˜a’¬‰Í¼,1629-11,,
19384-0900-27.zip,202202141041,’†‹–€ŒSº˜a’¬‰Í¼,1629-12,,
19384-0900-27.zip,202202141041,’†‹–€ŒSº˜a’¬‰Í¼,1629-14,,
19384-0900-27.zip,202202141041,’†‹–€ŒSº˜a’¬‰Í¼,1629-15,,
19384-0900-27.zip,202202141041,’†‹–€ŒSº˜a’¬‰Í¼,1629-16,,
19384-0900-27.zip,202202141041,’†‹–€ŒSº˜a’¬‰Í¼,1629-17,,
19384-0900-27.zip,202202141041,’†‹–€ŒSº˜a’¬‰Í¼,1629-18,,
19384-0900-27.zip,202202141041,’†‹–€ŒSº˜a’¬‰Í¼,1629-19,,
19384-0900-27.zip,202202141041,’†‹–€ŒSº˜a’¬‰Í¼,1629-20,,
19384-0900-27.zip,202202141041,’†‹–€ŒSº˜a’¬‰Í¼,1630-1,,
19384-0900-27.zip,202202141041,’†‹–€ŒSº˜a’¬‰Í¼,1630-2,,
19384-0900-27.zip,202202141041,’†‹–€ŒSº˜a’¬‰Í¼,1630-4,,
19384-0900-27.zip,202202141041,’†‹–€ŒSº˜a’¬‰Í¼,1630-6,,
19384-0900-27.zip,202202141041,’†‹–€ŒSº˜a’¬‰Í¼,1631-1,,
19384-0900-27.zip,202202141041,’†‹–€ŒSº˜a’¬‰Í¼,1631-2,,
19384-0900-27.zip,202202141041,’†‹–€ŒSº˜a’¬‰Í¼,1631-3,,
19384-0900-27.zip,202202141041,’†‹–€ŒSº˜a’¬‰Í¼,1631-4,,
19384-0900-27.zip,202202141041,’†‹–€ŒSº˜a’¬‰Í¼,1631-5,,
19384-0900-27.zip,202202141041,’†‹–€ŒSº˜a’¬‰Í¼,1631-6,,
19384-0900-27.zip,202202141041,’†‹–€ŒSº˜a’¬‰Í¼,1631-7,,
19384-0900-27.zip,202202141041,’†‹–€ŒSº˜a’¬‰Í¼,1631-8,,
19384-0900-27.zip,202202141041,’†‹–€ŒSº˜a’¬‰Í¼,1631-9,,
19384-0900-27.zip,202202141041,’†‹–€ŒSº˜a’¬‰Í¼,1631-10,,
19384-0900-27.zip,202202141041,’†‹–€ŒSº˜a’¬‰Í¼,1631-11,,
19384-0900-27.zip,202202141041,’†‹–€ŒSº˜a’¬‰Í¼,1631-12,,
19384-0900-27.zip,202202141041,’†‹–€ŒSº˜a’¬‰Í¼,1632-1,,
19384-0900-27.zip,202202141041,’†‹–€ŒSº˜a’¬‰Í¼,1632-2,,
19384-0900-27.zip,202202141041,’†‹–€ŒSº˜a’¬‰Í¼,1632-3,,
19384-0900-27.zip,202202141041,’†‹–€ŒSº˜a’¬‰Í¼,1632-4,,
19384-0900-27.zip,202202141041,’†‹–€ŒSº˜a’¬‰Í¼,1632-5,,
19384-0900-27.zip,202202141041,’†‹–€ŒSº˜a’¬‰Í¼,1632-6,,
19384-0900-27.zip,202202141041,’†‹–€ŒSº˜a’¬‰Í¼,1632-7,,
19384-0900-27.zip,202202141041,’†‹–€ŒSº˜a’¬‰Í¼,1632-8,,
19384-0900-27.zip,202202141041,’†‹–€ŒSº˜a’¬‰Í¼,1632-9,,
19384-0900-27.zip,202202141041,’†‹–€ŒSº˜a’¬‰Í¼,1633,,
19384-0900-27.zip,202202141041,’†‹–€ŒSº˜a’¬‰Í¼,1634-1,,
19384-0900-27.zip,202202141041,’†‹–€ŒSº˜a’¬‰Í¼,1634-2,,
19384-0900-27.zip,202202141041,’†‹–€ŒSº˜a’¬‰Í¼,1634-3,,
19384-0900-27.zip,202202141041,’†‹–€ŒSº˜a’¬‰Í¼,1634-4,,
19384-0900-27.zip,202202141041,’†‹–€ŒSº˜a’¬‰Í¼,1634-5,,
19384-0900-27.zip,202202141041,’†‹–€ŒSº˜a’¬‰Í¼,1634-6,,
19384-0900-27.zip,202202141041,’†‹–€ŒSº˜a’¬‰Í¼,1635-1,,
19384-0900-27.zip,202202141041,’†‹–€ŒSº˜a’¬‰Í¼,1635-2,,
19384-0900-27.zip,202202141041,’†‹–€ŒSº˜a’¬‰Í¼,1635-3,,
19384-0900-27.zip,202202141041,’†‹–€ŒSº˜a’¬‰Í¼,1635-4,,
19384-0900-27.zip,202202141041,’†‹–€ŒSº˜a’¬‰Í¼,1635-5,,
19384-0900-27.zip,202202141041,’†‹–€ŒSº˜a’¬‰Í¼,1635-6,,
19384-0900-27.zip,202202141041,’†‹–€ŒSº˜a’¬‰Í¼,1635-7,,
19384-0900-27.zip,202202141041,’†‹–€ŒSº˜a’¬‰Í¼,1635-8,,
19384-0900-27.zip,202202141041,’†‹–€ŒSº˜a’¬‰Í¼,1635-9,,
19384-0900-27.zip,202202141041,’†‹–€ŒSº˜a’¬‰Í¼,1635-10,,
19384-0900-27.zip,202202141041,’†‹–€ŒSº˜a’¬‰Í¼,1635-11,,
19384-0900-27.zip,202202141041,’†‹–€ŒSº˜a’¬‰Í¼,1635-12,,
19384-0900-27.zip,202202141041,’†‹–€ŒSº˜a’¬‰Í¼,1635-13,,
19384-0900-27.zip,202202141041,’†‹–€ŒSº˜a’¬‰Í¼,1635-14,,
19384-0900-27.zip,202202141041,’†‹–€ŒSº˜a’¬‰Í¼,1635-15,,
19384-0900-27.zip,202202141041,’†‹–€ŒSº˜a’¬‰Í¼,1635-16,,
19384-0900-27.zip,202202141041,’†‹–€ŒSº˜a’¬‰Í¼,1636-1,,
19384-0900-27.zip,202202141041,’†‹–€ŒSº˜a’¬‰Í¼,1636-2,,
19384-0900-27.zip,202202141041,’†‹–€ŒSº˜a’¬‰Í¼,1636-3,,
19384-0900-27.zip,202202141041,’†‹–€ŒSº˜a’¬‰Í¼,1636-4,,
19384-0900-27.zip,202202141041,’†‹–€ŒSº˜a’¬‰Í¼,1637-1,,
19384-0900-27.zip,202202141041,’†‹–€ŒSº˜a’¬‰Í¼,1637-2,,
19384-0900-27.zip,202202141041,’†‹–€ŒSº˜a’¬‰Í¼,1637-3,,
19384-0900-27.zip,202202141041,’†‹–€ŒSº˜a’¬‰Í¼,1637-4,,
19384-0900-27.zip,202202141041,’†‹–€ŒSº˜a’¬‰Í¼,1638-1,,
19384-0900-27.zip,202202141041,’†‹–€ŒSº˜a’¬‰Í¼,1638-2,,
19384-0900-27.zip,202202141041,’†‹–€ŒSº˜a’¬‰Í¼,1638-3,,
19384-0900-27.zip,202202141041,’†‹–€ŒSº˜a’¬‰Í¼,1638-4,,
19384-0900-27.zip,202202141041,’†‹–€ŒSº˜a’¬‰Í¼,1638-5,,
19384-0900-27.zip,202202141041,’†‹–€ŒSº˜a’¬‰Í¼,1638-6,,
19384-0900-27.zip,202202141041,’†‹–€ŒSº˜a’¬‰Í¼,1638-7,,
19384-0900-27.zip,202202141041,’†‹–€ŒSº˜a’¬‰Í¼,1638-8,,
19384-0900-27.zip,202202141041,’†‹–€ŒSº˜a’¬‰Í¼,1638-9,,
19384-0900-27.zip,202202141041,’†‹–€ŒSº˜a’¬‰Í¼,1638-10,,
19384-0900-27.zip,202202141041,’†‹–€ŒSº˜a’¬‰Í¼,1638-11,,
19384-0900-27.zip,202202141041,’†‹–€ŒSº˜a’¬‰Í¼,1638-12,,
19384-0900-27.zip,202202141041,’†‹–€ŒSº˜a’¬‰Í¼,1638-13,,
19384-0900-27.zip,202202141041,’†‹–€ŒSº˜a’¬‰Í¼,1638-14,,
19384-0900-27.zip,202202141041,’†‹–€ŒSº˜a’¬‰Í¼,1638-15,,
19384-0900-27.zip,202202141041,’†‹–€ŒSº˜a’¬‰Í¼,1639-1,,
19384-0900-27.zip,202202141041,’†‹–€ŒSº˜a’¬‰Í¼,1639-2,,
19384-0900-27.zip,202202141041,’†‹–€ŒSº˜a’¬‰Í¼,1639-3,,
19384-0900-27.zip,202202141041,’†‹–€ŒSº˜a’¬‰Í¼,1639-4,,
19384-0900-27.zip,202202141041,’†‹–€ŒSº˜a’¬‰Í¼,1639-5,,
19384-0900-27.zip,202202141041,’†‹–€ŒSº˜a’¬‰Í¼,1639-6,,
19384-0900-27.zip,202202141041,’†‹–€ŒSº˜a’¬‰Í¼,1639-7,,
19384-0900-27.zip,202202141041,’†‹–€ŒSº˜a’¬‰Í¼,1639-10,,
19384-0900-27.zip,202202141041,’†‹–€ŒSº˜a’¬‰Í¼,1639-11,,
19384-0900-27.zip,202202141041,’†‹–€ŒSº˜a’¬‰Í¼,1639-12,,
19384-0900-27.zip,202202141041,’†‹–€ŒSº˜a’¬‰Í¼,1639-13,,
19384-0900-27.zip,202202141041,’†‹–€ŒSº˜a’¬‰Í¼,1639-15,,
19384-0900-27.zip,202202141041,’†‹–€ŒSº˜a’¬‰Í¼,1640-1,,
19384-0900-27.zip,202202141041,’†‹–€ŒSº˜a’¬‰Í¼,1640-2,,
19384-0900-27.zip,202202141041,’†‹–€ŒSº˜a’¬‰Í¼,1640-3,,
19384-0900-27.zip,202202141041,’†‹–€ŒSº˜a’¬‰Í¼,1640-4,,
19384-0900-27.zip,202202141041,’†‹–€ŒSº˜a’¬‰Í¼,1640-5,,
19384-0900-27.zip,202202141041,’†‹–€ŒSº˜a’¬‰Í¼,1640-6,,
19384-0900-27.zip,202202141041,’†‹–€ŒSº˜a’¬‰Í¼,1640-7,,
19384-0900-27.zip,202202141041,’†‹–€ŒSº˜a’¬‰Í¼,1640-8,,
19384-0900-27.zip,202202141041,’†‹–€ŒSº˜a’¬‰Í¼,1640-9,,
19384-0900-27.zip,202202141041,’†‹–€ŒSº˜a’¬‰Í¼,1640-10,,
19384-0900-27.zip,202202141041,’†‹–€ŒSº˜a’¬‰Í¼,1641,,
19384-0900-27.zip,202202141041,’†‹–€ŒSº˜a’¬‰Í¼,1642,,
19384-0900-27.zip,202202141041,’†‹–€ŒSº˜a’¬‰Í¼,1643,,
19384-0900-27.zip,202202141041,’†‹–€ŒSº˜a’¬‰Í¼,1644,,
19384-0900-27.zip,202202141041,’†‹–€ŒSº˜a’¬‰Í¼,1645,,
19384-0900-27.zip,202202141041,’†‹–€ŒSº˜a’¬‰Í¼,1646,,
19384-0900-27.zip,202202141041,’†‹–€ŒSº˜a’¬‰Í¼,1647,,
19384-0900-27.zip,202202141041,’†‹–€ŒSº˜a’¬‰Í¼,1648,,
19384-0900-27.zip,202202141041,’†‹–€ŒSº˜a’¬‰Í¼,1649,,
19384-0900-27.zip,202202141041,’†‹–€ŒSº˜a’¬‰Í¼,1650,,
19384-0900-27.zip,202202141041,’†‹–€ŒSº˜a’¬‰Í¼,1651,,
19384-0900-27.zip,202202141041,’†‹–€ŒSº˜a’¬‰Í¼,1652,,
19384-0900-27.zip,202202141041,’†‹–€ŒSº˜a’¬‰Í¼,1654,,
19384-0900-27.zip,202202141041,’†‹–€ŒSº˜a’¬‰Í¼,1655,,
19384-0900-27.zip,202202141041,’†‹–€ŒSº˜a’¬‰Í¼,1657,,
19384-0900-27.zip,202202141041,’†‹–€ŒSº˜a’¬‰Í¼,1658,,
19384-0900-27.zip,202202141041,’†‹–€ŒSº˜a’¬‰Í¼,1659,,
19384-0900-27.zip,202202141041,’†‹–€ŒSº˜a’¬‰Í¼,1660,,
19384-0900-27.zip,202202141041,’†‹–€ŒSº˜a’¬‰Í¼,1662,,
19384-0900-27.zip,202202141041,’†‹–€ŒSº˜a’¬‰Í¼,1664,,
19384-0900-27.zip,202202141041,’†‹–€ŒSº˜a’¬‰Í¼,1665,,
19384-0900-27.zip,202202141041,’†‹–€ŒSº˜a’¬‰Í¼,1666,,
19384-0900-27.zip,202202141041,’†‹–€ŒSº˜a’¬‰Í¼,1667,,
19384-0900-27.zip,202202141041,’†‹–€ŒSº˜a’¬‰Í¼,1668,,
19384-0900-27.zip,202202141041,’†‹–€ŒSº˜a’¬‰Í¼,1669,,
19384-0900-27.zip,202202141041,’†‹–€ŒSº˜a’¬‰Í¼,1670,,
19384-0900-27.zip,202202141041,’†‹–€ŒSº˜a’¬‰Í¼,1671,,
19384-0900-27.zip,202202141041,’†‹–€ŒSº˜a’¬‰Í¼,1672,,
19384-0900-27.zip,202202141041,’†‹–€ŒSº˜a’¬‰Í¼,1673,,
19384-0900-27.zip,202202141041,’†‹–€ŒSº˜a’¬‰Í¼,1674,,
19384-0900-27.zip,202202141041,’†‹–€ŒSº˜a’¬‰Í¼,1675,,
19384-0900-27.zip,202202141041,’†‹–€ŒSº˜a’¬‰Í¼,1678,,
19384-0900-27.zip,202202141041,’†‹–€ŒSº˜a’¬‰Í¼,1680,,
19384-0900-27.zip,202202141041,’†‹–€ŒSº˜a’¬‰Í¼,1682,,
19384-0900-27.zip,202202141041,’†‹–€ŒSº˜a’¬‰Í¼,1684,,
19384-0900-27.zip,202202141041,’†‹–€ŒSº˜a’¬‰Í¼,1685,,
19384-0900-27.zip,202202141041,’†‹–€ŒSº˜a’¬‰Í¼,1686,,
19384-0900-27.zip,202202141041,’†‹–€ŒSº˜a’¬‰Í¼,1687,,
19384-0900-27.zip,202202141041,’†‹–€ŒSº˜a’¬‰Í¼,1688,,
19384-0900-27.zip,202202141041,’†‹–€ŒSº˜a’¬‰Í¼,1689,,
19384-0900-27.zip,202202141041,’†‹–€ŒSº˜a’¬‰Í¼,1690,,
19384-0900-27.zip,202202141041,’†‹–€ŒSº˜a’¬‰Í¼,1691,,
19384-0900-27.zip,202202141041,’†‹–€ŒSº˜a’¬‰Í¼,1692,,
19384-0900-27.zip,202202141041,’†‹–€ŒSº˜a’¬‰Í¼,1693,,
19384-0900-27.zip,202202141041,’†‹–€ŒSº˜a’¬‰Í¼,1694,,
19384-0900-27.zip,202202141041,’†‹–€ŒSº˜a’¬‰Í¼,1695,,
19384-0900-27.zip,202202141041,’†‹–€ŒSº˜a’¬‰Í¼,1696,,
19384-0900-27.zip,202202141041,’†‹–€ŒSº˜a’¬‰Í¼,1697,,
19384-0900-27.zip,202202141041,’†‹–€ŒSº˜a’¬‰Í¼,1699,,
19384-0900-27.zip,202202141041,’†‹–€ŒSº˜a’¬‰Í¼,1700,,
19384-0900-27.zip,202202141041,’†‹–€ŒSº˜a’¬ã‰Í“Œ,1300-1,,
19384-0900-27.zip,202202141041,’†‹–€ŒSº˜a’¬ã‰Í“Œ,1300-2,,
19384-0900-27.zip,202202141041,’†‹–€ŒSº˜a’¬ã‰Í“Œ,1300-3,,
19384-0900-27.zip,202202141041,’†‹–€ŒSº˜a’¬ã‰Í“Œ,1300-4,,
19384-0900-27.zip,202202141041,’†‹–€ŒSº˜a’¬ã‰Í“Œ,1300-5,,
19384-0900-27.zip,202202141041,’†‹–€ŒSº˜a’¬ã‰Í“Œ,1300-6,,
19384-0900-27.zip,202202141041,’†‹–€ŒSº˜a’¬ã‰Í“Œ,1300-7,,
19384-0900-27.zip,202202141041,’†‹–€ŒSº˜a’¬ã‰Í“Œ,1300-8,,
19384-0900-27.zip,202202141041,’†‹–€ŒSº˜a’¬ã‰Í“Œ,1301-1,,
19384-0900-27.zip,202202141041,’†‹–€ŒSº˜a’¬ã‰Í“Œ,1301-2,,
19384-0900-27.zip,202202141041,’†‹–€ŒSº˜a’¬ã‰Í“Œ,1301-3,,
19384-0900-27.zip,202202141041,’†‹–€ŒSº˜a’¬ã‰Í“Œ,1301-4,,
19384-0900-27.zip,202202141041,’†‹–€ŒSº˜a’¬ã‰Í“Œ,1301-5,,
19384-0900-27.zip,202202141041,’†‹–€ŒSº˜a’¬ã‰Í“Œ,1301-6,,
19384-0900-27.zip,202202141041,’†‹–€ŒSº˜a’¬ã‰Í“Œ,1302-1,,
19384-0900-27.zip,202202141041,’†‹–€ŒSº˜a’¬ã‰Í“Œ,1302-2,,
19384-0900-27.zip,202202141041,’†‹–€ŒSº˜a’¬ã‰Í“Œ,1302-3,,
19384-0900-27.zip,202202141041,’†‹–€ŒSº˜a’¬ã‰Í“Œ,1302-4,,
19384-0900-27.zip,202202141041,’†‹–€ŒSº˜a’¬ã‰Í“Œ,1302-5,,
19384-0900-27.zip,202202141041,’†‹–€ŒSº˜a’¬ã‰Í“Œ,1302-6,,
19384-0900-27.zip,202202141041,’†‹–€ŒSº˜a’¬ã‰Í“Œ,1302-7,,
19384-0900-27.zip,202202141041,’†‹–€ŒSº˜a’¬ã‰Í“Œ,1302-8,,
19384-0900-27.zip,202202141041,’†‹–€ŒSº˜a’¬ã‰Í“Œ,1302-9,,
19384-0900-27.zip,202202141041,’†‹–€ŒSº˜a’¬ã‰Í“Œ,1302-10,,
19384-0900-27.zip,202202141041,’†‹–€ŒSº˜a’¬ã‰Í“Œ,1302-11,,
19384-0900-27.zip,202202141041,’†‹–€ŒSº˜a’¬ã‰Í“Œ,1302-12,,
19384-0900-27.zip,202202141041,’†‹–€ŒSº˜a’¬ã‰Í“Œ,1303-1,,
19384-0900-27.zip,202202141041,’†‹–€ŒSº˜a’¬ã‰Í“Œ,1303-2,,
19384-0900-27.zip,202202141041,’†‹–€ŒSº˜a’¬ã‰Í“Œ,1303-3,,
19384-0900-27.zip,202202141041,’†‹–€ŒSº˜a’¬ã‰Í“Œ,1303-4,,
19384-0900-27.zip,202202141041,’†‹–€ŒSº˜a’¬ã‰Í“Œ,1303-5,,
19384-0900-27.zip,202202141041,’†‹–€ŒSº˜a’¬ã‰Í“Œ,1303-6,,
19384-0900-27.zip,202202141041,’†‹–€ŒSº˜a’¬ã‰Í“Œ,1303-7,,
19384-0900-27.zip,202202141041,’†‹–€ŒSº˜a’¬ã‰Í“Œ,1303-8,,
19384-0900-27.zip,202202141041,’†‹–€ŒSº˜a’¬ã‰Í“Œ,1303-9,,
19384-0900-27.zip,202202141041,’†‹–€ŒSº˜a’¬ã‰Í“Œ,1303-10,,
19384-0900-27.zip,202202141041,’†‹–€ŒSº˜a’¬ã‰Í“Œ,1303-11,,
19384-0900-27.zip,202202141041,’†‹–€ŒSº˜a’¬ã‰Í“Œ,1303-12,,
19384-0900-27.zip,202202141041,’†‹–€ŒSº˜a’¬ã‰Í“Œ,1303-13,,
19384-0900-27.zip,202202141041,’†‹–€ŒSº˜a’¬ã‰Í“Œ,1303-14,,
19384-0900-27.zip,202202141041,’†‹–€ŒSº˜a’¬ã‰Í“Œ,1303-15,,
19384-0900-27.zip,202202141041,’†‹–€ŒSº˜a’¬ã‰Í“Œ,1303-16,,
19384-0900-27.zip,202202141041,’†‹–€ŒSº˜a’¬ã‰Í“Œ,1303-17,,
19384-0900-27.zip,202202141041,’†‹–€ŒSº˜a’¬ã‰Í“Œ,1303-18,,
19384-0900-27.zip,202202141041,’†‹–€ŒSº˜a’¬ã‰Í“Œ,1303-19,,
19384-0900-27.zip,202202141041,’†‹–€ŒSº˜a’¬ã‰Í“Œ,1304-1,,
19384-0900-27.zip,202202141041,’†‹–€ŒSº˜a’¬ã‰Í“Œ,1304-2,,
19384-0900-27.zip,202202141041,’†‹–€ŒSº˜a’¬ã‰Í“Œ,1304-3,,
19384-0900-27.zip,202202141041,’†‹–€ŒSº˜a’¬ã‰Í“Œ,1304-4,,
19384-0900-27.zip,202202141041,’†‹–€ŒSº˜a’¬ã‰Í“Œ,1304-5,,
19384-0900-27.zip,202202141041,’†‹–€ŒSº˜a’¬ã‰Í“Œ,1304-6,,
19384-0900-27.zip,202202141041,’†‹–€ŒSº˜a’¬ã‰Í“Œ,1304-7,,
19384-0900-27.zip,202202141041,’†‹–€ŒSº˜a’¬ã‰Í“Œ,1304-9,,
19384-0900-27.zip,202202141041,’†‹–€ŒSº˜a’¬ã‰Í“Œ,1304-10,,
19384-0900-27.zip,202202141041,’†‹–€ŒSº˜a’¬ã‰Í“Œ,1304-12,,
19384-0900-27.zip,202202141041,’†‹–€ŒSº˜a’¬ã‰Í“Œ,1304-13,,
19384-0900-27.zip,202202141041,’†‹–€ŒSº˜a’¬ã‰Í“Œ,1304-14,,
19384-0900-27.zip,202202141041,’†‹–€ŒSº˜a’¬ã‰Í“Œ,1305-1,,
19384-0900-27.zip,202202141041,’†‹–€ŒSº˜a’¬ã‰Í“Œ,1305-2,,
19384-0900-27.zip,202202141041,’†‹–€ŒSº˜a’¬ã‰Í“Œ,1305-3,,
19384-0900-27.zip,202202141041,’†‹–€ŒSº˜a’¬ã‰Í“Œ,1305-4,,
19384-0900-27.zip,202202141041,’†‹–€ŒSº˜a’¬ã‰Í“Œ,1305-5,,
19384-0900-27.zip,202202141041,’†‹–€ŒSº˜a’¬ã‰Í“Œ,1305-6,,
19384-0900-27.zip,202202141041,’†‹–€ŒSº˜a’¬ã‰Í“Œ,1305-7,,
19384-0900-27.zip,202202141041,’†‹–€ŒSº˜a’¬ã‰Í“Œ,1305-8,,
19384-0900-27.zip,202202141041,’†‹–€ŒSº˜a’¬ã‰Í“Œ,1306-1,,
19384-0900-27.zip,202202141041,’†‹–€ŒSº˜a’¬ã‰Í“Œ,1306-2,,
19384-0900-27.zip,202202141041,’†‹–€ŒSº˜a’¬ã‰Í“Œ,1306-3,,
19384-0900-27.zip,202202141041,’†‹–€ŒSº˜a’¬ã‰Í“Œ,1307-2,,
19384-0900-27.zip,202202141041,’†‹–€ŒSº˜a’¬ã‰Í“Œ,1307-3,,
19384-0900-27.zip,202202141041,’†‹–€ŒSº˜a’¬ã‰Í“Œ,1307-4,,
19384-0900-27.zip,202202141041,’†‹–€ŒSº˜a’¬ã‰Í“Œ,1307-5,,
19384-0900-27.zip,202202141041,’†‹–€ŒSº˜a’¬ã‰Í“Œ,1307-6,,
19384-0900-27.zip,202202141041,’†‹–€ŒSº˜a’¬ã‰Í“Œ,1307-7,,
19384-0900-27.zip,202202141041,’†‹–€ŒSº˜a’¬ã‰Í“Œ,1307-8,,
19384-0900-27.zip,202202141041,’†‹–€ŒSº˜a’¬ã‰Í“Œ,1307-9,,
19384-0900-27.zip,202202141041,’†‹–€ŒSº˜a’¬ã‰Í“Œ,1307-10,,
19384-0900-27.zip,202202141041,’†‹–€ŒSº˜a’¬ã‰Í“Œ,1308-1,,
19384-0900-27.zip,202202141041,’†‹–€ŒSº˜a’¬ã‰Í“Œ,1308-2,,
19384-0900-27.zip,202202141041,’†‹–€ŒSº˜a’¬ã‰Í“Œ,1308-6,,
19384-0900-27.zip,202202141041,’†‹–€ŒSº˜a’¬ã‰Í“Œ,1308-7,,
19384-0900-27.zip,202202141041,’†‹–€ŒSº˜a’¬ã‰Í“Œ,1309-1,,
19384-0900-27.zip,202202141041,’†‹–€ŒSº˜a’¬ã‰Í“Œ,1309-2,,
19384-0900-27.zip,202202141041,’†‹–€ŒSº˜a’¬ã‰Í“Œ,1309-3,,
19384-0900-27.zip,202202141041,’†‹–€ŒSº˜a’¬ã‰Í“Œ,1309-4,,
19384-0900-27.zip,202202141041,’†‹–€ŒSº˜a’¬ã‰Í“Œ,1310,,
19384-0900-27.zip,202202141041,’†‹–€ŒSº˜a’¬ã‰Í“Œ,1311,,
19384-0900-27.zip,202202141041,’†‹–€ŒSº˜a’¬ã‰Í“Œ,1312-1,,
19384-0900-27.zip,202202141041,’†‹–€ŒSº˜a’¬ã‰Í“Œ,1312-2,,
19384-0900-27.zip,202202141041,’†‹–€ŒSº˜a’¬ã‰Í“Œ,1312-3,,
19384-0900-27.zip,202202141041,’†‹–€ŒSº˜a’¬ã‰Í“Œ,1312-8,,
19384-0900-27.zip,202202141041,’†‹–€ŒSº˜a’¬ã‰Í“Œ,1312-9,,
19384-0900-27.zip,202202141041,’†‹–€ŒSº˜a’¬ã‰Í“Œ,1312-10,,
19384-0900-27.zip,202202141041,’†‹–€ŒSº˜a’¬ã‰Í“Œ,1313-2,,
19384-0900-27.zip,202202141041,’†‹–€ŒSº˜a’¬ã‰Í“Œ,1313-3,,
19384-0900-27.zip,202202141041,’†‹–€ŒSº˜a’¬ã‰Í“Œ,1313-4,,
19384-0900-27.zip,202202141041,’†‹–€ŒSº˜a’¬ã‰Í“Œ,1313-5,,
19384-0900-27.zip,202202141041,’†‹–€ŒSº˜a’¬ã‰Í“Œ,1313-6,,
19384-0900-27.zip,202202141041,’†‹–€ŒSº˜a’¬ã‰Í“Œ,1313-7,,
19384-0900-27.zip,202202141041,’†‹–€ŒSº˜a’¬ã‰Í“Œ,1313-8,,
19384-0900-27.zip,202202141041,’†‹–€ŒSº˜a’¬ã‰Í“Œ,1313-9,,
19384-0900-27.zip,202202141041,’†‹–€ŒSº˜a’¬ã‰Í“Œ,1314-3,,
19384-0900-27.zip,202202141041,’†‹–€ŒSº˜a’¬ã‰Í“Œ,1314-4,,
19384-0900-27.zip,202202141041,’†‹–€ŒSº˜a’¬ã‰Í“Œ,1314-5,,
19384-0900-27.zip,202202141041,’†‹–€ŒSº˜a’¬ã‰Í“Œ,1314-6,,
19384-0900-27.zip,202202141041,’†‹–€ŒSº˜a’¬ã‰Í“Œ,1314-7,,
19384-0900-27.zip,202202141041,’†‹–€ŒSº˜a’¬ã‰Í“Œ,1315-1,,
19384-0900-27.zip,202202141041,’†‹–€ŒSº˜a’¬ã‰Í“Œ,1315-2,,
19384-0900-27.zip,202202141041,’†‹–€ŒSº˜a’¬ã‰Í“Œ,1316-1,,
19384-0900-27.zip,202202141041,’†‹–€ŒSº˜a’¬ã‰Í“Œ,1316-2,,
19384-0900-27.zip,202202141041,’†‹–€ŒSº˜a’¬ã‰Í“Œ,1316-3,,
19384-0900-27.zip,202202141041,’†‹–€ŒSº˜a’¬ã‰Í“Œ,1317-1,,
19384-0900-27.zip,202202141041,’†‹–€ŒSº˜a’¬ã‰Í“Œ,1317-2,,
19384-0900-27.zip,202202141041,’†‹–€ŒSº˜a’¬ã‰Í“Œ,1318-1,,
19384-0900-27.zip,202202141041,’†‹–€ŒSº˜a’¬ã‰Í“Œ,1318-2,,
19384-0900-27.zip,202202141041,’†‹–€ŒSº˜a’¬ã‰Í“Œ,1319-1,,
19384-0900-27.zip,202202141041,’†‹–€ŒSº˜a’¬ã‰Í“Œ,1319-2,,
19384-0900-27.zip,202202141041,’†‹–€ŒSº˜a’¬ã‰Í“Œ,1319-3,,
19384-0900-27.zip,202202141041,’†‹–€ŒSº˜a’¬ã‰Í“Œ,1319-4,,
19384-0900-27.zip,202202141041,’†‹–€ŒSº˜a’¬ã‰Í“Œ,1319-5,,
19384-0900-27.zip,202202141041,’†‹–€ŒSº˜a’¬ã‰Í“Œ,1319-6,,
19384-0900-27.zip,202202141041,’†‹–€ŒSº˜a’¬ã‰Í“Œ,1319-7,,
19384-0900-27.zip,202202141041,’†‹–€ŒSº˜a’¬ã‰Í“Œ,1319-8,,
19384-0900-27.zip,202202141041,’†‹–€ŒSº˜a’¬ã‰Í“Œ,1319-9,,
19384-0900-27.zip,202202141041,’†‹–€ŒSº˜a’¬ã‰Í“Œ,1319-10,,
19384-0900-27.zip,202202141041,’†‹–€ŒSº˜a’¬ã‰Í“Œ,1319-11,,
19384-0900-27.zip,202202141041,’†‹–€ŒSº˜a’¬ã‰Í“Œ,1320,,
19384-0900-27.zip,202202141041,’†‹–€ŒSº˜a’¬ã‰Í“Œ,1321,,
19384-0900-27.zip,202202141041,’†‹–€ŒSº˜a’¬ã‰Í“Œ,1322-1,,
19384-0900-27.zip,202202141041,’†‹–€ŒSº˜a’¬ã‰Í“Œ,1322-2,,
19384-0900-27.zip,202202141041,’†‹–€ŒSº˜a’¬ã‰Í“Œ,1322-3,,
19384-0900-27.zip,202202141041,’†‹–€ŒSº˜a’¬ã‰Í“Œ,1322-4,,
19384-0900-27.zip,202202141041,’†‹–€ŒSº˜a’¬ã‰Í“Œ,1322-5,,
19384-0900-27.zip,202202141041,’†‹–€ŒSº˜a’¬ã‰Í“Œ,1323-1,,
19384-0900-27.zip,202202141041,’†‹–€ŒSº˜a’¬ã‰Í“Œ,1323-2,,
19384-0900-27.zip,202202141041,’†‹–€ŒSº˜a’¬ã‰Í“Œ,1323-3,,
19384-0900-27.zip,202202141041,’†‹–€ŒSº˜a’¬ã‰Í“Œ,1324-1,,
19384-0900-27.zip,202202141041,’†‹–€ŒSº˜a’¬ã‰Í“Œ,1324-2,,
19384-0900-27.zip,202202141041,’†‹–€ŒSº˜a’¬ã‰Í“Œ,1324-3,,
19384-0900-27.zip,202202141041,’†‹–€ŒSº˜a’¬ã‰Í“Œ,1324-4,,
19384-0900-27.zip,202202141041,’†‹–€ŒSº˜a’¬ã‰Í“Œ,1324-5,,
19384-0900-27.zip,202202141041,’†‹–€ŒSº˜a’¬ã‰Í“Œ,1324-6,,
19384-0900-27.zip,202202141041,’†‹–€ŒSº˜a’¬ã‰Í“Œ,1324-7,,
19384-0900-27.zip,202202141041,’†‹–€ŒSº˜a’¬ã‰Í“Œ,1324-8,,
19384-0900-27.zip,202202141041,’†‹–€ŒSº˜a’¬ã‰Í“Œ,1324-9,,
19384-0900-27.zip,202202141041,’†‹–€ŒSº˜a’¬ã‰Í“Œ,1324-10,,
19384-0900-27.zip,202202141041,’†‹–€ŒSº˜a’¬ã‰Í“Œ,1324-11,,
19384-0900-27.zip,202202141041,’†‹–€ŒSº˜a’¬ã‰Í“Œ,1324-12,,
19384-0900-27.zip,202202141041,’†‹–€ŒSº˜a’¬ã‰Í“Œ,1324-13,,
19384-0900-27.zip,202202141041,’†‹–€ŒSº˜a’¬ã‰Í“Œ,1324-14,,
19384-0900-27.zip,202202141041,’†‹–€ŒSº˜a’¬ã‰Í“Œ,1324-15,,
19384-0900-27.zip,202202141041,’†‹–€ŒSº˜a’¬ã‰Í“Œ,1324-16,,
19384-0900-27.zip,202202141041,’†‹–€ŒSº˜a’¬ã‰Í“Œ,1324-17,,
19384-0900-27.zip,202202141041,’†‹–€ŒSº˜a’¬ã‰Í“Œ,1324-18,,
19384-0900-27.zip,202202141041,’†‹–€ŒSº˜a’¬ã‰Í“Œ,1325-1,,
19384-0900-27.zip,202202141041,’†‹–€ŒSº˜a’¬ã‰Í“Œ,1325-2,,
19384-0900-27.zip,202202141041,’†‹–€ŒSº˜a’¬ã‰Í“Œ,1325-3,,
19384-0900-27.zip,202202141041,’†‹–€ŒSº˜a’¬ã‰Í“Œ,1325-4,,
19384-0900-27.zip,202202141041,’†‹–€ŒSº˜a’¬ã‰Í“Œ,1325-5,,
19384-0900-27.zip,202202141041,’†‹–€ŒSº˜a’¬ã‰Í“Œ,1325-6,,
19384-0900-27.zip,202202141041,’†‹–€ŒSº˜a’¬ã‰Í“Œ,1325-7,,
19384-0900-27.zip,202202141041,’†‹–€ŒSº˜a’¬ã‰Í“Œ,1325-8,,
19384-0900-27.zip,202202141041,’†‹–€ŒSº˜a’¬ã‰Í“Œ,1325-9,,
19384-0900-27.zip,202202141041,’†‹–€ŒSº˜a’¬ã‰Í“Œ,1325-10,,
19384-0900-27.zip,202202141041,’†‹–€ŒSº˜a’¬ã‰Í“Œ,1326,,
19384-0900-27.zip,202202141041,’†‹–€ŒSº˜a’¬ã‰Í“Œ,1328,,
19384-0900-27.zip,202202141041,’†‹–€ŒSº˜a’¬ã‰Í“Œ,1329,,
19384-0900-27.zip,202202141041,’†‹–€ŒSº˜a’¬ã‰Í“Œ,1330,,
19384-0900-27.zip,202202141041,’†‹–€ŒSº˜a’¬ã‰Í“Œ,1332,,
19384-0900-27.zip,202202141041,’†‹–€ŒSº˜a’¬ã‰Í“Œ,1333,,
19384-0900-27.zip,202202141041,’†‹–€ŒSº˜a’¬ã‰Í“Œ,1334,,
19384-0900-27.zip,202202141041,’†‹–€ŒSº˜a’¬ã‰Í“Œ,1337,,
19384-0900-27.zip,202202141041,’†‹–€ŒSº˜a’¬ã‰Í“Œ,1341,,
19384-0900-27.zip,202202141041,’†‹–€ŒSº˜a’¬ã‰Í“Œ,1342,,
19384-0900-27.zip,202202141041,’†‹–€ŒSº˜a’¬ã‰Í“Œ,1343,,
19384-0900-27.zip,202202141041,’†‹–€ŒSº˜a’¬ã‰Í“Œ,1344,,
19384-0900-27.zip,202202141041,’†‹–€ŒSº˜a’¬ã‰Í“Œ,1345,,
19384-0900-27.zip,202202141041,’†‹–€ŒSº˜a’¬ã‰Í“Œ,1346,,
19384-0900-27.zip,202202141041,’†‹–€ŒSº˜a’¬ã‰Í“Œ,1347,,
19384-0900-27.zip,202202141041,’†‹–€ŒSº˜a’¬ã‰Í“Œ,1348,,
19384-0900-27.zip,202202141041,’†‹–€ŒSº˜a’¬ã‰Í“Œ,1349,,
19384-0900-27.zip,202202141041,’†‹–€ŒSº˜a’¬ã‰Í“Œ,1350,,
19384-0900-27.zip,202202141041,’†‹–€ŒSº˜a’¬ã‰Í“Œ,1351,,
19384-0900-27.zip,202202141041,’†‹–€ŒSº˜a’¬ã‰Í“Œ,1352,,
19384-0900-27.zip,202202141041,’†‹–€ŒSº˜a’¬ã‰Í“Œ,1314-8,,
19384-0900-27.zip,202202141041,’†‹–€ŒSº˜a’¬ã‰Í“Œ,1314-2,,
19384-0900-27.zip,202202141041,’†‹–€ŒSº˜a’¬ã‰Í“Œ,1314-1,,
19384-0900-27.zip,202202141041,’†‹–€ŒSº˜a’¬‰Í¼,1639-9,,
19384-0900-27.zip,202202141041,’†‹–€ŒSº˜a’¬‰Í¼,1639-14,,
19384-0900-27.zip,202202141041,’†‹–€ŒSº˜a’¬‰Í¼,1622-5,,
19384-0900-27.zip,202202141041,’†‹–€ŒSº˜a’¬‰Í¼,1622-13,,
19384-0900-27.zip,202202141041,’†‹–€ŒSº˜a’¬‰Í¼,1628-3,,
19384-0900-27.zip,202202141041,’†‹–€ŒSº˜a’¬‰Í¼,1628-8,,
19384-0900-27.zip,202202141041,’†‹–€ŒSº˜a’¬‰Í¼,1677,,
19384-0900-27.zip,202202141041,’†‹–€ŒSº˜a’¬‰Í¼,1628-5,,
19384-0900-27.zip,202202141041,’†‹–€ŒSº˜a’¬”Ñ‹ò,1553-17,,
19384-0900-27.zip,202202141041,’†‹–€ŒSº˜a’¬”Ñ‹ò,1553-1,,
19384-0900-27.zip,202202141041,’†‹–€ŒSº˜a’¬ã‰Í“Œ,1307-1,,
19384-0900-27.zip,202202141041,’†‹–€ŒSº˜a’¬ã‰Í“Œ,1307-12,,
19384-0900-27.zip,202202141041,’†‹–€ŒSº˜a’¬ã‰Í“Œ,1307-11,,
19384-0900-27.zip,202202141041,’†‹–€ŒSº˜a’¬”Ñ‹ò,1553-6,,
19384-0900-27.zip,202202141041,’†‹–€ŒSº˜a’¬”Ñ‹ò,1553-18,,
19384-0900-27.zip,202202141041,’†‹–€ŒSº˜a’¬”Ñ‹ò,1553-13,,
19384-0900-27.zip,202202141041,’†‹–€ŒSº˜a’¬”Ñ‹ò,1553-19,,
19384-0900-27.zip,202202141041,’†‹–€ŒSº˜a’¬ã‰Í“Œ,1304-8,,
19384-0900-27.zip,202202141041,’†‹–€ŒSº˜a’¬ã‰Í“Œ,1304-18,,
19384-0900-27.zip,202202141041,’†‹–€ŒSº˜a’¬ã‰Í“Œ,1304-17,,
19384-0900-27.zip,202202141041,’†‹–€ŒSº˜a’¬ã‰Í“Œ,1327,,
19384-0900-27.zip,202202141041,’†‹–€ŒSº˜a’¬ã‰Í“Œ,1304-16,,
19384-0900-27.zip,202202141041,’†‹–€ŒSº˜a’¬ã‰Í“Œ,1312-12,,
19384-0900-27.zip,202202141041,’†‹–€ŒSº˜a’¬ã‰Í“Œ,1312-11,,
19384-0900-27.zip,202202141041,’†‹–€ŒSº˜a’¬ã‰Í“Œ,1312-5,,
19384-0900-27.zip,202202141041,’†‹–€ŒSº˜a’¬ã‰Í“Œ,1312-4,,
19384-0900-27.zip,202202141041,’†‹–€ŒSº˜a’¬ã‰Í“Œ,1312-7,,
19384-0900-27.zip,202202141041,’†‹–€ŒSº˜a’¬ã‰Í“Œ,1312-13,,
19384-0900-27.zip,202202141041,’†‹–€ŒSº˜a’¬ã‰Í“Œ,1340,,
19384-0900-27.zip,202202141041,’†‹–€ŒSº˜a’¬‰Í¼,1629-13,,
19384-0900-27.zip,202202141041,’†‹–€ŒSº˜a’¬‰Í¼,1629-21,,
19384-0900-27.zip,202202141041,’†‹–€ŒSº˜a’¬‰Í¼,1676,,
19384-0900-27.zip,202202141041,’†‹–€ŒSº˜a’¬‰Í¼,1615-8,,
19384-0900-27.zip,202202141041,’†‹–€ŒSº˜a’¬‰Í¼,1615-1,,
19384-0900-27.zip,202202141041,’†‹–€ŒSº˜a’¬‰Í¼,1615-9,,
19384-0900-27.zip,202202141041,’†‹–€ŒSº˜a’¬‰Í¼,1615-10,,
19384-0900-27.zip,202202141041,’†‹–€ŒSº˜a’¬‰Í¼,1615-7,,
19384-0900-27.zip,202202141041,’†‹–€ŒSº˜a’¬‰Í¼,1615-5,,
19384-0900-27.zip,202202141041,’†‹–€ŒSº˜a’¬‰Í¼,1615-2,,
19384-0900-27.zip,202202141041,’†‹–€ŒSº˜a’¬‰Í¼,1656,,
19384-0900-27.zip,202202141041,’†‹–€ŒSº˜a’¬”Ñ‹ò,1527-7,,
19384-0900-27.zip,202202141041,’†‹–€ŒSº˜a’¬”Ñ‹ò,1527-6,,
19384-0900-27.zip,202202141041,’†‹–€ŒSº˜a’¬”Ñ‹ò,1592,,
19384-0900-27.zip,202202141041,’†‹–€ŒSº˜a’¬”Ñ‹ò,1527-2,,
19384-0900-27.zip,202202141041,’†‹–€ŒSº˜a’¬‰Í¼,1611-14,,
19384-0900-27.zip,202202141041,’†‹–€ŒSº˜a’¬‰Í¼,1611-6,,
19384-0900-27.zip,202202141041,’†‹–€ŒSº˜a’¬‰Í¼,1611-8,,
19384-0900-27.zip,202202141041,’†‹–€ŒSº˜a’¬ã‰Í“Œ,1304-19,,
19384-0900-27.zip,202202141041,’†‹–€ŒSº˜a’¬ã‰Í“Œ,1304-15,,
19384-0900-27.zip,202202141041,’†‹–€ŒSº˜a’¬ã‰Í“Œ,1304-11,,
19384-0900-27.zip,202202141041,’†‹–€ŒSº˜a’¬”Ñ‹ò,1554-10,,
19384-0900-27.zip,202202141041,’†‹–€ŒSº˜a’¬”Ñ‹ò,1554-5,,
19384-0900-27.zip,202202141041,’†‹–€ŒSº˜a’¬”Ñ‹ò,1620,,
19384-0900-27.zip,202202141041,’†‹–€ŒSº˜a’¬”Ñ‹ò,1554-4,,
19384-0900-27.zip,202202141041,’†‹–€ŒSº˜a’¬ã‰Í“Œ,1313-10,,
19384-0900-27.zip,202202141041,’†‹–€ŒSº˜a’¬ã‰Í“Œ,1313-1,,
19384-0900-27.zip,202202141041,’†‹–€ŒSº˜a’¬ã‰Í“Œ,1339,,
19384-0900-27.zip,202202141041,’†‹–€ŒSº˜a’¬ã‰Í“Œ,1338,,
19384-0900-27.zip,202202141041,’†‹–€ŒSº˜a’¬‰Í¼,1683,,
19384-0900-27.zip,202202141041,’†‹–€ŒSº˜a’¬‰Í¼,1639-8,,
19384-0900-27.zip,202202141041,’†‹–€ŒSº˜a’¬‰Í¼,1639-17,,
19384-0900-27.zip,202202141041,’†‹–€ŒSº˜a’¬‰Í¼,1698,,
19384-0900-27.zip,202202141041,’†‹–€ŒSº˜a’¬‰Í¼,1639-16,,
19384-0900-27.zip,202202141041,’†‹–€ŒSº˜a’¬‰Í¼,1619-7,,
19384-0900-27.zip,202202141041,’†‹–€ŒSº˜a’¬‰Í¼,1619-6,,
19384-0900-27.zip,202202141041,’†‹–€ŒSº˜a’¬‰Í¼,1619-5,,
19384-0900-27.zip,202202141041,’†‹–€ŒSº˜a’¬‰Í¼,1619-1,,
19384-0900-27.zip,202202141041,’†‹–€ŒSº˜a’¬‰Í¼,1619-3,,
19384-0900-27.zip,202202141041,’†‹–€ŒSº˜a’¬”Ñ‹ò,1516-14,,
19384-0900-27.zip,202202141041,’†‹–€ŒSº˜a’¬”Ñ‹ò,1516-10,,
19384-0900-27.zip,202202141041,’†‹–€ŒSº˜a’¬”Ñ‹ò,1574,,
19384-0900-27.zip,202202141041,’†‹–€ŒSº˜a’¬”Ñ‹ò,1516-6,,
19384-0900-27.zip,202202141041,’†‹–€ŒSº˜a’¬ã‰Í“Œ,1308-10,,
19384-0900-27.zip,202202141041,’†‹–€ŒSº˜a’¬ã‰Í“Œ,1308-3,,
19384-0900-27.zip,202202141041,’†‹–€ŒSº˜a’¬ã‰Í“Œ,1308-8,,
19384-0900-27.zip,202202141041,’†‹–€ŒSº˜a’¬ã‰Í“Œ,1308-9,,
19384-0900-27.zip,202202141041,’†‹–€ŒSº˜a’¬ã‰Í“Œ,1308-11,,
19384-0900-27.zip,202202141041,’†‹–€ŒSº˜a’¬ã‰Í“Œ,1308-12,,
19384-0900-27.zip,202202141041,’†‹–€ŒSº˜a’¬ã‰Í“Œ,1331,,
19384-0900-27.zip,202202141041,’†‹–€ŒSº˜a’¬ã‰Í“Œ,1335,,
19384-0900-27.zip,202202141041,’†‹–€ŒSº˜a’¬ã‰Í“Œ,1336,,
19384-0900-27.zip,202202141041,’†‹–€ŒSº˜a’¬ã‰Í“Œ,1308-5,,
19384-0900-27.zip,202202141041,’†‹–€ŒSº˜a’¬‰Í¼,1630-5,,
19384-0900-27.zip,202202141041,’†‹–€ŒSº˜a’¬‰Í¼,1630-9,,
19384-0900-27.zip,202202141041,’†‹–€ŒSº˜a’¬‰Í¼,1630-8,,
19384-0900-27.zip,202202141041,’†‹–€ŒSº˜a’¬‰Í¼,1679,,
19384-0900-27.zip,202202141041,’†‹–€ŒSº˜a’¬‰Í¼,1630-7,,
19384-0900-27.zip,202202141041,’†‹–€ŒSº˜a’¬‰Í¼,1630-10,,
19384-0900-27.zip,202202141041,’†‹–€ŒSº˜a’¬‰Í¼,1630-13,,
19384-0900-27.zip,202202141041,’†‹–€ŒSº˜a’¬‰Í¼,1630-12,,
19384-0900-27.zip,202202141041,’†‹–€ŒSº˜a’¬‰Í¼,1630-11,,
19384-0900-27.zip,202202141041,’†‹–€ŒSº˜a’¬‰Í¼,1681,,
19384-0900-27.zip,202202141041,’†‹–€ŒSº˜a’¬‰Í¼,1630-3,,
19384-0900-27.zip,202202141041,’†‹–€ŒSº˜a’¬‰Í¼,1612-12,,
19384-0900-27.zip,202202141041,’†‹–€ŒSº˜a’¬‰Í¼,1612-4,,
19384-0900-27.zip,202202141041,’†‹–€ŒSº˜a’¬‰Í¼,1612-9,,
19384-0900-27.zip,202202141041,’†‹–€ŒSº˜a’¬‰Í¼,1612-10,,
19384-0900-27.zip,202202141041,’†‹–€ŒSº˜a’¬‰Í¼,1612-11,,
19384-0900-27.zip,202202141041,’†‹–€ŒSº˜a’¬‰Í¼,1661,,
19384-0900-27.zip,202202141041,’†‹–€ŒSº˜a’¬‰Í¼,1653,,
19384-0900-27.zip,202202141041,’†‹–€ŒSº˜a’¬‰Í¼,1663,,
